# X   Y   E
165
25.5 0 0
26.5 18.4212 0.487448
27.5 15.7223 0.487652
28.5 16.4262 0.484425
29.5 13.3623 0.468617
30.5 16.2307 0.477574
31.5 31.935 0.530686
32.5 41.5851 0.558082
33.5 15.617 0.457266
34.5 18.5043 0.463927
35.5 27.3722 0.495437
36.5 35.1194 0.520829
37.5 17.1278 0.448645
38.5 14.271 0.433898
39.5 13.2036 0.426213
40.5 11.2579 0.415444
41.5 11.4879 0.414572
42.5 9.45081 0.402117
43.5 10.6323 0.405075
44.5 14.3332 0.419766
45.5 10.4361 0.401975
46.5 9.82563 0.396171
47.5 10.966 0.397324
48.5 12.6617 0.399113
49.5 12.6549 0.394113
50.5 10.6949 0.380827
51.5 12.1226 0.382229
52.5 20.9836 0.420771
53.5 11.2158 0.372644
54.5 9.29223 0.360516
55.5 8.00841 0.351384
56.5 7.98816 0.34793
57.5 11.6054 0.365927
58.5 12.39 0.366825
59.5 9.25202 0.349796
60.5 9.05743 0.347411
61.5 7.96842 0.339037
62.5 8.62536 0.342055
63.5 11.1009 0.352505
64.5 29.64 0.439465
65.5 13.6405 0.363731
66.5 21.1907 0.398741
67.5 43.2726 0.490405
68.5 150.806 0.803379
69.5 37.2129 0.465338
70.5 11.6733 0.345352
71.5 10.8355 0.339347
72.5 8.33754 0.322919
73.5 7.61686 0.317685
74.5 6.79762 0.312269
75.5 7.04092 0.311331
76.5 7.57568 0.314526
77.5 10.0298 0.329004
78.5 7.56975 0.312093
79.5 7.68716 0.311067
80.5 9.44938 0.321549
81.5 7.35852 0.306911
82.5 7.96985 0.311024
83.5 7.123 0.304422
84.5 6.84646 0.300468
85.5 6.97812 0.299353
86.5 10.7535 0.321593
87.5 11.4283 0.323229
88.5 7.96789 0.300549
89.5 8.1704 0.298943
90.5 7.83569 0.297393
91.5 9.10823 0.303294
92.5 10.1949 0.308785
93.5 7.42735 0.289445
94.5 6.21663 0.280021
95.5 5.62556 0.276014
96.5 5.51236 0.273883
97.5 6.1671 0.275233
98.5 6.07582 0.27502
99.5 5.88078 0.272348
100.5 5.30668 0.267956
101.5 5.22085 0.266729
102.5 6.26518 0.272404
103.5 7.39135 0.277969
104.5 7.05348 0.275529
105.5 7.51148 0.277732
106.5 11.3765 0.302286
107.5 12.5458 0.308942
108.5 78.8714 0.587252
109.5 21.9264 0.360592
110.5 10.4212 0.293385
111.5 5.89338 0.261924
112.5 5.20117 0.255984
113.5 5.07794 0.255345
114.5 5.15927 0.25464
115.5 5.23965 0.253326
116.5 4.93945 0.251866
117.5 7.49626 0.269201
118.5 6.02383 0.259197
119.5 5.15013 0.251601
120.5 4.4892 0.245916
121.5 3.95936 0.241732
122.5 4.50812 0.243348
123.5 4.97128 0.246714
124.5 4.68732 0.244332
125.5 4.73687 0.24371
126.5 4.26932 0.239597
127.5 5.31007 0.246453
128.5 4.61582 0.241818
129.5 4.57906 0.24139
130.5 4.99113 0.243565
131.5 4.64135 0.240407
132.5 4.62284 0.239334
133.5 4.98304 0.241441
134.5 7.33132 0.258086
135.5 7.90466 0.261921
136.5 5.71542 0.245268
137.5 6.57267 0.250696
138.5 6.27685 0.249042
139.5 7.32154 0.256697
140.5 5.81496 0.244447
141.5 6.12986 0.24577
142.5 7.83332 0.258385
143.5 10.1117 0.273519
144.5 8.83305 0.264368
145.5 7.18149 0.252221
146.5 9.24373 0.266783
147.5 7.02552 0.249598
148.5 6.53177 0.245491
149.5 6.30496 0.242609
150.5 8.58549 0.260117
151.5 5.48816 0.236926
152.5 5.78735 0.238251
153.5 6.35978 0.243037
154.5 6.47066 0.242821
155.5 8.94975 0.260644
156.5 33.5134 0.399827
157.5 8.34845 0.255234
158.5 5.84658 0.235265
159.5 4.6189 0.22522
160.5 5.96822 0.236797
161.5 7.70448 0.248721
162.5 4.84413 0.225879
163.5 4.57483 0.22437
164.5 4.05566 0.218094
165.5 4.81294 0.22387
166.5 4.07925 0.217878
167.5 4.80629 0.224567
168.5 5.49198 0.229052
169.5 8.67212 0.254232
170.5 5.48942 0.228523
171.5 6.14224 0.232587
172.5 4.84516 0.22303
173.5 5.74818 0.229391
174.5 6.37757 0.233851
175.5 4.31742 0.216688
176.5 4.21484 0.215768
177.5 3.50871 0.209688
178.5 4.0356 0.21237
179.5 4.10378 0.212497
180.5 4.17079 0.213592
181.5 4.07062 0.211698
182.5 4.01605 0.21068
183.5 4.28892 0.213388
184.5 3.95412 0.210954
185.5 4.09101 0.210877
186.5 4.20227 0.212037
187.5 4.05863 0.209606
188.5 5.0762 0.21925
189.5 4.39245 0.212464
190.5 4.0361 0.208586
191.5 4.90488 0.216685
192.5 5.39197 0.220415
193.5 3.97575 0.209004
194.5 3.39029 0.202047
195.5 4.19071 0.208731
196.5 3.50853 0.202032
197.5 3.55169 0.202321
198.5 3.87988 0.204324
199.5 3.95216 0.205547
200.5 3.34677 0.199911
201.5 3.81938 0.203862
202.5 3.77746 0.203414
203.5 3.57486 0.200744
204.5 3.74265 0.203168
205.5 4.08587 0.2071
206.5 4.12835 0.205573
207.5 4.10959 0.204568
208.5 4.79396 0.210116
209.5 7.20517 0.231829
210.5 4.36438 0.20603
211.5 4.16996 0.202904
212.5 3.51627 0.197672
213.5 3.75841 0.200179
214.5 3.36221 0.19509
215.5 3.65785 0.197802
216.5 3.18803 0.193598
217.5 3.88388 0.199014
218.5 3.60611 0.197175
219.5 3.59381 0.196491
220.5 3.92321 0.199476
221.5 3.87902 0.199754
222.5 3.93317 0.198754
223.5 3.9397 0.198309
224.5 3.77241 0.196514
225.5 4.58825 0.204977
226.5 3.56313 0.195235
227.5 3.81233 0.196967
228.5 3.96717 0.197887
229.5 4.82603 0.206105
230.5 4.80954 0.204967
231.5 4.80976 0.203788
232.5 4.85245 0.20545
233.5 4.56938 0.202477
234.5 4.03608 0.197119
235.5 4.70936 0.203526
236.5 5.19442 0.206396
237.5 5.53722 0.209829
238.5 6.32049 0.216495
239.5 9.91505 0.245491
240.5 14.6544 0.280172
241.5 9.18404 0.239765
242.5 5.80026 0.211386
243.5 7.99664 0.23015
244.5 6.53209 0.217671
245.5 4.38206 0.198604
246.5 4.22323 0.196635
247.5 3.54618 0.189773
248.5 3.47872 0.189386
249.5 3.57779 0.189684
250.5 3.44238 0.188823
251.5 3.71671 0.190222
252.5 3.58965 0.188147
253.5 3.22544 0.185221
254.5 3.75572 0.190435
255.5 3.82999 0.191136
256.5 3.8939 0.19066
257.5 4.27375 0.194193
258.5 3.69724 0.18938
259.5 4.51229 0.195618
260.5 4.58201 0.197009
261.5 4.45535 0.195241
262.5 4.33093 0.193076
263.5 6.41829 0.212632
264.5 14.3432 0.273994
265.5 12.0301 0.257035
266.5 4.92914 0.19878
267.5 3.77961 0.186026
268.5 3.42111 0.182807
269.5 3.18629 0.180872
270.5 2.88818 0.177663
271.5 3.45625 0.183227
272.5 3.15963 0.180118
273.5 2.9722 0.178354
274.5 3.13647 0.178629
275.5 3.1342 0.179449
276.5 3.20941 0.180252
277.5 2.99305 0.176872
278.5 3.28115 0.180711
279.5 3.08567 0.177659
280.5 3.00017 0.176831
281.5 3.04487 0.177677
282.5 2.89839 0.174928
283.5 3.23017 0.178149
284.5 3.13923 0.17675
285.5 2.98304 0.176352
286.5 2.92464 0.174359
287.5 3.17931 0.177802
288.5 2.88415 0.174672
289.5 3.08496 0.176299
290.5 2.885 0.173051
291.5 3.00068 0.175693
292.5 3.0483 0.17486
293.5 3.00869 0.174163
294.5 3.17675 0.17543
295.5 3.43514 0.17824
296.5 3.38054 0.178249
297.5 3.55508 0.18014
298.5 4.26465 0.185666
299.5 4.12468 0.184515
300.5 3.68063 0.180607
301.5 3.97315 0.182486
302.5 6.32915 0.205694
303.5 7.57493 0.217024
304.5 4.99981 0.19353
305.5 3.87226 0.182758
306.5 3.10505 0.173229
307.5 2.91246 0.171324
308.5 2.74685 0.168807
309.5 2.88473 0.170862
310.5 2.97307 0.170083
311.5 2.91212 0.170055
312.5 3.10954 0.171541
313.5 2.86962 0.170649
314.5 3.08603 0.171784
315.5 2.84223 0.168506
316.5 2.89383 0.168372
317.5 2.92555 0.169714
318.5 2.69131 0.166834
319.5 3.00254 0.170098
320.5 2.55538 0.166345
321.5 2.8077 0.167887
322.5 2.88504 0.16821
323.5 3.13363 0.169677
324.5 2.93452 0.168112
325.5 2.8845 0.167064
326.5 3.02254 0.169219
327.5 2.93085 0.168601
328.5 3.06097 0.169684
329.5 2.99257 0.168338
330.5 2.82071 0.166488
331.5 3.14834 0.169764
332.5 2.8286 0.166719
333.5 3.02428 0.168623
334.5 2.9556 0.167091
335.5 3.07217 0.168641
336.5 2.88883 0.167316
337.5 3.05718 0.168167
338.5 3.27082 0.170376
339.5 3.15003 0.170382
340.5 3.48465 0.172211
341.5 3.09479 0.168523
342.5 2.86413 0.166025
343.5 2.9688 0.166907
344.5 3.43654 0.17276
345.5 3.41239 0.172548
346.5 3.83493 0.17573
347.5 3.74461 0.1749
348.5 3.93326 0.176252
349.5 4.60076 0.183605
350.5 4.39212 0.181549
351.5 4.53134 0.182661
352.5 4.80103 0.186117
353.5 5.41742 0.190429
354.5 7.43529 0.210169
355.5 13.5649 0.258627
356.5 21.3921 0.311035
357.5 19.0382 0.296032
358.5 10.007 0.231848
359.5 5.63255 0.19238
360.5 4.15572 0.177098
361.5 3.67768 0.171663
362.5 3.05138 0.165335
363.5 2.78955 0.161538
364.5 2.82599 0.16186
365.5 3.52145 0.169233
366.5 3.02789 0.164207
367.5 2.79723 0.160752
368.5 2.86278 0.161378
369.5 3.14594 0.164552
370.5 3.03164 0.163672
371.5 3.13448 0.164126
372.5 3.16571 0.164683
373.5 3.22478 0.164945
374.5 3.1853 0.164518
375.5 3.20717 0.164185
376.5 3.2677 0.164527
377.5 3.15668 0.163444
378.5 3.20354 0.164668
379.5 3.07234 0.162374
380.5 2.85362 0.15867
381.5 2.9395 0.160708
382.5 2.9238 0.159975
383.5 2.62071 0.156104
384.5 2.59408 0.156671
385.5 2.4011 0.153718
386.5 2.72845 0.157072
387.5 2.35871 0.153477
388.5 2.68707 0.155656
389.5 2.43563 0.154394
390.5 2.70796 0.157004
391.5 2.55126 0.154695
392.5 2.75923 0.157379
393.5 2.54513 0.154408
394.5 2.74553 0.156644
395.5 2.81827 0.156757
396.5 2.52041 0.153714
397.5 2.58948 0.154521
398.5 2.69801 0.155166
399.5 2.88002 0.157905
400.5 2.84161 0.157096
401.5 2.93288 0.157777
402.5 2.90251 0.157831
403.5 3.02123 0.158444
404.5 2.77111 0.157272
405.5 3.08916 0.16006
406.5 3.37512 0.161704
407.5 3.42511 0.163749
408.5 3.01627 0.158059
409.5 3.50274 0.16469
410.5 3.47336 0.162821
411.5 3.34311 0.163143
412.5 3.61142 0.164226
413.5 3.8745 0.166763
414.5 3.80447 0.16675
415.5 3.69727 0.166993
416.5 4.13331 0.171241
417.5 4.71791 0.176491
418.5 6.77349 0.197232
419.5 10.0498 0.22643
420.5 12.7141 0.247457
421.5 12.2934 0.244142
422.5 8.73215 0.21453
423.5 5.85104 0.187989
424.5 4.17809 0.17055
425.5 3.40785 0.1624
426.5 3.33691 0.160459
427.5 2.91796 0.15533
428.5 2.79035 0.15379
429.5 2.63871 0.152029
430.5 2.53522 0.149995
431.5 2.73226 0.151608
432.5 2.42671 0.148838
433.5 2.70574 0.152067
434.5 2.42293 0.148553
435.5 2.53129 0.149061
436.5 2.42766 0.149145
437.5 2.46532 0.147999
438.5 2.70157 0.151092
439.5 2.48401 0.148293
440.5 2.53545 0.148051
441.5 2.42893 0.148268
442.5 2.67681 0.150004
443.5 2.63802 0.149153
444.5 2.41386 0.146792
445.5 2.34299 0.146335
446.5 2.69245 0.150336
447.5 2.71931 0.15052
448.5 2.39661 0.146103
449.5 2.72094 0.151325
450.5 2.70212 0.14974
451.5 2.76299 0.150763
452.5 2.38389 0.146756
453.5 2.63679 0.147842
454.5 2.35916 0.145785
455.5 2.25306 0.144007
456.5 2.41097 0.144885
457.5 2.43342 0.145234
458.5 2.43703 0.145841
459.5 2.28444 0.142491
460.5 2.30384 0.14389
461.5 2.36519 0.144991
462.5 2.44551 0.144856
463.5 2.25584 0.142755
464.5 2.51306 0.145733
465.5 2.33379 0.142774
466.5 2.28016 0.143011
467.5 2.40627 0.143768
468.5 2.17917 0.141648
469.5 2.25116 0.141104
470.5 2.37133 0.143307
471.5 2.13826 0.140365
472.5 2.27573 0.14226
473.5 2.28384 0.141672
474.5 2.20945 0.140185
475.5 2.48957 0.143286
476.5 2.12603 0.139712
477.5 2.17749 0.140981
478.5 2.64496 0.145946
479.5 2.21564 0.141155
480.5 2.16887 0.139937
481.5 2.17317 0.139657
482.5 2.39601 0.14307
483.5 2.27575 0.140902
484.5 2.21441 0.140619
485.5 2.37082 0.142702
486.5 2.35684 0.142102
487.5 2.342 0.141386
488.5 2.05055 0.138539
489.5 1.99684 0.137529
490.5 2.06694 0.13786
491.5 2.26304 0.140812
492.5 2.21734 0.140034
493.5 2.31386 0.140249
494.5 2.26972 0.140452
495.5 2.09934 0.137971
496.5 2.17712 0.138677
497.5 2.23891 0.140378
498.5 2.34599 0.140994
499.5 2.04303 0.136527
500.5 2.25007 0.139737
501.5 2.21771 0.13918
502.5 2.35616 0.140724
503.5 2.22826 0.139761
504.5 2.0787 0.137009
505.5 2.15522 0.137446
506.5 2.08656 0.136696
507.5 1.96731 0.136323
508.5 2.31298 0.139204
509.5 2.12665 0.136396
510.5 2.19154 0.138745
511.5 1.80832 0.132706
512.5 2.02609 0.134845
513.5 2.15688 0.137008
514.5 1.99532 0.134566
515.5 2.10998 0.13643
516.5 1.90952 0.134683
517.5 2.26407 0.137068
518.5 2.0775 0.1353
519.5 1.92817 0.133514
520.5 2.24709 0.138204
521.5 2.10718 0.136098
522.5 2.06115 0.135714
523.5 1.85193 0.13239
524.5 1.96836 0.133876
525.5 2.21801 0.136528
526.5 2.05616 0.134923
527.5 2.18792 0.136371
528.5 2.03591 0.1342
529.5 2.04054 0.133564
530.5 2.12616 0.13566
531.5 2.32583 0.138457
532.5 2.1669 0.135577
533.5 2.01418 0.133294
534.5 2.26873 0.135907
535.5 2.1131 0.135207
536.5 1.87793 0.132478
537.5 2.0019 0.132177
538.5 2.09495 0.134803
539.5 1.87984 0.13118
540.5 2.0065 0.132003
541.5 1.95581 0.131905
542.5 1.94697 0.13262
543.5 1.79197 0.129769
544.5 1.85727 0.130669
545.5 2.15077 0.134648
546.5 2.19171 0.134201
547.5 1.85944 0.130416
548.5 2.26514 0.135775
549.5 1.87631 0.130006
550.5 1.82768 0.130442
551.5 1.8606 0.129747
552.5 2.20913 0.134427
553.5 2.09711 0.132775
554.5 2.15917 0.133621
555.5 1.98693 0.13056
556.5 1.90094 0.129953
557.5 2.08604 0.132512
558.5 2.07035 0.132156
559.5 2.13003 0.133357
560.5 2.03216 0.132257
561.5 1.8454 0.128311
562.5 1.97922 0.131362
563.5 1.84454 0.129573
564.5 2.074 0.132537
565.5 1.91198 0.129135
566.5 1.97575 0.130708
567.5 2.05325 0.131864
568.5 1.95051 0.130243
569.5 2.03864 0.131339
570.5 1.8525 0.129744
571.5 2.1207 0.132153
572.5 1.95603 0.130522
573.5 2.12746 0.132364
574.5 1.88814 0.129437
575.5 2.16699 0.133138
576.5 2.25364 0.133323
577.5 1.96639 0.13023
578.5 2.04543 0.130994
579.5 2.06579 0.130496
580.5 2.10089 0.13201
581.5 1.90055 0.12895
582.5 1.88778 0.128134
583.5 2.07182 0.13098
584.5 1.97478 0.130274
585.5 2.05944 0.130903
586.5 1.98197 0.129633
587.5 1.85966 0.128554
588.5 2.00446 0.13019
589.5 1.77297 0.12632
590.5 1.78013 0.127372
591.5 1.91529 0.128117
592.5 2.26248 0.132877
593.5 2.01068 0.128922
594.5 1.8355 0.127251
595.5 1.75545 0.126701
596.5 1.95123 0.128314
597.5 2.22051 0.130851
598.5 1.83257 0.126489
599.5 2.00675 0.129873
600.5 1.95652 0.127689
601.5 2.15201 0.131264
602.5 2.08664 0.129388
603.5 1.82804 0.125597
604.5 1.98642 0.128047
605.5 1.83854 0.125789
606.5 1.79001 0.12486
607.5 1.8344 0.125928
608.5 2.05006 0.129884
609.5 2.05888 0.128608
610.5 2.01194 0.127823
611.5 2.05273 0.127988
612.5 1.84198 0.126297
613.5 2.16232 0.129623
614.5 1.81068 0.12542
615.5 1.77348 0.125394
616.5 1.7477 0.12404
617.5 1.9215 0.126744
618.5 1.95632 0.127413
619.5 1.95069 0.127277
620.5 1.90617 0.126756
621.5 1.9943 0.127607
622.5 1.97462 0.127861
623.5 2.15149 0.129876
624.5 2.1355 0.130492
625.5 2.07602 0.129076
626.5 2.20211 0.131014
627.5 2.06431 0.12866
628.5 2.07448 0.128364
629.5 2.12586 0.128674
630.5 2.16197 0.129247
631.5 2.02706 0.127917
632.5 2.26683 0.13129
633.5 2.27121 0.130764
634.5 2.31512 0.131208
635.5 1.94179 0.126549
636.5 2.36131 0.131523
637.5 2.43406 0.132559
638.5 2.43313 0.132561
639.5 2.29522 0.130837
640.5 2.68378 0.136433
641.5 2.49698 0.132897
642.5 2.67154 0.135941
643.5 2.62367 0.135819
644.5 2.80413 0.136981
645.5 2.56755 0.134794
646.5 2.79216 0.137931
647.5 2.9975 0.140362
648.5 3.2497 0.143078
649.5 3.52672 0.146752
650.5 3.29444 0.144517
651.5 3.73352 0.149527
652.5 3.81647 0.15033
653.5 3.9526 0.152122
654.5 4.5159 0.159851
655.5 4.92633 0.163402
656.5 5.51665 0.171069
657.5 6.89816 0.185109
658.5 7.46306 0.190843
659.5 8.54864 0.200688
660.5 9.38215 0.208192
661.5 9.65036 0.21072
662.5 9.51179 0.20933
663.5 8.82621 0.203323
664.5 8.34948 0.198482
665.5 7.40275 0.189279
666.5 5.86429 0.174429
667.5 5.26662 0.166831
668.5 4.29431 0.155902
669.5 3.71249 0.148567
670.5 3.30977 0.142677
671.5 2.94394 0.138605
672.5 2.81728 0.136518
673.5 2.58605 0.133342
674.5 2.33455 0.129526
675.5 2.44415 0.130955
676.5 2.21002 0.127795
677.5 2.07874 0.126291
678.5 2.22548 0.127719
679.5 2.51346 0.13151
680.5 1.97302 0.123556
681.5 2.11351 0.126236
682.5 2.0892 0.126032
683.5 2.12746 0.12627
684.5 2.13603 0.125563
685.5 2.10477 0.125135
686.5 1.98572 0.123856
687.5 2.02969 0.123911
688.5 1.92155 0.122793
689.5 2.00145 0.124018
690.5 2.22793 0.127033
691.5 2.23491 0.127422
692.5 2.16688 0.12629
693.5 2.09239 0.12553
694.5 2.04538 0.124573
695.5 2.27289 0.126956
696.5 2.1788 0.125662
697.5 2.45772 0.130988
698.5 2.39232 0.129402
699.5 2.46858 0.130177
700.5 2.54686 0.131316
701.5 2.31827 0.128532
702.5 2.20785 0.127587
703.5 2.32781 0.128743
704.5 2.50647 0.130678
705.5 2.72161 0.133769
706.5 2.59547 0.132793
707.5 2.77783 0.133956
708.5 2.66296 0.132611
709.5 2.55897 0.130794
710.5 2.69011 0.132226
711.5 3.06894 0.138355
712.5 3.30796 0.141652
713.5 3.14126 0.139283
714.5 3.60504 0.144558
715.5 3.66404 0.145955
716.5 3.80831 0.147546
717.5 4.06949 0.151498
718.5 4.50784 0.155973
719.5 4.79808 0.159598
720.5 5.05558 0.16245
721.5 5.14795 0.163406
722.5 5.47823 0.167856
723.5 5.68226 0.16895
724.5 5.24583 0.164001
725.5 5.27332 0.164647
726.5 5.30581 0.164921
727.5 4.88021 0.160386
728.5 4.64304 0.157478
729.5 4.50097 0.15569
730.5 3.89779 0.148329
731.5 3.77678 0.14698
732.5 3.46348 0.142454
733.5 3.08943 0.136956
734.5 3.0907 0.136617
735.5 2.91256 0.134605
736.5 2.63729 0.130545
737.5 2.53135 0.129124
738.5 2.38147 0.12706
739.5 2.37299 0.12678
740.5 2.18405 0.124851
741.5 2.32237 0.126549
742.5 2.17509 0.12376
743.5 1.96185 0.120182
744.5 2.04544 0.122025
745.5 2.00235 0.121211
746.5 1.96746 0.120439
747.5 2.00809 0.120996
748.5 2.02216 0.120673
749.5 2.17751 0.122876
750.5 1.93242 0.11955
751.5 1.95448 0.120379
752.5 1.91293 0.119618
753.5 1.84889 0.11723
754.5 1.8163 0.117307
755.5 1.89822 0.119198
756.5 1.76119 0.116581
757.5 1.89458 0.118569
758.5 1.6264 0.114207
759.5 1.81656 0.116959
760.5 1.82957 0.116697
761.5 1.87744 0.117554
762.5 1.80161 0.116763
763.5 1.70119 0.115182
764.5 1.79206 0.116228
765.5 1.47488 0.112283
766.5 1.60361 0.113953
767.5 1.9676 0.117756
768.5 1.94566 0.119768
769.5 1.87357 0.117448
770.5 1.52439 0.111482
771.5 1.61292 0.113693
772.5 1.74127 0.115555
773.5 1.79291 0.115548
774.5 1.79993 0.116163
775.5 1.72362 0.113231
776.5 1.56302 0.112282
777.5 1.61697 0.113277
778.5 1.75072 0.116047
779.5 1.74849 0.115021
780.5 1.68986 0.114502
781.5 1.5098 0.110958
782.5 1.81224 0.116389
783.5 1.83183 0.116366
784.5 1.67002 0.112883
785.5 1.74975 0.116073
786.5 1.83459 0.116266
787.5 1.4205 0.108818
788.5 1.73848 0.114951
789.5 1.62612 0.112896
790.5 1.67901 0.113436
791.5 1.76995 0.115604
792.5 1.58186 0.112476
793.5 1.52998 0.111127
794.5 1.37219 0.108268
795.5 1.57764 0.111931
796.5 1.60047 0.111414
797.5 1.26173 0.106613
798.5 1.56452 0.111625
799.5 1.40697 0.108529
800.5 1.50617 0.110061
801.5 1.56772 0.111907
802.5 1.27376 0.10681
803.5 1.61452 0.110965
804.5 1.59642 0.112054
805.5 1.77301 0.114087
806.5 1.51512 0.110112
807.5 1.67214 0.11283
808.5 1.67393 0.112224
809.5 1.45165 0.10926
810.5 1.46269 0.110146
811.5 1.62769 0.11188
812.5 1.76473 0.11387
813.5 1.72386 0.112462
814.5 1.79476 0.114508
815.5 1.62365 0.11155
816.5 1.57332 0.111116
817.5 1.344 0.10726
818.5 1.58885 0.110882
819.5 1.4348 0.108208
820.5 1.51503 0.109619
821.5 1.52109 0.110392
822.5 1.51485 0.110162
823.5 1.5091 0.109634
824.5 1.62827 0.111442
825.5 1.6365 0.111373
826.5 1.41909 0.107343
827.5 1.61458 0.111038
828.5 1.49334 0.108482
829.5 1.56282 0.109597
830.5 1.54198 0.1096
831.5 1.58848 0.110124
832.5 1.60498 0.11072
833.5 1.61785 0.110956
834.5 1.63169 0.1117
835.5 1.38446 0.106877
836.5 1.59242 0.108553
837.5 1.33686 0.105317
838.5 1.4526 0.108037
839.5 1.68397 0.111643
840.5 1.50181 0.10871
841.5 1.37463 0.106242
842.5 1.6894 0.111167
843.5 1.41966 0.106887
844.5 1.72646 0.113296
845.5 1.5954 0.109415
846.5 1.60056 0.111146
847.5 1.50238 0.108259
848.5 1.82824 0.114237
849.5 1.5818 0.109499
850.5 1.40762 0.10636
851.5 1.32513 0.105502
852.5 1.4357 0.106668
853.5 1.45353 0.106697
854.5 1.42204 0.106678
855.5 1.56947 0.109704
856.5 1.55211 0.108731
857.5 1.55766 0.108941
858.5 1.41829 0.106713
859.5 1.41789 0.107069
860.5 1.35224 0.105841
861.5 1.42316 0.106776
862.5 1.62649 0.109237
863.5 1.64162 0.108901
864.5 1.45235 0.106853
865.5 1.35091 0.104842
866.5 1.59893 0.10896
867.5 1.61035 0.10908
868.5 1.31112 0.103675
869.5 1.35675 0.105675
870.5 1.36098 0.105228
871.5 1.6354 0.109314
872.5 1.53757 0.108169
873.5 1.33744 0.104619
874.5 1.4024 0.105041
875.5 1.35368 0.104498
876.5 1.59878 0.108612
877.5 1.2575 0.102612
878.5 1.38086 0.106378
879.5 1.35749 0.104306
880.5 1.60912 0.108934
881.5 1.48078 0.106499
882.5 1.5238 0.107803
883.5 1.53014 0.107535
884.5 1.53761 0.108144
885.5 1.46594 0.106665
886.5 1.62397 0.109417
887.5 1.31983 0.103991
888.5 1.58333 0.107926
889.5 1.68461 0.11052
890.5 1.48898 0.106783
891.5 1.55366 0.106919
892.5 1.59372 0.10855
893.5 1.34169 0.10484
894.5 1.63046 0.109178
895.5 1.74041 0.108599
896.5 1.66721 0.109258
897.5 1.33327 0.103197
898.5 1.58029 0.107204
899.5 1.45036 0.105711
900.5 1.50506 0.105747
901.5 1.41216 0.104705
902.5 1.37056 0.104324
903.5 1.51601 0.106712
904.5 1.36674 0.103944
905.5 1.44811 0.10448
906.5 1.50172 0.105422
907.5 1.41903 0.10479
908.5 1.50222 0.105908
909.5 1.33015 0.101911
910.5 1.64812 0.107885
911.5 1.6508 0.108379
912.5 1.49232 0.10519
913.5 1.35784 0.102472
914.5 1.55618 0.106506
915.5 1.48298 0.10583
916.5 1.48372 0.105264
917.5 1.46641 0.105026
918.5 1.46365 0.104335
919.5 1.40277 0.103324
920.5 1.47241 0.104623
921.5 1.50801 0.105071
922.5 1.48252 0.104984
923.5 1.36509 0.10232
924.5 1.44436 0.104179
925.5 1.43219 0.103376
926.5 1.50264 0.105651
927.5 1.40486 0.103633
928.5 1.36811 0.101808
929.5 1.53169 0.105472
930.5 1.37691 0.103237
931.5 1.36712 0.102314
932.5 1.32899 0.101941
933.5 1.63948 0.107202
934.5 1.52665 0.104375
935.5 1.34054 0.10175
936.5 1.30112 0.101137
937.5 1.26738 0.100424
938.5 1.40692 0.103261
939.5 1.4939 0.104902
940.5 1.34816 0.101596
941.5 1.47386 0.104748
942.5 1.45863 0.103672
943.5 1.29206 0.100679
944.5 1.43331 0.103713
945.5 1.50787 0.104813
946.5 1.41324 0.102771
947.5 1.50212 0.103921
948.5 1.37698 0.102261
949.5 1.38917 0.102598
950.5 1.31729 0.100582
951.5 1.57214 0.105545
952.5 1.48569 0.104277
953.5 1.58779 0.105786
954.5 1.37462 0.101417
955.5 1.29157 0.100761
956.5 1.67863 0.106161
957.5 1.38576 0.102423
958.5 1.27683 0.100155
959.5 1.39854 0.101565
960.5 1.45468 0.103263
961.5 1.39141 0.102116
962.5 1.29629 0.100452
963.5 1.39578 0.102501
964.5 1.56921 0.104625
965.5 1.51718 0.10453
966.5 1.3478 0.101116
967.5 1.42821 0.101697
968.5 1.39904 0.102651
969.5 1.22672 0.0992895
970.5 1.24431 0.0982805
971.5 1.60991 0.105111
972.5 1.32114 0.100356
973.5 1.47881 0.103277
974.5 1.31186 0.100517
975.5 1.29666 0.100451
976.5 1.51919 0.102932
977.5 1.52014 0.103951
978.5 1.23777 0.0985741
979.5 1.37224 0.101876
980.5 1.34619 0.10061
981.5 1.39145 0.100674
982.5 1.37119 0.101959
983.5 1.343 0.100646
984.5 1.2334 0.0984215
985.5 1.4237 0.101869
986.5 1.38318 0.102191
987.5 1.45756 0.101909
988.5 1.24654 0.0980259
989.5 1.3182 0.0998773
990.5 1.30019 0.0999545
991.5 1.43565 0.101303
992.5 1.36136 0.101052
993.5 1.40875 0.101643
994.5 1.47108 0.101873
995.5 1.40297 0.100264
996.5 1.32669 0.100583
997.5 1.28665 0.0989303
998.5 1.46618 0.101939
999.5 1.41283 0.10021
