# X   Y   E
165
25.5 0 0
26.5 12.2902 0.511104
27.5 11.3917 0.514195
28.5 12.0597 0.51248
29.5 10.0484 0.496643
30.5 12.5876 0.513256
31.5 22.8752 0.575167
32.5 27.1995 0.592785
33.5 12.0349 0.488527
34.5 13.6683 0.496567
35.5 17.6966 0.521225
36.5 24.343 0.56256
37.5 12.9211 0.480915
38.5 10.7655 0.463541
39.5 9.20382 0.44877
40.5 9.61147 0.450187
41.5 8.72962 0.440929
42.5 7.25299 0.427956
43.5 8.30784 0.435857
44.5 8.99024 0.441471
45.5 6.69032 0.42508
46.5 6.0661 0.419977
47.5 6.26806 0.41751
48.5 7.11228 0.415561
49.5 8.02619 0.415862
50.5 7.41489 0.405736
51.5 7.89641 0.40509
52.5 12.4033 0.437505
53.5 5.54246 0.375442
54.5 5.23515 0.369089
55.5 4.72796 0.362132
56.5 5.7064 0.369977
57.5 7.41805 0.384103
58.5 7.44027 0.382697
59.5 5.07947 0.357976
60.5 4.30193 0.348563
61.5 4.75737 0.351664
62.5 5.03633 0.353653
63.5 6.59079 0.36709
64.5 16.9488 0.456166
65.5 8.49475 0.382782
66.5 12.8437 0.419954
67.5 26.2737 0.520144
68.5 96.3122 0.87546
69.5 23.7841 0.500595
70.5 7.8328 0.369765
71.5 6.40563 0.354296
72.5 8.5837 0.374841
73.5 5.27657 0.340437
74.5 4.51464 0.331446
75.5 4.87427 0.334095
76.5 4.78224 0.332216
77.5 5.2566 0.337624
78.5 4.78231 0.331051
79.5 4.74876 0.330005
80.5 4.11071 0.3259
81.5 4.45575 0.327155
82.5 5.11883 0.333504
83.5 3.29583 0.31211
84.5 3.70191 0.315399
85.5 2.82719 0.303744
86.5 3.3731 0.309102
87.5 3.72718 0.312394
88.5 3.55348 0.306698
89.5 3.80854 0.308648
90.5 3.769 0.306126
91.5 5.25171 0.31929
92.5 3.30452 0.297088
93.5 3.05969 0.292126
94.5 2.68004 0.285589
95.5 3.12079 0.289738
96.5 2.87157 0.285451
97.5 3.80073 0.295426
98.5 4.99155 0.308031
99.5 2.94216 0.283218
100.5 2.51449 0.277356
101.5 2.57268 0.276434
102.5 3.05736 0.282657
103.5 2.84568 0.277512
104.5 3.46168 0.284872
105.5 4.60503 0.297979
106.5 6.67218 0.319756
107.5 7.07556 0.324299
108.5 47.5405 0.626435
109.5 13.7637 0.389749
110.5 11.0767 0.363481
111.5 4.23304 0.288603
112.5 2.71885 0.268224
113.5 2.81481 0.269114
114.5 2.32651 0.263107
115.5 2.32828 0.262036
116.5 2.60474 0.263704
117.5 2.55186 0.262301
118.5 1.949 0.254073
119.5 2.64935 0.261604
120.5 2.19598 0.258033
121.5 2.38837 0.256992
122.5 2.26999 0.255525
123.5 1.83861 0.251015
124.5 2.11426 0.252512
125.5 2.27114 0.254042
126.5 2.16167 0.252621
127.5 2.33235 0.252686
128.5 2.1698 0.251187
129.5 2.14366 0.249415
130.5 2.28598 0.251532
131.5 1.85128 0.246025
132.5 1.93381 0.245936
133.5 2.23736 0.250374
134.5 1.86936 0.244438
135.5 1.7965 0.24463
136.5 1.9062 0.242864
137.5 1.81315 0.240966
138.5 1.63763 0.239879
139.5 2.16992 0.247099
140.5 1.92459 0.241256
141.5 1.72649 0.238424
142.5 1.73735 0.238085
143.5 1.83894 0.239341
144.5 1.67025 0.235684
145.5 1.99907 0.24066
146.5 1.61221 0.234529
147.5 1.39096 0.231631
148.5 1.74709 0.23511
149.5 1.91307 0.23719
150.5 2.14283 0.240162
151.5 1.65693 0.232619
152.5 2.03145 0.236814
153.5 1.34928 0.226253
154.5 1.50333 0.229266
155.5 1.84168 0.233809
156.5 2.25082 0.237923
157.5 1.5627 0.229186
158.5 1.54675 0.228276
159.5 1.39139 0.225133
160.5 1.63308 0.227406
161.5 1.62569 0.227951
162.5 1.87996 0.231367
163.5 2.17281 0.236161
164.5 1.54718 0.224749
165.5 1.78327 0.227416
166.5 2.0835 0.232173
167.5 1.54775 0.224397
168.5 1.57282 0.22328
169.5 1.54134 0.222436
170.5 1.51102 0.220993
171.5 1.84687 0.227023
172.5 1.42854 0.219219
173.5 1.83504 0.225324
174.5 1.28021 0.215695
175.5 1.42716 0.217168
176.5 1.61879 0.222143
177.5 1.49608 0.219729
178.5 1.53637 0.220179
179.5 1.44482 0.217033
180.5 1.71052 0.221998
181.5 1.12351 0.210498
182.5 1.44789 0.216301
183.5 1.40902 0.216005
184.5 1.55423 0.217881
185.5 1.23701 0.211452
186.5 1.41056 0.214618
187.5 1.54716 0.216309
188.5 1.39689 0.212738
189.5 1.49436 0.213365
190.5 1.91832 0.222203
191.5 1.17149 0.210253
192.5 1.22969 0.210208
193.5 1.46792 0.213014
194.5 1.22513 0.208787
195.5 1.27634 0.209713
196.5 1.37934 0.21072
197.5 1.53476 0.213294
198.5 1.11158 0.206507
199.5 1.29805 0.208941
200.5 1.30541 0.207628
201.5 1.5696 0.211697
202.5 1.39542 0.209076
203.5 0.783682 0.199325
204.5 1.28661 0.206881
205.5 1.12372 0.203844
206.5 1.32118 0.206556
207.5 1.32665 0.207146
208.5 1.5793 0.211938
209.5 1.32616 0.206255
210.5 1.10171 0.201392
211.5 1.19182 0.205079
212.5 0.781465 0.198355
213.5 1.23004 0.204792
214.5 1.30919 0.204987
215.5 1.33443 0.205267
216.5 1.05298 0.200514
217.5 1.52355 0.208093
218.5 1.39709 0.204961
219.5 1.20864 0.20222
220.5 1.02116 0.199442
221.5 1.27129 0.202994
222.5 0.869301 0.196817
223.5 0.937603 0.198051
224.5 1.13786 0.199215
225.5 1.11022 0.200468
226.5 1.17673 0.201245
227.5 1.2803 0.201903
228.5 1.52894 0.207116
229.5 0.740262 0.191085
230.5 1.14409 0.19815
231.5 0.865099 0.193174
232.5 1.15862 0.197294
233.5 0.925742 0.193577
234.5 0.920003 0.193854
235.5 0.959084 0.194771
236.5 1.45923 0.201934
237.5 1.41174 0.200795
238.5 1.20362 0.197124
239.5 1.18376 0.196426
240.5 1.30469 0.198197
241.5 1.03392 0.194799
242.5 1.08629 0.195116
243.5 1.244 0.197536
244.5 1.54629 0.20256
245.5 1.15086 0.195288
246.5 0.862727 0.190706
247.5 0.60606 0.1857
248.5 0.984399 0.191293
249.5 0.721697 0.186732
250.5 1.03945 0.192801
251.5 0.835528 0.18846
252.5 1.0926 0.192666
253.5 0.870404 0.189267
254.5 0.824926 0.187301
255.5 1.24038 0.194132
256.5 1.1661 0.192422
257.5 0.983395 0.189866
258.5 0.899766 0.187985
259.5 0.949088 0.188642
260.5 0.89087 0.187385
261.5 1.15389 0.19193
262.5 1.16279 0.192516
263.5 1.19934 0.191296
264.5 1.39054 0.195764
265.5 1.17639 0.190626
266.5 1.11967 0.189981
267.5 0.940861 0.186355
268.5 1.21713 0.190038
269.5 1.0572 0.188317
270.5 1.21604 0.189344
271.5 1.15471 0.189304
272.5 0.906735 0.184918
273.5 0.659856 0.179938
274.5 0.993754 0.185979
275.5 1.08372 0.186137
276.5 1.03106 0.186607
277.5 0.918618 0.183574
278.5 0.909185 0.184203
279.5 0.839515 0.181769
280.5 1.27983 0.188174
281.5 0.913968 0.182715
282.5 0.773052 0.180519
283.5 0.89799 0.181427
284.5 0.893842 0.182251
285.5 1.04106 0.184896
286.5 1.01327 0.185395
287.5 0.836474 0.1809
288.5 1.02123 0.184295
289.5 0.703218 0.17769
290.5 1.03684 0.184091
291.5 1.21485 0.187435
292.5 0.782164 0.179878
293.5 1.12567 0.184442
294.5 0.912914 0.180929
295.5 0.869942 0.179114
296.5 1.05301 0.182111
297.5 0.582067 0.174359
298.5 0.755493 0.177445
299.5 0.474981 0.17177
300.5 1.01619 0.181806
301.5 0.796331 0.177408
302.5 0.888634 0.178705
303.5 0.919347 0.179021
304.5 0.606787 0.172768
305.5 1.08229 0.181554
306.5 0.981308 0.180285
307.5 1.06868 0.180304
308.5 0.715851 0.175641
309.5 0.965074 0.178734
310.5 0.733348 0.175124
311.5 0.769709 0.175241
312.5 0.393374 0.167552
313.5 0.965083 0.177502
314.5 1.0037 0.178306
315.5 0.855911 0.175312
316.5 0.826922 0.175038
317.5 1.00272 0.178848
318.5 0.939045 0.178217
319.5 0.989596 0.177925
320.5 0.75087 0.172786
321.5 0.836313 0.174779
322.5 0.636858 0.171106
323.5 0.820697 0.174994
324.5 0.850074 0.175017
325.5 0.562992 0.169059
326.5 0.642639 0.17038
327.5 0.839538 0.173515
328.5 0.984863 0.17783
329.5 0.694508 0.170949
330.5 0.665197 0.170668
331.5 0.722533 0.17123
332.5 0.495465 0.167087
333.5 1.07021 0.17918
334.5 0.599749 0.167616
335.5 0.808702 0.172427
336.5 0.574032 0.168372
337.5 0.911261 0.17486
338.5 0.774832 0.17113
339.5 0.647487 0.17053
340.5 0.655022 0.170729
341.5 0.953212 0.175723
342.5 0.486322 0.166885
343.5 0.527069 0.166951
344.5 0.577783 0.169045
345.5 0.765161 0.170985
346.5 1.01096 0.17617
347.5 0.625127 0.169467
348.5 0.789384 0.172292
349.5 0.965143 0.17461
350.5 0.823452 0.17282
351.5 0.679899 0.16874
352.5 0.458578 0.164954
353.5 0.610312 0.167291
354.5 0.440992 0.163528
355.5 0.630082 0.168943
356.5 0.386624 0.16342
357.5 0.367266 0.161603
358.5 0.825415 0.171697
359.5 0.891854 0.172858
360.5 0.514537 0.165643
361.5 0.650944 0.167305
362.5 0.721076 0.168127
363.5 0.735917 0.168426
364.5 1.0969 0.175292
365.5 0.920069 0.17166
366.5 0.998587 0.172606
367.5 0.730616 0.166755
368.5 0.879183 0.169381
369.5 0.400874 0.159821
370.5 0.787771 0.16754
371.5 0.765519 0.165771
372.5 0.672382 0.165914
373.5 0.826746 0.167241
374.5 0.924145 0.168299
375.5 0.881419 0.167922
376.5 0.788877 0.165695
377.5 0.895658 0.167803
378.5 0.909296 0.167266
379.5 0.948039 0.168901
380.5 0.997814 0.169113
381.5 1.02037 0.169403
382.5 0.529358 0.159471
383.5 0.797559 0.165686
384.5 0.72545 0.162439
385.5 0.794402 0.16468
386.5 0.876168 0.166562
387.5 0.577344 0.159918
388.5 0.555949 0.158783
389.5 0.607934 0.159447
390.5 0.357937 0.154331
391.5 0.527298 0.157869
392.5 0.787742 0.162486
393.5 0.639504 0.160513
394.5 0.36168 0.15427
395.5 0.546213 0.156733
396.5 0.700048 0.160343
397.5 0.868575 0.165299
398.5 0.461915 0.156483
399.5 0.947612 0.165488
400.5 0.753219 0.162466
401.5 0.872706 0.164976
402.5 0.609551 0.158063
403.5 0.848713 0.163718
404.5 0.677836 0.160201
405.5 0.514791 0.156653
406.5 0.690689 0.161552
407.5 0.439967 0.15521
408.5 0.514378 0.156766
409.5 0.815462 0.162188
410.5 0.609139 0.158175
411.5 0.731198 0.160749
412.5 0.469072 0.155576
413.5 0.64169 0.15864
414.5 0.658213 0.159452
415.5 0.492414 0.156115
416.5 0.576307 0.157262
417.5 0.753675 0.159796
418.5 0.572927 0.156874
419.5 0.609106 0.157228
420.5 0.815165 0.16235
421.5 0.598404 0.157351
422.5 0.507132 0.155593
423.5 0.45527 0.155759
424.5 0.345135 0.151009
425.5 0.636265 0.158202
426.5 0.497313 0.154414
427.5 0.562546 0.156996
428.5 0.554698 0.155374
429.5 0.768631 0.160165
430.5 0.597589 0.156175
431.5 0.266931 0.149104
432.5 0.598999 0.154819
433.5 0.588388 0.15483
434.5 0.52288 0.154785
435.5 0.493785 0.152989
436.5 0.592445 0.153973
437.5 0.453426 0.150369
438.5 0.662033 0.155546
439.5 0.657622 0.155437
440.5 0.729197 0.155927
441.5 0.58914 0.151852
442.5 0.876355 0.157903
443.5 0.661176 0.154811
444.5 0.576508 0.151981
445.5 0.498371 0.149795
446.5 0.539052 0.150161
447.5 0.725101 0.152803
448.5 0.934053 0.160218
449.5 0.758238 0.154369
450.5 0.829696 0.157002
451.5 0.711191 0.153735
452.5 0.845033 0.156314
453.5 0.732619 0.155867
454.5 0.37736 0.146069
455.5 0.541295 0.149338
456.5 0.64115 0.152719
457.5 0.438744 0.147318
458.5 0.391187 0.146053
459.5 0.482179 0.147449
460.5 0.301531 0.142625
461.5 0.527294 0.150407
462.5 0.396629 0.145867
463.5 0.587715 0.149347
464.5 0.450386 0.147007
465.5 0.646328 0.151444
466.5 0.515843 0.149012
467.5 0.593148 0.150629
468.5 0.402944 0.1458
469.5 0.465261 0.146032
470.5 0.514433 0.148127
471.5 0.601122 0.148625
472.5 0.427424 0.14529
473.5 0.406284 0.144344
474.5 0.516627 0.146935
475.5 0.324659 0.142414
476.5 0.500599 0.14731
477.5 0.309727 0.142185
478.5 0.578085 0.148709
479.5 0.411083 0.144156
480.5 0.386662 0.143512
481.5 0.580996 0.148055
482.5 0.379587 0.143519
483.5 0.604758 0.149328
484.5 0.549434 0.147733
485.5 0.482131 0.144745
486.5 0.353855 0.142689
487.5 0.456482 0.142943
488.5 0.292818 0.139146
489.5 0.646099 0.149048
490.5 0.500203 0.146773
491.5 0.509621 0.144289
492.5 0.678304 0.149367
493.5 0.674784 0.148722
494.5 0.267712 0.138985
495.5 0.364706 0.141255
496.5 0.447255 0.143688
497.5 0.389557 0.141102
498.5 0.538972 0.146491
499.5 0.37601 0.141614
500.5 0.56516 0.144349
501.5 0.778828 0.150663
502.5 0.471752 0.142495
503.5 0.676656 0.147535
504.5 0.445533 0.141225
505.5 0.683978 0.14699
506.5 0.518864 0.142873
507.5 0.544317 0.143212
508.5 0.213362 0.13566
509.5 0.559305 0.144659
510.5 0.36784 0.139814
511.5 0.511361 0.143678
512.5 0.374114 0.140246
513.5 0.513373 0.142694
514.5 0.552133 0.143937
515.5 0.472083 0.140946
516.5 0.384058 0.140047
517.5 0.36178 0.140198
518.5 0.461273 0.141889
519.5 0.24692 0.135685
520.5 0.389615 0.139915
521.5 0.305179 0.136905
522.5 0.434378 0.139549
523.5 0.737217 0.146693
524.5 0.567007 0.142941
525.5 0.47266 0.141256
526.5 0.542627 0.141797
527.5 0.547409 0.142286
528.5 0.50756 0.142516
529.5 0.253731 0.134442
530.5 0.479108 0.140564
531.5 0.16696 0.132375
532.5 0.32688 0.13643
533.5 0.463154 0.139075
534.5 0.410791 0.137037
535.5 0.506045 0.139969
536.5 0.340914 0.136349
537.5 0.529031 0.141936
538.5 0.356761 0.136201
539.5 0.545892 0.142164
540.5 0.342374 0.135183
541.5 0.691433 0.145843
542.5 0.540376 0.1418
543.5 0.495895 0.140232
544.5 0.483494 0.140496
545.5 0.667193 0.144964
546.5 0.382444 0.136686
547.5 0.506909 0.141652
548.5 0.334507 0.136549
549.5 0.452783 0.137627
550.5 0.341417 0.13609
551.5 0.243335 0.132746
552.5 0.254342 0.133327
553.5 0.40713 0.136077
554.5 0.632861 0.143174
555.5 0.437637 0.136556
556.5 0.288444 0.132559
557.5 0.476949 0.137981
558.5 0.326386 0.135072
559.5 0.421097 0.136319
560.5 0.53163 0.139689
561.5 0.507372 0.139465
562.5 0.548861 0.140296
563.5 0.321275 0.133641
564.5 0.457226 0.138829
565.5 0.327302 0.13468
566.5 0.477172 0.137216
567.5 0.343743 0.134138
568.5 0.218304 0.130576
569.5 0.736799 0.143609
570.5 0.342167 0.135248
571.5 0.48582 0.138606
572.5 0.54408 0.1398
573.5 0.231743 0.130895
574.5 0.514505 0.138256
575.5 0.282236 0.131769
576.5 0.610502 0.139472
577.5 0.649567 0.141428
578.5 0.536404 0.139306
579.5 0.325588 0.132977
580.5 0.209902 0.131123
581.5 0.605721 0.138973
582.5 0.357076 0.13274
583.5 0.621905 0.140588
584.5 0.615903 0.13978
585.5 0.465514 0.13575
586.5 0.231694 0.130492
587.5 0.499343 0.137892
588.5 0.533617 0.138487
589.5 0.161818 0.127103
590.5 0.384606 0.134285
591.5 0.246667 0.130204
592.5 0.534814 0.13612
593.5 0.182744 0.127284
594.5 0.466653 0.134579
595.5 0.324031 0.130782
596.5 0.3758 0.133312
597.5 0.391697 0.133556
598.5 0.478163 0.134891
599.5 0.564438 0.13807
600.5 0.211066 0.127455
601.5 0.231092 0.129954
602.5 0.403438 0.134001
603.5 0.504686 0.136927
604.5 0.381713 0.131714
605.5 0.414091 0.133463
606.5 0.345772 0.132357
607.5 0.400339 0.131492
608.5 0.592578 0.138482
609.5 0.49673 0.135907
610.5 0.413423 0.133266
611.5 0.333694 0.130029
612.5 0.45553 0.133939
613.5 0.244162 0.127206
614.5 0.331154 0.131175
615.5 0.373468 0.131791
616.5 0.438512 0.134155
617.5 0.391063 0.131903
618.5 0.3549 0.130744
619.5 0.584738 0.137537
620.5 0.530815 0.135866
621.5 0.159807 0.125507
622.5 0.34588 0.131491
623.5 0.354537 0.13128
624.5 0.463355 0.133074
625.5 0.237311 0.126384
626.5 0.442223 0.132968
627.5 0.373146 0.131792
628.5 0.197091 0.126226
629.5 0.309957 0.12877
630.5 0.260496 0.12753
631.5 0.48762 0.134227
632.5 0.568644 0.135757
633.5 0.39756 0.131562
634.5 0.359402 0.130738
635.5 0.391303 0.130363
636.5 0.406564 0.131551
637.5 0.133218 0.123638
638.5 0.569575 0.137171
639.5 0.449133 0.132496
640.5 0.35439 0.130071
641.5 0.472054 0.132336
642.5 0.402516 0.130887
643.5 0.276903 0.12847
644.5 0.322655 0.128276
645.5 0.520255 0.13373
646.5 0.502957 0.133422
647.5 0.0125603 0.120343
648.5 0.315638 0.129646
649.5 0.235695 0.125409
650.5 0.648085 0.137463
651.5 0.325574 0.128477
652.5 0.503698 0.134208
653.5 0.334627 0.128875
654.5 0.293938 0.127488
655.5 0.165391 0.122812
656.5 0.215429 0.124452
657.5 0.315581 0.128284
658.5 0.205041 0.123616
659.5 0.237105 0.126453
660.5 0.358142 0.128299
661.5 0.306157 0.127472
662.5 0.29515 0.126865
663.5 0.262756 0.125794
664.5 0.269467 0.126343
665.5 0.43595 0.129903
666.5 0.391204 0.129552
667.5 0.425364 0.130118
668.5 0.348635 0.128585
669.5 0.289824 0.127148
670.5 0.305415 0.126644
671.5 0.268551 0.12676
672.5 0.231549 0.123865
673.5 0.395789 0.128457
674.5 0.464437 0.130542
675.5 0.290376 0.127286
676.5 0.391815 0.128394
677.5 0.249589 0.125041
678.5 0.281794 0.12542
679.5 0.27373 0.125221
680.5 0.266904 0.124597
681.5 0.36031 0.129387
682.5 0.181287 0.123077
683.5 0.272815 0.125642
684.5 0.28214 0.12563
685.5 0.277193 0.124583
686.5 0.301903 0.126856
687.5 0.342024 0.126181
688.5 0.316002 0.126422
689.5 0.311096 0.127535
690.5 0.305052 0.127198
691.5 0.339155 0.126393
692.5 0.333143 0.127231
693.5 0.356997 0.125883
694.5 0.147029 0.121615
695.5 0.239596 0.124843
696.5 0.477786 0.130995
697.5 0.0776892 0.118934
698.5 0.261074 0.125167
699.5 0.555091 0.132831
700.5 0.305803 0.126297
701.5 0.265757 0.12488
702.5 0.377536 0.126414
703.5 0.523224 0.131742
704.5 0.380965 0.127309
705.5 0.271068 0.122602
706.5 0.340004 0.126322
707.5 0.401982 0.127351
708.5 0.391593 0.126535
709.5 0.22525 0.123162
710.5 0.360073 0.1256
711.5 0.317388 0.124532
712.5 0.496156 0.130435
713.5 0.201753 0.120163
714.5 0.359685 0.125949
715.5 0.36849 0.12698
716.5 0.354648 0.125046
717.5 0.339031 0.125347
718.5 0.343179 0.124145
719.5 0.268405 0.122749
720.5 0.546732 0.130238
721.5 0.601528 0.132112
722.5 0.416337 0.127264
723.5 0.237041 0.121279
724.5 0.184536 0.121493
725.5 0.242854 0.121489
726.5 0.742369 0.134511
727.5 0.302078 0.122848
728.5 0.38579 0.124584
729.5 0.179054 0.11946
730.5 0.370974 0.124392
731.5 0.457992 0.125963
732.5 0.360642 0.124968
733.5 0.390209 0.125701
734.5 0.323746 0.123887
735.5 0.280064 0.121584
736.5 0.552273 0.128193
737.5 0.280172 0.120641
738.5 0.241395 0.119963
739.5 0.476658 0.127877
740.5 0.184982 0.119746
741.5 0.305838 0.121982
742.5 0.392089 0.125279
743.5 0.264342 0.120006
744.5 0.0643174 0.115279
745.5 0.28286 0.12071
746.5 0.328851 0.121664
747.5 0.485884 0.127038
748.5 0.358417 0.122416
749.5 0.69234 0.131335
750.5 0.404845 0.123427
751.5 0.18359 0.117826
752.5 0.202471 0.117949
753.5 0.314653 0.121249
754.5 0.398092 0.123436
755.5 0.239738 0.119526
756.5 0.130303 0.114805
757.5 0.415886 0.122484
758.5 0.426662 0.122971
759.5 0.431081 0.124102
760.5 0.0113937 0.111561
761.5 0.338613 0.121723
762.5 0.297767 0.120763
763.5 0.329098 0.121012
764.5 0.186493 0.115944
765.5 0.41699 0.122769
766.5 0.0822677 0.11372
767.5 0.125406 0.114122
768.5 0.392412 0.122515
769.5 0.279587 0.119251
770.5 0.267871 0.118972
771.5 0.173177 0.116717
772.5 0.115536 0.115055
773.5 0.206264 0.118316
774.5 0.17758 0.115805
775.5 0.147808 0.115086
776.5 0.230348 0.117014
777.5 0.365047 0.121327
778.5 0.0783351 0.113029
779.5 0.10871 0.114376
780.5 0.22306 0.116045
781.5 0.398431 0.12265
782.5 0.279579 0.118216
783.5 0.217346 0.116732
784.5 0.303795 0.119071
785.5 0.0963256 0.113855
786.5 0.40182 0.12135
787.5 0.147783 0.114857
788.5 0.294577 0.118121
789.5 0.235073 0.116104
790.5 0.24082 0.116699
791.5 0.174728 0.115201
792.5 0.0906036 0.113476
793.5 0.301816 0.118631
794.5 0.15983 0.113223
795.5 0.388916 0.121945
796.5 0.375007 0.120296
797.5 0.236006 0.11481
798.5 0.115694 0.111489
799.5 0.312189 0.117426
800.5 0.158782 0.114459
801.5 0.337336 0.119908
802.5 0.479579 0.122615
803.5 0.155286 0.113848
804.5 0.190658 0.113798
805.5 0.31693 0.11861
806.5 0.00822877 0.108938
807.5 0.189883 0.114568
808.5 0.235321 0.115421
809.5 0.165956 0.112358
810.5 0.207996 0.116519
811.5 0.199505 0.114325
812.5 -0.0697688 0.106197
813.5 0.180228 0.113504
814.5 0.128432 0.113345
815.5 0.282441 0.116943
816.5 0.169526 0.113674
817.5 0.0595292 0.110543
818.5 0.316147 0.118315
819.5 0.414765 0.12017
820.5 0.383154 0.119333
821.5 0.115834 0.111804
822.5 0.207058 0.113775
823.5 0.313542 0.11705
824.5 0.0908774 0.109939
825.5 0.414205 0.118996
826.5 0.22673 0.115281
827.5 0.262951 0.115154
828.5 0.371323 0.11898
829.5 0.114508 0.109344
830.5 0.233713 0.115423
831.5 0.341476 0.117611
832.5 -0.1656 0.101873
833.5 0.158222 0.113226
834.5 0.129291 0.111312
835.5 0.242957 0.113647
836.5 0.218361 0.114221
837.5 0.292402 0.115873
838.5 0.469166 0.12155
839.5 0.18022 0.112416
840.5 0.310343 0.116227
841.5 0.137882 0.111457
842.5 0.248308 0.113562
843.5 0.176725 0.111795
844.5 0.348089 0.117302
845.5 0.220382 0.114065
846.5 0.252273 0.11555
847.5 0.407246 0.119079
848.5 0.209664 0.112061
849.5 -0.0049214 0.10717
850.5 0.168563 0.110622
851.5 0.389438 0.117992
852.5 0.150992 0.110727
853.5 0.117451 0.109821
854.5 0.151338 0.110964
855.5 0.13686 0.109872
856.5 0.172471 0.111092
857.5 0.254764 0.113785
858.5 0.194295 0.111691
859.5 0.36166 0.116909
860.5 0.0928898 0.108651
861.5 0.250922 0.112939
862.5 0.132194 0.109318
863.5 0.18779 0.11099
864.5 0.000364995 0.104255
865.5 0.238084 0.11319
866.5 0.296179 0.114112
867.5 0.311143 0.115695
868.5 0.322719 0.115679
869.5 0.236418 0.114656
870.5 0.381919 0.116881
871.5 0.254393 0.113322
872.5 0.202194 0.111364
873.5 0.250303 0.113172
874.5 0.181466 0.109967
875.5 0.213193 0.110954
876.5 -0.116294 0.100668
877.5 0.109792 0.108302
878.5 0.267899 0.113302
879.5 0.127007 0.109966
880.5 0.236856 0.111708
881.5 0.2461 0.109872
882.5 0.236403 0.112492
883.5 0.0398831 0.106031
884.5 0.383757 0.117029
885.5 0.179289 0.110686
886.5 0.30031 0.113643
887.5 0.275699 0.112045
888.5 0.181194 0.110445
889.5 0.186101 0.109158
890.5 0.21105 0.109923
891.5 0.318803 0.114157
892.5 0.333529 0.11452
893.5 0.237252 0.112413
894.5 0.207661 0.111357
895.5 0.0882571 0.106289
896.5 0.364448 0.114936
897.5 0.264864 0.112996
898.5 0.377112 0.116059
899.5 0.263357 0.110881
900.5 0.0170122 0.103468
901.5 0.190421 0.109473
902.5 0.34147 0.113585
903.5 0.332721 0.113983
904.5 0.24356 0.111226
905.5 -0.0689751 0.101114
906.5 0.147646 0.108408
907.5 0.23557 0.11171
908.5 0.306601 0.113325
909.5 0.185227 0.108999
910.5 0.161704 0.108549
911.5 0.114773 0.107726
912.5 0.172249 0.108937
913.5 0.262424 0.11222
914.5 0.0798965 0.106302
915.5 0.0829967 0.106214
916.5 0.192976 0.110348
917.5 0.31234 0.112851
918.5 0.377698 0.114535
919.5 -0.0440996 0.101162
920.5 0.0358597 0.105456
921.5 0.198337 0.108252
922.5 0.217572 0.109754
923.5 0.00952558 0.103649
924.5 0.173766 0.109096
925.5 0.087837 0.105294
926.5 0.30971 0.111288
927.5 0.269952 0.111424
928.5 0.0773071 0.10721
929.5 0.141562 0.105462
930.5 0.119176 0.106737
931.5 0.389851 0.1149
932.5 0.208627 0.108237
933.5 -0.0909889 0.0995746
934.5 0.222378 0.110623
935.5 0.300574 0.112087
936.5 0.186191 0.108997
937.5 0.264371 0.111354
938.5 0.0153305 0.102704
939.5 0.239026 0.109882
940.5 0.317551 0.112454
941.5 0.0955129 0.105947
942.5 0.118459 0.105995
943.5 0.288132 0.113041
944.5 0.233164 0.10917
945.5 0.414538 0.114176
946.5 0.261643 0.108805
947.5 0.215964 0.109756
948.5 0.28359 0.110614
949.5 0.34805 0.111941
950.5 0.142584 0.107112
951.5 0.0204185 0.100972
952.5 0.00211423 0.101262
953.5 0.0586088 0.103488
954.5 0.258739 0.110808
955.5 0.124355 0.104904
956.5 0.321724 0.11135
957.5 0.109011 0.10476
958.5 0.231853 0.10893
959.5 0.147753 0.10735
960.5 0.170849 0.105667
961.5 0.0956698 0.105365
962.5 0.368414 0.113933
963.5 0.0932127 0.105452
964.5 0.181097 0.106314
965.5 0.381697 0.114835
966.5 0.202666 0.106529
967.5 0.163461 0.106835
968.5 0.255624 0.108653
969.5 0.225991 0.108211
970.5 0.296214 0.109318
971.5 0.238284 0.10892
972.5 0.2049 0.107428
973.5 0.12071 0.105992
974.5 0.179465 0.106068
975.5 0.119507 0.10466
976.5 0.111419 0.104168
977.5 0.0621875 0.102802
978.5 0.295991 0.110278
979.5 0.0371474 0.102156
980.5 0.123341 0.104402
981.5 0.0292822 0.100609
982.5 -0.024483 0.0976859
983.5 0.370658 0.112846
984.5 0.0166259 0.100542
985.5 0.21923 0.107079
986.5 0.176504 0.106486
987.5 0.0924803 0.102326
988.5 0.107643 0.102816
989.5 0.396662 0.11343
990.5 0.153072 0.10586
991.5 0.0597966 0.102463
992.5 0.350318 0.111071
993.5 0.157105 0.10435
994.5 0.278521 0.108214
995.5 0.034501 0.101384
996.5 0.238976 0.109402
997.5 0.131817 0.104473
998.5 0.0767485 0.102608
999.5 -0.0513618 0.0968276
