#X Y E
   1.5000000e+00   8.4287828e-02   0.0000000e+00
   2.5000000e+00   9.0764783e-02   0.0000000e+00
   3.5000000e+00   9.6208453e-02   0.0000000e+00
   4.5000000e+00   9.6046096e-02   0.0000000e+00
   5.5000000e+00   1.1720263e-01   0.0000000e+00
   6.5000000e+00   1.1012469e-01   0.0000000e+00
   7.5000000e+00   1.0984952e-01   0.0000000e+00
   8.5000000e+00   1.3881993e-01   0.0000000e+00
   9.5000000e+00   1.6083117e-01   0.0000000e+00
   1.0500000e+01   1.2687887e-01   0.0000000e+00
   1.1500000e+01   1.2127420e-01   0.0000000e+00
   1.2500000e+01   1.2562656e-01   0.0000000e+00
   1.3500000e+01   1.1789136e-01   0.0000000e+00
   1.4500000e+01   1.3337382e-01   0.0000000e+00
   1.5500000e+01   1.2458151e-01   0.0000000e+00
   1.6500000e+01   1.5346499e-01   0.0000000e+00
   1.7500000e+01   1.4532624e-01   0.0000000e+00
   1.8500000e+01   2.1782703e-01   0.0000000e+00
   1.9500000e+01   1.2606716e-01   0.0000000e+00
   2.0500000e+01   1.2905689e-01   0.0000000e+00
   2.1500000e+01   1.3104838e-01   0.0000000e+00
   2.2500000e+01   1.7176453e-01   0.0000000e+00
   2.3500000e+01   1.2220328e-01   0.0000000e+00
   2.4500000e+01   1.2474042e-01   0.0000000e+00
   2.5500000e+01   1.1694298e-01   0.0000000e+00
   2.6500000e+01   1.4288709e-01   0.0000000e+00
   2.7500000e+01   1.1000171e-01   0.0000000e+00
   2.8500000e+01   1.1479699e-01   0.0000000e+00
   2.9500000e+01   1.1839205e-01   0.0000000e+00
   3.0500000e+01   1.2738234e-01   0.0000000e+00
   3.1500000e+01   1.3736557e-01   0.0000000e+00
   3.2500000e+01   1.8234283e-01   0.0000000e+00
   3.3500000e+01   1.9603474e-01   0.0000000e+00
   3.4500000e+01   1.3558054e-01   0.0000000e+00
   3.5500000e+01   1.6400298e-01   0.0000000e+00
   3.6500000e+01   2.6017643e-01   0.0000000e+00
   3.7500000e+01   2.7966184e-01   0.0000000e+00
   3.8500000e+01   1.3124452e-01   0.0000000e+00
   3.9500000e+01   1.1098019e-01   0.0000000e+00
   4.0500000e+01   1.0943191e-01   0.0000000e+00
   4.1500000e+01   1.0844738e-01   0.0000000e+00
   4.2500000e+01   1.1398211e-01   0.0000000e+00
   4.3500000e+01   1.1047155e-01   0.0000000e+00
   4.4500000e+01   1.1399548e-01   0.0000000e+00
   4.5500000e+01   1.1505658e-01   0.0000000e+00
   4.6500000e+01   1.1659762e-01   0.0000000e+00
   4.7500000e+01   1.1557044e-01   0.0000000e+00
   4.8500000e+01   1.1706760e-01   0.0000000e+00
   4.9500000e+01   1.2326369e-01   0.0000000e+00
   5.0500000e+01   1.2299837e-01   0.0000000e+00
   5.1500000e+01   1.2136492e-01   0.0000000e+00
   5.2500000e+01   1.2096668e-01   0.0000000e+00
   5.3500000e+01   1.2655085e-01   0.0000000e+00
   5.4500000e+01   1.2445257e-01   0.0000000e+00
   5.5500000e+01   1.2539353e-01   0.0000000e+00
   5.6500000e+01   1.2432100e-01   0.0000000e+00
   5.7500000e+01   1.2499686e-01   0.0000000e+00
   5.8500000e+01   1.2577316e-01   0.0000000e+00
   5.9500000e+01   1.2787050e-01   0.0000000e+00
   6.0500000e+01   1.3726081e-01   0.0000000e+00
   6.1500000e+01   1.3195468e-01   0.0000000e+00
   6.2500000e+01   1.3304673e-01   0.0000000e+00
   6.3500000e+01   1.2921197e-01   0.0000000e+00
   6.4500000e+01   1.3023861e-01   0.0000000e+00
   6.5500000e+01   1.3725772e-01   0.0000000e+00
   6.6500000e+01   1.3876203e-01   0.0000000e+00
   6.7500000e+01   1.3949310e-01   0.0000000e+00
   6.8500000e+01   1.4756354e-01   0.0000000e+00
   6.9500000e+01   2.0936013e-01   0.0000000e+00
   7.0500000e+01   2.2105125e-01   0.0000000e+00
   7.1500000e+01   1.2142434e-01   0.0000000e+00
   7.2500000e+01   1.2894645e-01   0.0000000e+00
   7.3500000e+01   1.3263661e-01   0.0000000e+00
   7.4500000e+01   1.2554738e-01   0.0000000e+00
   7.5500000e+01   1.2583632e-01   0.0000000e+00
   7.6500000e+01   1.2562485e-01   0.0000000e+00
   7.7500000e+01   1.2645207e-01   0.0000000e+00
   7.8500000e+01   1.2849572e-01   0.0000000e+00
   7.9500000e+01   1.3068771e-01   0.0000000e+00
   8.0500000e+01   1.2822688e-01   0.0000000e+00
   8.1500000e+01   1.2949079e-01   0.0000000e+00
   8.2500000e+01   1.3201647e-01   0.0000000e+00
   8.3500000e+01   1.3040594e-01   0.0000000e+00
   8.4500000e+01   1.3249443e-01   0.0000000e+00
   8.5500000e+01   1.3138651e-01   0.0000000e+00
   8.6500000e+01   1.3261435e-01   0.0000000e+00
   8.7500000e+01   1.3431706e-01   0.0000000e+00
   8.8500000e+01   1.4586811e-01   0.0000000e+00
   8.9500000e+01   1.6004952e-01   0.0000000e+00
   9.0500000e+01   1.4243741e-01   0.0000000e+00
   9.1500000e+01   1.5111483e-01   0.0000000e+00
   9.2500000e+01   1.4927757e-01   0.0000000e+00
   9.3500000e+01   1.4953030e-01   0.0000000e+00
   9.4500000e+01   1.4955035e-01   0.0000000e+00
   9.5500000e+01   1.3807182e-01   0.0000000e+00
   9.6500000e+01   1.3591180e-01   0.0000000e+00
   9.7500000e+01   1.3375333e-01   0.0000000e+00
   9.8500000e+01   1.3546189e-01   0.0000000e+00
   9.9500000e+01   1.3532555e-01   0.0000000e+00
   1.0050000e+02   1.3409960e-01   0.0000000e+00
   1.0150000e+02   1.3586348e-01   0.0000000e+00
   1.0250000e+02   1.3496306e-01   0.0000000e+00
   1.0350000e+02   1.3489270e-01   0.0000000e+00
   1.0450000e+02   1.3436481e-01   0.0000000e+00
   1.0550000e+02   1.3609079e-01   0.0000000e+00
   1.0650000e+02   1.3805841e-01   0.0000000e+00
   1.0750000e+02   1.3487639e-01   0.0000000e+00
   1.0850000e+02   1.3636035e-01   0.0000000e+00
   1.0950000e+02   1.3695983e-01   0.0000000e+00
   1.1050000e+02   1.4249074e-01   0.0000000e+00
   1.1150000e+02   1.8135777e-01   0.0000000e+00
   1.1250000e+02   1.3703239e-01   0.0000000e+00
   1.1350000e+02   1.3720259e-01   0.0000000e+00
   1.1450000e+02   1.3464555e-01   0.0000000e+00
   1.1550000e+02   1.3606081e-01   0.0000000e+00
   1.1650000e+02   1.3590247e-01   0.0000000e+00
   1.1750000e+02   1.3609424e-01   0.0000000e+00
   1.1850000e+02   1.3644624e-01   0.0000000e+00
   1.1950000e+02   1.3647267e-01   0.0000000e+00
   1.2050000e+02   1.3857570e-01   0.0000000e+00
   1.2150000e+02   1.3685667e-01   0.0000000e+00
   1.2250000e+02   1.3756532e-01   0.0000000e+00
   1.2350000e+02   1.3754836e-01   0.0000000e+00
   1.2450000e+02   1.3568143e-01   0.0000000e+00
   1.2550000e+02   1.3796455e-01   0.0000000e+00
   1.2650000e+02   1.3525945e-01   0.0000000e+00
   1.2750000e+02   1.3618116e-01   0.0000000e+00
   1.2850000e+02   1.3952395e-01   0.0000000e+00
   1.2950000e+02   1.3697148e-01   0.0000000e+00
   1.3050000e+02   1.3755333e-01   0.0000000e+00
   1.3150000e+02   1.3765774e-01   0.0000000e+00
   1.3250000e+02   1.3814830e-01   0.0000000e+00
   1.3350000e+02   1.3902706e-01   0.0000000e+00
   1.3450000e+02   1.4017174e-01   0.0000000e+00
   1.3550000e+02   1.3794597e-01   0.0000000e+00
   1.3650000e+02   1.3738566e-01   0.0000000e+00
   1.3750000e+02   1.3948560e-01   0.0000000e+00
   1.3850000e+02   1.4038235e-01   0.0000000e+00
   1.3950000e+02   1.4078637e-01   0.0000000e+00
   1.4050000e+02   1.3996335e-01   0.0000000e+00
   1.4150000e+02   1.4038391e-01   0.0000000e+00
   1.4250000e+02   1.4298781e-01   0.0000000e+00
   1.4350000e+02   1.4236425e-01   0.0000000e+00
   1.4450000e+02   1.4270010e-01   0.0000000e+00
   1.4550000e+02   1.4817191e-01   0.0000000e+00
   1.4650000e+02   1.5635451e-01   0.0000000e+00
   1.4750000e+02   1.5938014e-01   0.0000000e+00
   1.4850000e+02   1.5773822e-01   0.0000000e+00
   1.4950000e+02   1.5127319e-01   0.0000000e+00
   1.5050000e+02   1.4616527e-01   0.0000000e+00
   1.5150000e+02   1.4409940e-01   0.0000000e+00
   1.5250000e+02   1.4264799e-01   0.0000000e+00
   1.5350000e+02   1.4157478e-01   0.0000000e+00
   1.5450000e+02   1.4180934e-01   0.0000000e+00
   1.5550000e+02   1.4198009e-01   0.0000000e+00
   1.5650000e+02   1.4025202e-01   0.0000000e+00
   1.5750000e+02   1.4109189e-01   0.0000000e+00
   1.5850000e+02   1.4027638e-01   0.0000000e+00
   1.5950000e+02   1.5035707e-01   0.0000000e+00
   1.6050000e+02   1.9894419e-01   0.0000000e+00
   1.6150000e+02   1.4825444e-01   0.0000000e+00
   1.6250000e+02   1.4181189e-01   0.0000000e+00
   1.6350000e+02   1.4115798e-01   0.0000000e+00
   1.6450000e+02   1.4225737e-01   0.0000000e+00
   1.6550000e+02   1.4402661e-01   0.0000000e+00
   1.6650000e+02   1.4088517e-01   0.0000000e+00
   1.6750000e+02   1.4041781e-01   0.0000000e+00
   1.6850000e+02   1.3938136e-01   0.0000000e+00
   1.6950000e+02   1.3974721e-01   0.0000000e+00
   1.7050000e+02   1.4081885e-01   0.0000000e+00
   1.7150000e+02   1.4019554e-01   0.0000000e+00
   1.7250000e+02   1.4207729e-01   0.0000000e+00
   1.7350000e+02   1.5041457e-01   0.0000000e+00
   1.7450000e+02   1.4429532e-01   0.0000000e+00
   1.7550000e+02   1.4265979e-01   0.0000000e+00
   1.7650000e+02   1.4475909e-01   0.0000000e+00
   1.7750000e+02   1.4187535e-01   0.0000000e+00
   1.7850000e+02   1.4145261e-01   0.0000000e+00
   1.7950000e+02   1.4135613e-01   0.0000000e+00
   1.8050000e+02   1.4194793e-01   0.0000000e+00
   1.8150000e+02   1.4240444e-01   0.0000000e+00
   1.8250000e+02   1.4100992e-01   0.0000000e+00
   1.8350000e+02   1.4104635e-01   0.0000000e+00
   1.8450000e+02   1.4184841e-01   0.0000000e+00
   1.8550000e+02   1.4141610e-01   0.0000000e+00
   1.8650000e+02   1.4087762e-01   0.0000000e+00
   1.8750000e+02   1.4185938e-01   0.0000000e+00
   1.8850000e+02   1.4133597e-01   0.0000000e+00
   1.8950000e+02   1.4108086e-01   0.0000000e+00
   1.9050000e+02   1.4230303e-01   0.0000000e+00
   1.9150000e+02   1.4163739e-01   0.0000000e+00
   1.9250000e+02   1.4156558e-01   0.0000000e+00
   1.9350000e+02   1.4160416e-01   0.0000000e+00
   1.9450000e+02   1.4282971e-01   0.0000000e+00
   1.9550000e+02   1.4127559e-01   0.0000000e+00
   1.9650000e+02   1.4324662e-01   0.0000000e+00
   1.9750000e+02   1.4253405e-01   0.0000000e+00
   1.9850000e+02   1.4185792e-01   0.0000000e+00
   1.9950000e+02   1.4217376e-01   0.0000000e+00
   2.0050000e+02   1.4692927e-01   0.0000000e+00
   2.0150000e+02   1.4413445e-01   0.0000000e+00
   2.0250000e+02   1.4257798e-01   0.0000000e+00
   2.0350000e+02   1.4245203e-01   0.0000000e+00
   2.0450000e+02   1.4254611e-01   0.0000000e+00
   2.0550000e+02   1.4114857e-01   0.0000000e+00
   2.0650000e+02   1.4177792e-01   0.0000000e+00
   2.0750000e+02   1.4224498e-01   0.0000000e+00
   2.0850000e+02   1.4176713e-01   0.0000000e+00
   2.0950000e+02   1.4267556e-01   0.0000000e+00
   2.1050000e+02   1.4320851e-01   0.0000000e+00
   2.1150000e+02   1.4103719e-01   0.0000000e+00
   2.1250000e+02   1.4143233e-01   0.0000000e+00
   2.1350000e+02   1.4347540e-01   0.0000000e+00
   2.1450000e+02   1.5068033e-01   0.0000000e+00
   2.1550000e+02   1.4746916e-01   0.0000000e+00
   2.1650000e+02   1.4368420e-01   0.0000000e+00
   2.1750000e+02   1.4323026e-01   0.0000000e+00
   2.1850000e+02   1.4294258e-01   0.0000000e+00
   2.1950000e+02   1.4312460e-01   0.0000000e+00
   2.2050000e+02   1.4267019e-01   0.0000000e+00
   2.2150000e+02   1.4259604e-01   0.0000000e+00
   2.2250000e+02   1.4265006e-01   0.0000000e+00
   2.2350000e+02   1.4294890e-01   0.0000000e+00
   2.2450000e+02   1.4268414e-01   0.0000000e+00
   2.2550000e+02   1.4348435e-01   0.0000000e+00
   2.2650000e+02   1.4449735e-01   0.0000000e+00
   2.2750000e+02   1.4428935e-01   0.0000000e+00
   2.2850000e+02   1.4314412e-01   0.0000000e+00
   2.2950000e+02   1.4464739e-01   0.0000000e+00
   2.3050000e+02   1.4428307e-01   0.0000000e+00
   2.3150000e+02   1.4289647e-01   0.0000000e+00
   2.3250000e+02   1.4404987e-01   0.0000000e+00
   2.3350000e+02   1.4208742e-01   0.0000000e+00
   2.3450000e+02   1.4453397e-01   0.0000000e+00
   2.3550000e+02   1.4705386e-01   0.0000000e+00
   2.3650000e+02   1.4641173e-01   0.0000000e+00
   2.3750000e+02   1.4387554e-01   0.0000000e+00
   2.3850000e+02   1.4463575e-01   0.0000000e+00
   2.3950000e+02   1.4449615e-01   0.0000000e+00
   2.4050000e+02   1.4415317e-01   0.0000000e+00
   2.4150000e+02   1.4423003e-01   0.0000000e+00
   2.4250000e+02   1.4401179e-01   0.0000000e+00
   2.4350000e+02   1.4589317e-01   0.0000000e+00
   2.4450000e+02   1.4951033e-01   0.0000000e+00
   2.4550000e+02   1.6218814e-01   0.0000000e+00
   2.4650000e+02   1.8413818e-01   0.0000000e+00
   2.4750000e+02   1.6903145e-01   0.0000000e+00
   2.4850000e+02   1.5279918e-01   0.0000000e+00
   2.4950000e+02   1.5205262e-01   0.0000000e+00
   2.5050000e+02   1.5315323e-01   0.0000000e+00
   2.5150000e+02   1.4631604e-01   0.0000000e+00
   2.5250000e+02   1.4547752e-01   0.0000000e+00
   2.5350000e+02   1.4537895e-01   0.0000000e+00
   2.5450000e+02   1.4438260e-01   0.0000000e+00
   2.5550000e+02   1.4367518e-01   0.0000000e+00
   2.5650000e+02   1.4400431e-01   0.0000000e+00
   2.5750000e+02   1.4321195e-01   0.0000000e+00
   2.5850000e+02   1.4365548e-01   0.0000000e+00
   2.5950000e+02   1.4466972e-01   0.0000000e+00
   2.6050000e+02   1.4421091e-01   0.0000000e+00
   2.6150000e+02   1.4493353e-01   0.0000000e+00
   2.6250000e+02   1.4589238e-01   0.0000000e+00
   2.6350000e+02   1.4691450e-01   0.0000000e+00
   2.6450000e+02   1.4398353e-01   0.0000000e+00
   2.6550000e+02   1.4457333e-01   0.0000000e+00
   2.6650000e+02   1.4722881e-01   0.0000000e+00
   2.6750000e+02   1.4456612e-01   0.0000000e+00
   2.6850000e+02   1.4529897e-01   0.0000000e+00
   2.6950000e+02   1.4584919e-01   0.0000000e+00
   2.7050000e+02   1.4871438e-01   0.0000000e+00
   2.7150000e+02   1.6054103e-01   0.0000000e+00
   2.7250000e+02   1.5428242e-01   0.0000000e+00
   2.7350000e+02   1.4750624e-01   0.0000000e+00
   2.7450000e+02   1.4464779e-01   0.0000000e+00
   2.7550000e+02   1.4536811e-01   0.0000000e+00
   2.7650000e+02   1.4405805e-01   0.0000000e+00
   2.7750000e+02   1.4289972e-01   0.0000000e+00
   2.7850000e+02   1.4344370e-01   0.0000000e+00
   2.7950000e+02   1.4409970e-01   0.0000000e+00
   2.8050000e+02   1.4281725e-01   0.0000000e+00
   2.8150000e+02   1.4484811e-01   0.0000000e+00
   2.8250000e+02   1.4484250e-01   0.0000000e+00
   2.8350000e+02   1.4487110e-01   0.0000000e+00
   2.8450000e+02   1.4452875e-01   0.0000000e+00
   2.8550000e+02   1.4421847e-01   0.0000000e+00
   2.8650000e+02   1.4355144e-01   0.0000000e+00
   2.8750000e+02   1.4381924e-01   0.0000000e+00
   2.8850000e+02   1.4304645e-01   0.0000000e+00
   2.8950000e+02   1.4636105e-01   0.0000000e+00
   2.9050000e+02   1.4458042e-01   0.0000000e+00
   2.9150000e+02   1.4405697e-01   0.0000000e+00
   2.9250000e+02   1.4407503e-01   0.0000000e+00
   2.9350000e+02   1.4375833e-01   0.0000000e+00
   2.9450000e+02   1.4398779e-01   0.0000000e+00
   2.9550000e+02   1.4433236e-01   0.0000000e+00
   2.9650000e+02   1.4441099e-01   0.0000000e+00
   2.9750000e+02   1.4469966e-01   0.0000000e+00
   2.9850000e+02   1.4509273e-01   0.0000000e+00
   2.9950000e+02   1.4498553e-01   0.0000000e+00
   3.0050000e+02   1.4442998e-01   0.0000000e+00
   3.0150000e+02   1.4386060e-01   0.0000000e+00
   3.0250000e+02   1.4320429e-01   0.0000000e+00
   3.0350000e+02   1.4692093e-01   0.0000000e+00
   3.0450000e+02   1.4475132e-01   0.0000000e+00
   3.0550000e+02   1.4746520e-01   0.0000000e+00
   3.0650000e+02   1.5023087e-01   0.0000000e+00
   3.0750000e+02   1.4572282e-01   0.0000000e+00
   3.0850000e+02   1.4590199e-01   0.0000000e+00
   3.0950000e+02   1.4551056e-01   0.0000000e+00
   3.1050000e+02   1.4721998e-01   0.0000000e+00
   3.1150000e+02   1.4866712e-01   0.0000000e+00
   3.1250000e+02   1.4704705e-01   0.0000000e+00
   3.1350000e+02   1.4463361e-01   0.0000000e+00
   3.1450000e+02   1.4539827e-01   0.0000000e+00
   3.1550000e+02   1.4573842e-01   0.0000000e+00
   3.1650000e+02   1.4485994e-01   0.0000000e+00
   3.1750000e+02   1.4660944e-01   0.0000000e+00
   3.1850000e+02   1.4544056e-01   0.0000000e+00
   3.1950000e+02   1.4525253e-01   0.0000000e+00
   3.2050000e+02   1.4487634e-01   0.0000000e+00
   3.2150000e+02   1.4536911e-01   0.0000000e+00
   3.2250000e+02   1.4559738e-01   0.0000000e+00
   3.2350000e+02   1.4464999e-01   0.0000000e+00
   3.2450000e+02   1.4433694e-01   0.0000000e+00
   3.2550000e+02   1.4469512e-01   0.0000000e+00
   3.2650000e+02   1.4402759e-01   0.0000000e+00
   3.2750000e+02   1.4494196e-01   0.0000000e+00
   3.2850000e+02   1.4626667e-01   0.0000000e+00
   3.2950000e+02   1.4339342e-01   0.0000000e+00
   3.3050000e+02   1.4451913e-01   0.0000000e+00
   3.3150000e+02   1.4464145e-01   0.0000000e+00
   3.3250000e+02   1.4511416e-01   0.0000000e+00
   3.3350000e+02   1.4499835e-01   0.0000000e+00
   3.3450000e+02   1.4554353e-01   0.0000000e+00
   3.3550000e+02   1.4389610e-01   0.0000000e+00
   3.3650000e+02   1.4481509e-01   0.0000000e+00
   3.3750000e+02   1.4527989e-01   0.0000000e+00
   3.3850000e+02   1.4662983e-01   0.0000000e+00
   3.3950000e+02   1.4500901e-01   0.0000000e+00
   3.4050000e+02   1.4368725e-01   0.0000000e+00
   3.4150000e+02   1.4588104e-01   0.0000000e+00
   3.4250000e+02   1.4528834e-01   0.0000000e+00
   3.4350000e+02   1.4482927e-01   0.0000000e+00
   3.4450000e+02   1.4655138e-01   0.0000000e+00
   3.4550000e+02   1.4502016e-01   0.0000000e+00
   3.4650000e+02   1.4546104e-01   0.0000000e+00
   3.4750000e+02   1.4587845e-01   0.0000000e+00
   3.4850000e+02   1.4533115e-01   0.0000000e+00
   3.4950000e+02   1.4653033e-01   0.0000000e+00
   3.5050000e+02   1.4494141e-01   0.0000000e+00
   3.5150000e+02   1.4595201e-01   0.0000000e+00
   3.5250000e+02   1.4529289e-01   0.0000000e+00
   3.5350000e+02   1.4708481e-01   0.0000000e+00
   3.5450000e+02   1.4728973e-01   0.0000000e+00
   3.5550000e+02   1.4783229e-01   0.0000000e+00
   3.5650000e+02   1.4638095e-01   0.0000000e+00
   3.5750000e+02   1.4635421e-01   0.0000000e+00
   3.5850000e+02   1.4641688e-01   0.0000000e+00
   3.5950000e+02   1.4655623e-01   0.0000000e+00
   3.6050000e+02   1.4602192e-01   0.0000000e+00
   3.6150000e+02   1.4706260e-01   0.0000000e+00
   3.6250000e+02   1.4832551e-01   0.0000000e+00
   3.6350000e+02   1.5027305e-01   0.0000000e+00
   3.6450000e+02   1.5974466e-01   0.0000000e+00
   3.6550000e+02   1.7419415e-01   0.0000000e+00
   3.6650000e+02   1.7779647e-01   0.0000000e+00
   3.6750000e+02   1.6468707e-01   0.0000000e+00
   3.6850000e+02   1.5127731e-01   0.0000000e+00
   3.6950000e+02   1.4895040e-01   0.0000000e+00
   3.7050000e+02   1.4716462e-01   0.0000000e+00
   3.7150000e+02   1.4565963e-01   0.0000000e+00
   3.7250000e+02   1.4633465e-01   0.0000000e+00
   3.7350000e+02   1.4589074e-01   0.0000000e+00
   3.7450000e+02   1.4533057e-01   0.0000000e+00
   3.7550000e+02   1.4602752e-01   0.0000000e+00
   3.7650000e+02   1.4522031e-01   0.0000000e+00
   3.7750000e+02   1.4608967e-01   0.0000000e+00
   3.7850000e+02   1.4557030e-01   0.0000000e+00
   3.7950000e+02   1.4611027e-01   0.0000000e+00
   3.8050000e+02   1.4604100e-01   0.0000000e+00
   3.8150000e+02   1.4523566e-01   0.0000000e+00
   3.8250000e+02   1.4521959e-01   0.0000000e+00
   3.8350000e+02   1.4714956e-01   0.0000000e+00
   3.8450000e+02   1.4571138e-01   0.0000000e+00
   3.8550000e+02   1.4631480e-01   0.0000000e+00
   3.8650000e+02   1.4594251e-01   0.0000000e+00
   3.8750000e+02   1.4645884e-01   0.0000000e+00
   3.8850000e+02   1.4650744e-01   0.0000000e+00
   3.8950000e+02   1.4548887e-01   0.0000000e+00
   3.9050000e+02   1.4672041e-01   0.0000000e+00
   3.9150000e+02   1.4566863e-01   0.0000000e+00
   3.9250000e+02   1.4583398e-01   0.0000000e+00
   3.9350000e+02   1.4620373e-01   0.0000000e+00
   3.9450000e+02   1.4649979e-01   0.0000000e+00
   3.9550000e+02   1.4573398e-01   0.0000000e+00
   3.9650000e+02   1.4567873e-01   0.0000000e+00
   3.9750000e+02   1.4750326e-01   0.0000000e+00
   3.9850000e+02   1.4606425e-01   0.0000000e+00
   3.9950000e+02   1.4727282e-01   0.0000000e+00
   4.0050000e+02   1.4605961e-01   0.0000000e+00
   4.0150000e+02   1.4798160e-01   0.0000000e+00
   4.0250000e+02   1.4630204e-01   0.0000000e+00
   4.0350000e+02   1.4661874e-01   0.0000000e+00
   4.0450000e+02   1.4610754e-01   0.0000000e+00
   4.0550000e+02   1.4567502e-01   0.0000000e+00
   4.0650000e+02   1.4666199e-01   0.0000000e+00
   4.0750000e+02   1.4554507e-01   0.0000000e+00
   4.0850000e+02   1.4649969e-01   0.0000000e+00
   4.0950000e+02   1.4636921e-01   0.0000000e+00
   4.1050000e+02   1.4666287e-01   0.0000000e+00
   4.1150000e+02   1.4623790e-01   0.0000000e+00
   4.1250000e+02   1.4717368e-01   0.0000000e+00
   4.1350000e+02   1.4662025e-01   0.0000000e+00
   4.1450000e+02   1.4568322e-01   0.0000000e+00
   4.1550000e+02   1.4856909e-01   0.0000000e+00
   4.1650000e+02   1.4788669e-01   0.0000000e+00
   4.1750000e+02   1.4995469e-01   0.0000000e+00
   4.1850000e+02   1.5209862e-01   0.0000000e+00
   4.1950000e+02   1.5116908e-01   0.0000000e+00
   4.2050000e+02   1.4938895e-01   0.0000000e+00
   4.2150000e+02   1.4746339e-01   0.0000000e+00
   4.2250000e+02   1.4918530e-01   0.0000000e+00
   4.2350000e+02   1.4750051e-01   0.0000000e+00
   4.2450000e+02   1.4716961e-01   0.0000000e+00
   4.2550000e+02   1.4692349e-01   0.0000000e+00
   4.2650000e+02   1.4768758e-01   0.0000000e+00
   4.2750000e+02   1.4863937e-01   0.0000000e+00
   4.2850000e+02   1.4866990e-01   0.0000000e+00
   4.2950000e+02   1.5281935e-01   0.0000000e+00
   4.3050000e+02   1.5839512e-01   0.0000000e+00
   4.3150000e+02   1.6133972e-01   0.0000000e+00
   4.3250000e+02   1.6105812e-01   0.0000000e+00
   4.3350000e+02   1.5701160e-01   0.0000000e+00
   4.3450000e+02   1.5123464e-01   0.0000000e+00
   4.3550000e+02   1.5037294e-01   0.0000000e+00
   4.3650000e+02   1.4708062e-01   0.0000000e+00
   4.3750000e+02   1.4761878e-01   0.0000000e+00
   4.3850000e+02   1.4753676e-01   0.0000000e+00
   4.3950000e+02   1.4675803e-01   0.0000000e+00
   4.4050000e+02   1.4736203e-01   0.0000000e+00
   4.4150000e+02   1.4818641e-01   0.0000000e+00
   4.4250000e+02   1.4736439e-01   0.0000000e+00
   4.4350000e+02   1.4576844e-01   0.0000000e+00
   4.4450000e+02   1.4714725e-01   0.0000000e+00
   4.4550000e+02   1.4713801e-01   0.0000000e+00
   4.4650000e+02   1.4641472e-01   0.0000000e+00
   4.4750000e+02   1.4724650e-01   0.0000000e+00
   4.4850000e+02   1.4614505e-01   0.0000000e+00
   4.4950000e+02   1.4740056e-01   0.0000000e+00
   4.5050000e+02   1.4744452e-01   0.0000000e+00
   4.5150000e+02   1.4591647e-01   0.0000000e+00
   4.5250000e+02   1.4797737e-01   0.0000000e+00
   4.5350000e+02   1.4727246e-01   0.0000000e+00
   4.5450000e+02   1.4686024e-01   0.0000000e+00
   4.5550000e+02   1.4741653e-01   0.0000000e+00
   4.5650000e+02   1.4581414e-01   0.0000000e+00
   4.5750000e+02   1.4667219e-01   0.0000000e+00
   4.5850000e+02   1.4730010e-01   0.0000000e+00
   4.5950000e+02   1.4527177e-01   0.0000000e+00
   4.6050000e+02   1.4717794e-01   0.0000000e+00
   4.6150000e+02   1.4720704e-01   0.0000000e+00
   4.6250000e+02   1.4613551e-01   0.0000000e+00
   4.6350000e+02   1.4862513e-01   0.0000000e+00
   4.6450000e+02   1.4736698e-01   0.0000000e+00
   4.6550000e+02   1.4668026e-01   0.0000000e+00
   4.6650000e+02   1.4715940e-01   0.0000000e+00
   4.6750000e+02   1.4641603e-01   0.0000000e+00
   4.6850000e+02   1.4640259e-01   0.0000000e+00
   4.6950000e+02   1.4654180e-01   0.0000000e+00
   4.7050000e+02   1.4659335e-01   0.0000000e+00
   4.7150000e+02   1.4675138e-01   0.0000000e+00
   4.7250000e+02   1.4741856e-01   0.0000000e+00
   4.7350000e+02   1.4614212e-01   0.0000000e+00
   4.7450000e+02   1.4771763e-01   0.0000000e+00
   4.7550000e+02   1.4722150e-01   0.0000000e+00
   4.7650000e+02   1.4783732e-01   0.0000000e+00
   4.7750000e+02   1.4685230e-01   0.0000000e+00
   4.7850000e+02   1.4704176e-01   0.0000000e+00
   4.7950000e+02   1.4874437e-01   0.0000000e+00
   4.8050000e+02   1.4736993e-01   0.0000000e+00
   4.8150000e+02   1.4712797e-01   0.0000000e+00
   4.8250000e+02   1.4770515e-01   0.0000000e+00
   4.8350000e+02   1.4786091e-01   0.0000000e+00
   4.8450000e+02   1.4694508e-01   0.0000000e+00
   4.8550000e+02   1.4652456e-01   0.0000000e+00
   4.8650000e+02   1.4904314e-01   0.0000000e+00
   4.8750000e+02   1.4795215e-01   0.0000000e+00
   4.8850000e+02   1.4855834e-01   0.0000000e+00
   4.8950000e+02   1.4750646e-01   0.0000000e+00
   4.9050000e+02   1.4763592e-01   0.0000000e+00
   4.9150000e+02   1.4696517e-01   0.0000000e+00
   4.9250000e+02   1.4774069e-01   0.0000000e+00
   4.9350000e+02   1.4688014e-01   0.0000000e+00
   4.9450000e+02   1.4700314e-01   0.0000000e+00
   4.9550000e+02   1.4636321e-01   0.0000000e+00
   4.9650000e+02   1.4680876e-01   0.0000000e+00
   4.9750000e+02   1.4756860e-01   0.0000000e+00
   4.9850000e+02   1.4688564e-01   0.0000000e+00
   4.9950000e+02   1.4698916e-01   0.0000000e+00
   5.0050000e+02   1.4565660e-01   0.0000000e+00
   5.0150000e+02   1.4760439e-01   0.0000000e+00
   5.0250000e+02   1.4752306e-01   0.0000000e+00
   5.0350000e+02   1.4687442e-01   0.0000000e+00
   5.0450000e+02   1.4632399e-01   0.0000000e+00
   5.0550000e+02   1.4885214e-01   0.0000000e+00
   5.0650000e+02   1.4612399e-01   0.0000000e+00
   5.0750000e+02   1.4706319e-01   0.0000000e+00
   5.0850000e+02   1.4842192e-01   0.0000000e+00
   5.0950000e+02   1.4754285e-01   0.0000000e+00
   5.1050000e+02   1.4636622e-01   0.0000000e+00
   5.1150000e+02   1.4681791e-01   0.0000000e+00
   5.1250000e+02   1.4736194e-01   0.0000000e+00
   5.1350000e+02   1.4710341e-01   0.0000000e+00
   5.1450000e+02   1.4695032e-01   0.0000000e+00
   5.1550000e+02   1.4724094e-01   0.0000000e+00
   5.1650000e+02   1.4653746e-01   0.0000000e+00
   5.1750000e+02   1.4774207e-01   0.0000000e+00
   5.1850000e+02   1.4854918e-01   0.0000000e+00
   5.1950000e+02   1.4728906e-01   0.0000000e+00
   5.2050000e+02   1.4753770e-01   0.0000000e+00
   5.2150000e+02   1.4619535e-01   0.0000000e+00
   5.2250000e+02   1.4793253e-01   0.0000000e+00
   5.2350000e+02   1.4862647e-01   0.0000000e+00
   5.2450000e+02   1.4862902e-01   0.0000000e+00
   5.2550000e+02   1.4785581e-01   0.0000000e+00
   5.2650000e+02   1.4687980e-01   0.0000000e+00
   5.2750000e+02   1.4754568e-01   0.0000000e+00
   5.2850000e+02   1.4808792e-01   0.0000000e+00
   5.2950000e+02   1.4828030e-01   0.0000000e+00
   5.3050000e+02   1.4808555e-01   0.0000000e+00
   5.3150000e+02   1.4770194e-01   0.0000000e+00
   5.3250000e+02   1.4824048e-01   0.0000000e+00
   5.3350000e+02   1.4881954e-01   0.0000000e+00
   5.3450000e+02   1.4770632e-01   0.0000000e+00
   5.3550000e+02   1.4808096e-01   0.0000000e+00
   5.3650000e+02   1.4698324e-01   0.0000000e+00
   5.3750000e+02   1.4747694e-01   0.0000000e+00
   5.3850000e+02   1.4796995e-01   0.0000000e+00
   5.3950000e+02   1.4826548e-01   0.0000000e+00
   5.4050000e+02   1.4808861e-01   0.0000000e+00
   5.4150000e+02   1.4710289e-01   0.0000000e+00
   5.4250000e+02   1.4804737e-01   0.0000000e+00
   5.4350000e+02   1.4753528e-01   0.0000000e+00
   5.4450000e+02   1.4810899e-01   0.0000000e+00
   5.4550000e+02   1.4732139e-01   0.0000000e+00
   5.4650000e+02   1.4940608e-01   0.0000000e+00
   5.4750000e+02   1.4747363e-01   0.0000000e+00
   5.4850000e+02   1.4822828e-01   0.0000000e+00
   5.4950000e+02   1.4699093e-01   0.0000000e+00
   5.5050000e+02   1.4774439e-01   0.0000000e+00
   5.5150000e+02   1.4886842e-01   0.0000000e+00
   5.5250000e+02   1.4906383e-01   0.0000000e+00
   5.5350000e+02   1.4747067e-01   0.0000000e+00
   5.5450000e+02   1.4961941e-01   0.0000000e+00
   5.5550000e+02   1.4797753e-01   0.0000000e+00
   5.5650000e+02   1.4756841e-01   0.0000000e+00
   5.5750000e+02   1.4842881e-01   0.0000000e+00
   5.5850000e+02   1.4810268e-01   0.0000000e+00
   5.5950000e+02   1.4903070e-01   0.0000000e+00
   5.6050000e+02   1.4911118e-01   0.0000000e+00
   5.6150000e+02   1.4943111e-01   0.0000000e+00
   5.6250000e+02   1.5036664e-01   0.0000000e+00
   5.6350000e+02   1.4897049e-01   0.0000000e+00
   5.6450000e+02   1.4891232e-01   0.0000000e+00
   5.6550000e+02   1.4945250e-01   0.0000000e+00
   5.6650000e+02   1.4924437e-01   0.0000000e+00
   5.6750000e+02   1.4776457e-01   0.0000000e+00
   5.6850000e+02   1.4936885e-01   0.0000000e+00
   5.6950000e+02   1.4778942e-01   0.0000000e+00
   5.7050000e+02   1.4861650e-01   0.0000000e+00
   5.7150000e+02   1.4845237e-01   0.0000000e+00
   5.7250000e+02   1.4910914e-01   0.0000000e+00
   5.7350000e+02   1.4894178e-01   0.0000000e+00
   5.7450000e+02   1.4797274e-01   0.0000000e+00
   5.7550000e+02   1.4777507e-01   0.0000000e+00
   5.7650000e+02   1.4762529e-01   0.0000000e+00
   5.7750000e+02   1.4740559e-01   0.0000000e+00
   5.7850000e+02   1.4768534e-01   0.0000000e+00
   5.7950000e+02   1.4769035e-01   0.0000000e+00
   5.8050000e+02   1.4789153e-01   0.0000000e+00
   5.8150000e+02   1.4761687e-01   0.0000000e+00
   5.8250000e+02   1.4867047e-01   0.0000000e+00
   5.8350000e+02   1.4914714e-01   0.0000000e+00
   5.8450000e+02   1.4669569e-01   0.0000000e+00
   5.8550000e+02   1.4910759e-01   0.0000000e+00
   5.8650000e+02   1.4970654e-01   0.0000000e+00
   5.8750000e+02   1.4797180e-01   0.0000000e+00
   5.8850000e+02   1.4884485e-01   0.0000000e+00
   5.8950000e+02   1.4715640e-01   0.0000000e+00
   5.9050000e+02   1.4865582e-01   0.0000000e+00
   5.9150000e+02   1.4766082e-01   0.0000000e+00
   5.9250000e+02   1.4913990e-01   0.0000000e+00
   5.9350000e+02   1.4903109e-01   0.0000000e+00
   5.9450000e+02   1.4734802e-01   0.0000000e+00
   5.9550000e+02   1.4650229e-01   0.0000000e+00
   5.9650000e+02   1.4941073e-01   0.0000000e+00
   5.9750000e+02   1.4955641e-01   0.0000000e+00
   5.9850000e+02   1.4950294e-01   0.0000000e+00
   5.9950000e+02   1.5012374e-01   0.0000000e+00
   6.0050000e+02   1.4801400e-01   0.0000000e+00
   6.0150000e+02   1.4700841e-01   0.0000000e+00
   6.0250000e+02   1.4837831e-01   0.0000000e+00
   6.0350000e+02   1.5125206e-01   0.0000000e+00
   6.0450000e+02   1.4917534e-01   0.0000000e+00
   6.0550000e+02   1.4809865e-01   0.0000000e+00
   6.0650000e+02   1.4687620e-01   0.0000000e+00
   6.0750000e+02   1.4931178e-01   0.0000000e+00
   6.0850000e+02   1.4789560e-01   0.0000000e+00
   6.0950000e+02   1.4732391e-01   0.0000000e+00
   6.1050000e+02   1.4927487e-01   0.0000000e+00
   6.1150000e+02   1.4852395e-01   0.0000000e+00
   6.1250000e+02   1.4947549e-01   0.0000000e+00
   6.1350000e+02   1.4835981e-01   0.0000000e+00
   6.1450000e+02   1.4789091e-01   0.0000000e+00
   6.1550000e+02   1.4893255e-01   0.0000000e+00
   6.1650000e+02   1.4765786e-01   0.0000000e+00
   6.1750000e+02   1.4897870e-01   0.0000000e+00
   6.1850000e+02   1.4876785e-01   0.0000000e+00
   6.1950000e+02   1.4943251e-01   0.0000000e+00
   6.2050000e+02   1.4862567e-01   0.0000000e+00
   6.2150000e+02   1.4913949e-01   0.0000000e+00
   6.2250000e+02   1.5031243e-01   0.0000000e+00
   6.2350000e+02   1.4939777e-01   0.0000000e+00
   6.2450000e+02   1.4832980e-01   0.0000000e+00
   6.2550000e+02   1.4845199e-01   0.0000000e+00
   6.2650000e+02   1.4879394e-01   0.0000000e+00
   6.2750000e+02   1.4924222e-01   0.0000000e+00
   6.2850000e+02   1.4875525e-01   0.0000000e+00
   6.2950000e+02   1.4772567e-01   0.0000000e+00
   6.3050000e+02   1.4958789e-01   0.0000000e+00
   6.3150000e+02   1.4800307e-01   0.0000000e+00
   6.3250000e+02   1.4846570e-01   0.0000000e+00
   6.3350000e+02   1.4971529e-01   0.0000000e+00
   6.3450000e+02   1.4909076e-01   0.0000000e+00
   6.3550000e+02   1.4831619e-01   0.0000000e+00
   6.3650000e+02   1.4841585e-01   0.0000000e+00
   6.3750000e+02   1.4909856e-01   0.0000000e+00
   6.3850000e+02   1.4879761e-01   0.0000000e+00
   6.3950000e+02   1.4864953e-01   0.0000000e+00
   6.4050000e+02   1.5071651e-01   0.0000000e+00
   6.4150000e+02   1.4848422e-01   0.0000000e+00
   6.4250000e+02   1.4860604e-01   0.0000000e+00
   6.4350000e+02   1.4840917e-01   0.0000000e+00
   6.4450000e+02   1.4939268e-01   0.0000000e+00
   6.4550000e+02   1.4772822e-01   0.0000000e+00
   6.4650000e+02   1.4889115e-01   0.0000000e+00
   6.4750000e+02   1.4918282e-01   0.0000000e+00
   6.4850000e+02   1.5012836e-01   0.0000000e+00
   6.4950000e+02   1.4955297e-01   0.0000000e+00
   6.5050000e+02   1.4902765e-01   0.0000000e+00
   6.5150000e+02   1.4875076e-01   0.0000000e+00
   6.5250000e+02   1.4811763e-01   0.0000000e+00
   6.5350000e+02   1.4898504e-01   0.0000000e+00
   6.5450000e+02   1.4953977e-01   0.0000000e+00
   6.5550000e+02   1.4918148e-01   0.0000000e+00
   6.5650000e+02   1.4981528e-01   0.0000000e+00
   6.5750000e+02   1.4842714e-01   0.0000000e+00
   6.5850000e+02   1.4851666e-01   0.0000000e+00
   6.5950000e+02   1.5014729e-01   0.0000000e+00
   6.6050000e+02   1.4867639e-01   0.0000000e+00
   6.6150000e+02   1.4999021e-01   0.0000000e+00
   6.6250000e+02   1.5059259e-01   0.0000000e+00
   6.6350000e+02   1.4934565e-01   0.0000000e+00
   6.6450000e+02   1.4911040e-01   0.0000000e+00
   6.6550000e+02   1.4878005e-01   0.0000000e+00
   6.6650000e+02   1.5039793e-01   0.0000000e+00
   6.6750000e+02   1.5023373e-01   0.0000000e+00
   6.6850000e+02   1.5173071e-01   0.0000000e+00
   6.6950000e+02   1.5311472e-01   0.0000000e+00
   6.7050000e+02   1.5271138e-01   0.0000000e+00
   6.7150000e+02   1.5336837e-01   0.0000000e+00
   6.7250000e+02   1.5412090e-01   0.0000000e+00
   6.7350000e+02   1.5621378e-01   0.0000000e+00
   6.7450000e+02   1.5833263e-01   0.0000000e+00
   6.7550000e+02   1.6264304e-01   0.0000000e+00
   6.7650000e+02   1.6432238e-01   0.0000000e+00
   6.7750000e+02   1.6528716e-01   0.0000000e+00
   6.7850000e+02   1.6976402e-01   0.0000000e+00
   6.7950000e+02   1.6813811e-01   0.0000000e+00
   6.8050000e+02   1.6757000e-01   0.0000000e+00
   6.8150000e+02   1.6624014e-01   0.0000000e+00
   6.8250000e+02   1.6379982e-01   0.0000000e+00
   6.8350000e+02   1.6230625e-01   0.0000000e+00
   6.8450000e+02   1.5874012e-01   0.0000000e+00
   6.8550000e+02   1.5814747e-01   0.0000000e+00
   6.8650000e+02   1.5574809e-01   0.0000000e+00
   6.8750000e+02   1.5323957e-01   0.0000000e+00
   6.8850000e+02   1.5213644e-01   0.0000000e+00
   6.8950000e+02   1.5266460e-01   0.0000000e+00
   6.9050000e+02   1.5295720e-01   0.0000000e+00
   6.9150000e+02   1.5099121e-01   0.0000000e+00
   6.9250000e+02   1.5057981e-01   0.0000000e+00
   6.9350000e+02   1.5103388e-01   0.0000000e+00
   6.9450000e+02   1.5034421e-01   0.0000000e+00
   6.9550000e+02   1.5037981e-01   0.0000000e+00
   6.9650000e+02   1.4968847e-01   0.0000000e+00
   6.9750000e+02   1.5046714e-01   0.0000000e+00
   6.9850000e+02   1.5095970e-01   0.0000000e+00
   6.9950000e+02   1.4976325e-01   0.0000000e+00
   7.0050000e+02   1.5065149e-01   0.0000000e+00
   7.0150000e+02   1.4991914e-01   0.0000000e+00
   7.0250000e+02   1.5166907e-01   0.0000000e+00
   7.0350000e+02   1.5109030e-01   0.0000000e+00
   7.0450000e+02   1.5129275e-01   0.0000000e+00
   7.0550000e+02   1.5015929e-01   0.0000000e+00
   7.0650000e+02   1.5044975e-01   0.0000000e+00
   7.0750000e+02   1.5244310e-01   0.0000000e+00
   7.0850000e+02   1.5103864e-01   0.0000000e+00
   7.0950000e+02   1.5124719e-01   0.0000000e+00
   7.1050000e+02   1.5143219e-01   0.0000000e+00
   7.1150000e+02   1.5197151e-01   0.0000000e+00
   7.1250000e+02   1.5272793e-01   0.0000000e+00
   7.1350000e+02   1.5284790e-01   0.0000000e+00
   7.1450000e+02   1.5192998e-01   0.0000000e+00
   7.1550000e+02   1.5198974e-01   0.0000000e+00
   7.1650000e+02   1.5360038e-01   0.0000000e+00
   7.1750000e+02   1.5249289e-01   0.0000000e+00
   7.1850000e+02   1.5382241e-01   0.0000000e+00
   7.1950000e+02   1.5348051e-01   0.0000000e+00
   7.2050000e+02   1.5469493e-01   0.0000000e+00
   7.2150000e+02   1.5482741e-01   0.0000000e+00
   7.2250000e+02   1.5616923e-01   0.0000000e+00
   7.2350000e+02   1.5683166e-01   0.0000000e+00
   7.2450000e+02   1.5670941e-01   0.0000000e+00
   7.2550000e+02   1.5834245e-01   0.0000000e+00
   7.2650000e+02   1.5920079e-01   0.0000000e+00
   7.2750000e+02   1.6086030e-01   0.0000000e+00
   7.2850000e+02   1.6260571e-01   0.0000000e+00
   7.2950000e+02   1.6394741e-01   0.0000000e+00
   7.3050000e+02   1.6679623e-01   0.0000000e+00
   7.3150000e+02   1.6832743e-01   0.0000000e+00
   7.3250000e+02   1.7251395e-01   0.0000000e+00
   7.3350000e+02   1.7594222e-01   0.0000000e+00
   7.3450000e+02   1.8020903e-01   0.0000000e+00
   7.3550000e+02   1.8483488e-01   0.0000000e+00
   7.3650000e+02   1.8872322e-01   0.0000000e+00
   7.3750000e+02   1.9478331e-01   0.0000000e+00
   7.3850000e+02   1.9961110e-01   0.0000000e+00
   7.3950000e+02   2.0458402e-01   0.0000000e+00
   7.4050000e+02   2.0722186e-01   0.0000000e+00
   7.4150000e+02   2.1217108e-01   0.0000000e+00
   7.4250000e+02   2.1350668e-01   0.0000000e+00
   7.4350000e+02   2.1494030e-01   0.0000000e+00
   7.4450000e+02   2.1483480e-01   0.0000000e+00
   7.4550000e+02   2.1146142e-01   0.0000000e+00
   7.4650000e+02   2.0795851e-01   0.0000000e+00
   7.4750000e+02   2.0595539e-01   0.0000000e+00
   7.4850000e+02   2.0110066e-01   0.0000000e+00
   7.4950000e+02   1.9627531e-01   0.0000000e+00
   7.5050000e+02   1.9088199e-01   0.0000000e+00
   7.5150000e+02   1.8578384e-01   0.0000000e+00
   7.5250000e+02   1.8118879e-01   0.0000000e+00
   7.5350000e+02   1.7699683e-01   0.0000000e+00
   7.5450000e+02   1.7507086e-01   0.0000000e+00
   7.5550000e+02   1.7143751e-01   0.0000000e+00
   7.5650000e+02   1.6899746e-01   0.0000000e+00
   7.5750000e+02   1.6713780e-01   0.0000000e+00
   7.5850000e+02   1.6524533e-01   0.0000000e+00
   7.5950000e+02   1.6564927e-01   0.0000000e+00
   7.6050000e+02   1.6436612e-01   0.0000000e+00
   7.6150000e+02   1.6433401e-01   0.0000000e+00
   7.6250000e+02   1.6389918e-01   0.0000000e+00
   7.6350000e+02   1.6383533e-01   0.0000000e+00
   7.6450000e+02   1.6227329e-01   0.0000000e+00
   7.6550000e+02   1.6110730e-01   0.0000000e+00
   7.6650000e+02   1.6293622e-01   0.0000000e+00
   7.6750000e+02   1.6272635e-01   0.0000000e+00
   7.6850000e+02   1.5989293e-01   0.0000000e+00
   7.6950000e+02   1.5988527e-01   0.0000000e+00
   7.7050000e+02   1.5770349e-01   0.0000000e+00
   7.7150000e+02   1.5681067e-01   0.0000000e+00
   7.7250000e+02   1.5643246e-01   0.0000000e+00
   7.7350000e+02   1.5490713e-01   0.0000000e+00
   7.7450000e+02   1.5479039e-01   0.0000000e+00
   7.7550000e+02   1.5464707e-01   0.0000000e+00
   7.7650000e+02   1.5280905e-01   0.0000000e+00
   7.7750000e+02   1.5394240e-01   0.0000000e+00
   7.7850000e+02   1.5406481e-01   0.0000000e+00
   7.7950000e+02   1.5442773e-01   0.0000000e+00
   7.8050000e+02   1.5311077e-01   0.0000000e+00
   7.8150000e+02   1.5311382e-01   0.0000000e+00
   7.8250000e+02   1.5239279e-01   0.0000000e+00
   7.8350000e+02   1.5187768e-01   0.0000000e+00
   7.8450000e+02   1.5117608e-01   0.0000000e+00
   7.8550000e+02   1.5159734e-01   0.0000000e+00
   7.8650000e+02   1.5216278e-01   0.0000000e+00
   7.8750000e+02   1.5319193e-01   0.0000000e+00
   7.8850000e+02   1.5261539e-01   0.0000000e+00
   7.8950000e+02   1.5064696e-01   0.0000000e+00
   7.9050000e+02   1.5165413e-01   0.0000000e+00
   7.9150000e+02   1.5121186e-01   0.0000000e+00
   7.9250000e+02   1.5094464e-01   0.0000000e+00
   7.9350000e+02   1.5009704e-01   0.0000000e+00
   7.9450000e+02   1.5089831e-01   0.0000000e+00
   7.9550000e+02   1.4975634e-01   0.0000000e+00
   7.9650000e+02   1.5029351e-01   0.0000000e+00
   7.9750000e+02   1.4940927e-01   0.0000000e+00
   7.9850000e+02   1.5068969e-01   0.0000000e+00
   7.9950000e+02   1.5028453e-01   0.0000000e+00
   8.0050000e+02   1.5124987e-01   0.0000000e+00
   8.0150000e+02   1.5075396e-01   0.0000000e+00
   8.0250000e+02   1.5011240e-01   0.0000000e+00
   8.0350000e+02   1.5111720e-01   0.0000000e+00
   8.0450000e+02   1.5162673e-01   0.0000000e+00
   8.0550000e+02   1.5070494e-01   0.0000000e+00
   8.0650000e+02   1.4999946e-01   0.0000000e+00
   8.0750000e+02   1.5055322e-01   0.0000000e+00
   8.0850000e+02   1.5006215e-01   0.0000000e+00
   8.0950000e+02   1.5079649e-01   0.0000000e+00
   8.1050000e+02   1.5139776e-01   0.0000000e+00
   8.1150000e+02   1.5085467e-01   0.0000000e+00
   8.1250000e+02   1.4973179e-01   0.0000000e+00
   8.1350000e+02   1.5150332e-01   0.0000000e+00
   8.1450000e+02   1.4919722e-01   0.0000000e+00
   8.1550000e+02   1.4980993e-01   0.0000000e+00
   8.1650000e+02   1.5198189e-01   0.0000000e+00
   8.1750000e+02   1.5027723e-01   0.0000000e+00
   8.1850000e+02   1.4981586e-01   0.0000000e+00
   8.1950000e+02   1.5058014e-01   0.0000000e+00
   8.2050000e+02   1.5034623e-01   0.0000000e+00
   8.2150000e+02   1.4929396e-01   0.0000000e+00
   8.2250000e+02   1.5010318e-01   0.0000000e+00
   8.2350000e+02   1.4956847e-01   0.0000000e+00
   8.2450000e+02   1.5073363e-01   0.0000000e+00
   8.2550000e+02   1.5060439e-01   0.0000000e+00
   8.2650000e+02   1.5036706e-01   0.0000000e+00
   8.2750000e+02   1.5025577e-01   0.0000000e+00
   8.2850000e+02   1.5095612e-01   0.0000000e+00
   8.2950000e+02   1.5016534e-01   0.0000000e+00
   8.3050000e+02   1.5048833e-01   0.0000000e+00
   8.3150000e+02   1.4984011e-01   0.0000000e+00
   8.3250000e+02   1.4993207e-01   0.0000000e+00
   8.3350000e+02   1.5015091e-01   0.0000000e+00
   8.3450000e+02   1.5115727e-01   0.0000000e+00
   8.3550000e+02   1.5007650e-01   0.0000000e+00
   8.3650000e+02   1.5003729e-01   0.0000000e+00
   8.3750000e+02   1.5159012e-01   0.0000000e+00
   8.3850000e+02   1.4905232e-01   0.0000000e+00
   8.3950000e+02   1.4964964e-01   0.0000000e+00
   8.4050000e+02   1.4990187e-01   0.0000000e+00
   8.4150000e+02   1.5053635e-01   0.0000000e+00
   8.4250000e+02   1.4900935e-01   0.0000000e+00
   8.4350000e+02   1.5101153e-01   0.0000000e+00
   8.4450000e+02   1.5026607e-01   0.0000000e+00
   8.4550000e+02   1.5186127e-01   0.0000000e+00
   8.4650000e+02   1.5076732e-01   0.0000000e+00
   8.4750000e+02   1.4956929e-01   0.0000000e+00
   8.4850000e+02   1.5082407e-01   0.0000000e+00
   8.4950000e+02   1.5056662e-01   0.0000000e+00
   8.5050000e+02   1.5043779e-01   0.0000000e+00
   8.5150000e+02   1.5132107e-01   0.0000000e+00
   8.5250000e+02   1.5063227e-01   0.0000000e+00
   8.5350000e+02   1.5194816e-01   0.0000000e+00
   8.5450000e+02   1.5031594e-01   0.0000000e+00
   8.5550000e+02   1.5073741e-01   0.0000000e+00
   8.5650000e+02   1.5112132e-01   0.0000000e+00
   8.5750000e+02   1.5046977e-01   0.0000000e+00
   8.5850000e+02   1.5072343e-01   0.0000000e+00
   8.5950000e+02   1.5286099e-01   0.0000000e+00
   8.6050000e+02   1.5142761e-01   0.0000000e+00
   8.6150000e+02   1.5140129e-01   0.0000000e+00
   8.6250000e+02   1.5020661e-01   0.0000000e+00
   8.6350000e+02   1.5157275e-01   0.0000000e+00
   8.6450000e+02   1.5188168e-01   0.0000000e+00
   8.6550000e+02   1.5231194e-01   0.0000000e+00
   8.6650000e+02   1.5196278e-01   0.0000000e+00
   8.6750000e+02   1.5151526e-01   0.0000000e+00
   8.6850000e+02   1.5223518e-01   0.0000000e+00
   8.6950000e+02   1.5148316e-01   0.0000000e+00
   8.7050000e+02   1.5120281e-01   0.0000000e+00
   8.7150000e+02   1.5162909e-01   0.0000000e+00
   8.7250000e+02   1.4959539e-01   0.0000000e+00
   8.7350000e+02   1.5190802e-01   0.0000000e+00
   8.7450000e+02   1.5017226e-01   0.0000000e+00
   8.7550000e+02   1.5088866e-01   0.0000000e+00
   8.7650000e+02   1.5034044e-01   0.0000000e+00
   8.7750000e+02   1.5104635e-01   0.0000000e+00
   8.7850000e+02   1.5020652e-01   0.0000000e+00
   8.7950000e+02   1.5113167e-01   0.0000000e+00
   8.8050000e+02   1.4938406e-01   0.0000000e+00
   8.8150000e+02   1.5166300e-01   0.0000000e+00
   8.8250000e+02   1.4879373e-01   0.0000000e+00
   8.8350000e+02   1.4935477e-01   0.0000000e+00
   8.8450000e+02   1.5085624e-01   0.0000000e+00
   8.8550000e+02   1.4918767e-01   0.0000000e+00
   8.8650000e+02   1.4965387e-01   0.0000000e+00
   8.8750000e+02   1.4970096e-01   0.0000000e+00
   8.8850000e+02   1.4967404e-01   0.0000000e+00
   8.8950000e+02   1.4988690e-01   0.0000000e+00
   8.9050000e+02   1.5116893e-01   0.0000000e+00
   8.9150000e+02   1.5092204e-01   0.0000000e+00
   8.9250000e+02   1.5024838e-01   0.0000000e+00
   8.9350000e+02   1.4865442e-01   0.0000000e+00
   8.9450000e+02   1.5043275e-01   0.0000000e+00
   8.9550000e+02   1.5003417e-01   0.0000000e+00
   8.9650000e+02   1.5055111e-01   0.0000000e+00
   8.9750000e+02   1.4905295e-01   0.0000000e+00
   8.9850000e+02   1.5009863e-01   0.0000000e+00
   8.9950000e+02   1.5029853e-01   0.0000000e+00
   9.0050000e+02   1.4890801e-01   0.0000000e+00
   9.0150000e+02   1.4981688e-01   0.0000000e+00
   9.0250000e+02   1.4973140e-01   0.0000000e+00
   9.0350000e+02   1.4923839e-01   0.0000000e+00
   9.0450000e+02   1.5093513e-01   0.0000000e+00
   9.0550000e+02   1.5160493e-01   0.0000000e+00
   9.0650000e+02   1.4931829e-01   0.0000000e+00
   9.0750000e+02   1.5081228e-01   0.0000000e+00
   9.0850000e+02   1.5033054e-01   0.0000000e+00
   9.0950000e+02   1.4996090e-01   0.0000000e+00
   9.1050000e+02   1.5099055e-01   0.0000000e+00
   9.1150000e+02   1.5005033e-01   0.0000000e+00
   9.1250000e+02   1.4932666e-01   0.0000000e+00
   9.1350000e+02   1.5005915e-01   0.0000000e+00
   9.1450000e+02   1.4967277e-01   0.0000000e+00
   9.1550000e+02   1.4962449e-01   0.0000000e+00
   9.1650000e+02   1.4917471e-01   0.0000000e+00
   9.1750000e+02   1.5026721e-01   0.0000000e+00
   9.1850000e+02   1.5080680e-01   0.0000000e+00
   9.1950000e+02   1.4888071e-01   0.0000000e+00
   9.2050000e+02   1.4998130e-01   0.0000000e+00
   9.2150000e+02   1.5011936e-01   0.0000000e+00
   9.2250000e+02   1.5174825e-01   0.0000000e+00
   9.2350000e+02   1.4992110e-01   0.0000000e+00
   9.2450000e+02   1.4949297e-01   0.0000000e+00
   9.2550000e+02   1.5124834e-01   0.0000000e+00
   9.2650000e+02   1.4959285e-01   0.0000000e+00
   9.2750000e+02   1.5024687e-01   0.0000000e+00
   9.2850000e+02   1.4848265e-01   0.0000000e+00
   9.2950000e+02   1.4925289e-01   0.0000000e+00
   9.3050000e+02   1.4992054e-01   0.0000000e+00
   9.3150000e+02   1.4861186e-01   0.0000000e+00
   9.3250000e+02   1.5093830e-01   0.0000000e+00
   9.3350000e+02   1.4865472e-01   0.0000000e+00
   9.3450000e+02   1.5097977e-01   0.0000000e+00
   9.3550000e+02   1.5024393e-01   0.0000000e+00
   9.3650000e+02   1.4997096e-01   0.0000000e+00
   9.3750000e+02   1.5051402e-01   0.0000000e+00
   9.3850000e+02   1.5049092e-01   0.0000000e+00
   9.3950000e+02   1.5065712e-01   0.0000000e+00
   9.4050000e+02   1.4951365e-01   0.0000000e+00
   9.4150000e+02   1.4916287e-01   0.0000000e+00
   9.4250000e+02   1.4962199e-01   0.0000000e+00
   9.4350000e+02   1.5111602e-01   0.0000000e+00
   9.4450000e+02   1.5022910e-01   0.0000000e+00
   9.4550000e+02   1.5089039e-01   0.0000000e+00
   9.4650000e+02   1.5005475e-01   0.0000000e+00
   9.4750000e+02   1.4905176e-01   0.0000000e+00
   9.4850000e+02   1.4966529e-01   0.0000000e+00
   9.4950000e+02   1.4980378e-01   0.0000000e+00
   9.5050000e+02   1.5078577e-01   0.0000000e+00
   9.5150000e+02   1.5057037e-01   0.0000000e+00
   9.5250000e+02   1.5080796e-01   0.0000000e+00
   9.5350000e+02   1.5098117e-01   0.0000000e+00
   9.5450000e+02   1.5053841e-01   0.0000000e+00
   9.5550000e+02   1.4996973e-01   0.0000000e+00
   9.5650000e+02   1.5022784e-01   0.0000000e+00
   9.5750000e+02   1.5071162e-01   0.0000000e+00
   9.5850000e+02   1.5044285e-01   0.0000000e+00
   9.5950000e+02   1.5039816e-01   0.0000000e+00
   9.6050000e+02   1.5039709e-01   0.0000000e+00
   9.6150000e+02   1.4978628e-01   0.0000000e+00
   9.6250000e+02   1.5082553e-01   0.0000000e+00
   9.6350000e+02   1.5093016e-01   0.0000000e+00
   9.6450000e+02   1.5060913e-01   0.0000000e+00
   9.6550000e+02   1.5022913e-01   0.0000000e+00
   9.6650000e+02   1.5161585e-01   0.0000000e+00
   9.6750000e+02   1.5005689e-01   0.0000000e+00
   9.6850000e+02   1.5012997e-01   0.0000000e+00
   9.6950000e+02   1.5041273e-01   0.0000000e+00
   9.7050000e+02   1.5011800e-01   0.0000000e+00
   9.7150000e+02   1.5002633e-01   0.0000000e+00
   9.7250000e+02   1.5064087e-01   0.0000000e+00
   9.7350000e+02   1.4915378e-01   0.0000000e+00
   9.7450000e+02   1.5149883e-01   0.0000000e+00
   9.7550000e+02   1.5042056e-01   0.0000000e+00
   9.7650000e+02   1.4927268e-01   0.0000000e+00
   9.7750000e+02   1.5018660e-01   0.0000000e+00
   9.7850000e+02   1.4973535e-01   0.0000000e+00
   9.7950000e+02   1.4963261e-01   0.0000000e+00
   9.8050000e+02   1.4902434e-01   0.0000000e+00
   9.8150000e+02   1.4934663e-01   0.0000000e+00
   9.8250000e+02   1.4950107e-01   0.0000000e+00
   9.8350000e+02   1.4889991e-01   0.0000000e+00
   9.8450000e+02   1.5009675e-01   0.0000000e+00
   9.8550000e+02   1.5030205e-01   0.0000000e+00
   9.8650000e+02   1.4945070e-01   0.0000000e+00
   9.8750000e+02   1.5155352e-01   0.0000000e+00
   9.8850000e+02   1.5091527e-01   0.0000000e+00
   9.8950000e+02   1.4973203e-01   0.0000000e+00
   9.9050000e+02   1.4928817e-01   0.0000000e+00
   9.9150000e+02   1.5032408e-01   0.0000000e+00
   9.9250000e+02   1.4941401e-01   0.0000000e+00
   9.9350000e+02   1.5025843e-01   0.0000000e+00
   9.9450000e+02   1.4975877e-01   0.0000000e+00
   9.9550000e+02   1.5017688e-01   0.0000000e+00
   9.9650000e+02   1.5122857e-01   0.0000000e+00
   9.9750000e+02   1.4927798e-01   0.0000000e+00
   9.9850000e+02   1.5034693e-01   0.0000000e+00
   9.9950000e+02   1.5151689e-01   0.0000000e+00
   1.0005000e+03   1.4959552e-01   0.0000000e+00
   1.0015000e+03   1.4955936e-01   0.0000000e+00
   1.0025000e+03   1.5011573e-01   0.0000000e+00
   1.0035000e+03   1.4934432e-01   0.0000000e+00
   1.0045000e+03   1.4958597e-01   0.0000000e+00
   1.0055000e+03   1.5058279e-01   0.0000000e+00
   1.0065000e+03   1.5068623e-01   0.0000000e+00
   1.0075000e+03   1.5038846e-01   0.0000000e+00
   1.0085000e+03   1.5142522e-01   0.0000000e+00
   1.0095000e+03   1.5053209e-01   0.0000000e+00
   1.0105000e+03   1.4925575e-01   0.0000000e+00
   1.0115000e+03   1.5116174e-01   0.0000000e+00
   1.0125000e+03   1.5113024e-01   0.0000000e+00
   1.0135000e+03   1.4995375e-01   0.0000000e+00
   1.0145000e+03   1.4919148e-01   0.0000000e+00
   1.0155000e+03   1.5148130e-01   0.0000000e+00
   1.0165000e+03   1.5048494e-01   0.0000000e+00
   1.0175000e+03   1.5001647e-01   0.0000000e+00
   1.0185000e+03   1.5006631e-01   0.0000000e+00
   1.0195000e+03   1.5042430e-01   0.0000000e+00
   1.0205000e+03   1.5214777e-01   0.0000000e+00
   1.0215000e+03   1.4980778e-01   0.0000000e+00
   1.0225000e+03   1.5111894e-01   0.0000000e+00
   1.0235000e+03   1.5034131e-01   0.0000000e+00
   1.0245000e+03   1.4991436e-01   0.0000000e+00
   1.0255000e+03   1.5065573e-01   0.0000000e+00
   1.0265000e+03   1.4932217e-01   0.0000000e+00
   1.0275000e+03   1.5136088e-01   0.0000000e+00
   1.0285000e+03   1.4950935e-01   0.0000000e+00
   1.0295000e+03   1.4999843e-01   0.0000000e+00
   1.0305000e+03   1.4836931e-01   0.0000000e+00
   1.0315000e+03   1.5220417e-01   0.0000000e+00
   1.0325000e+03   1.4786068e-01   0.0000000e+00
   1.0335000e+03   1.5077377e-01   0.0000000e+00
   1.0345000e+03   1.5117634e-01   0.0000000e+00
   1.0355000e+03   1.5129624e-01   0.0000000e+00
   1.0365000e+03   1.5017159e-01   0.0000000e+00
   1.0375000e+03   1.5013309e-01   0.0000000e+00
   1.0385000e+03   1.5011151e-01   0.0000000e+00
   1.0395000e+03   1.4987371e-01   0.0000000e+00
   1.0405000e+03   1.4979503e-01   0.0000000e+00
   1.0415000e+03   1.5055636e-01   0.0000000e+00
   1.0425000e+03   1.5079600e-01   0.0000000e+00
   1.0435000e+03   1.5172994e-01   0.0000000e+00
   1.0445000e+03   1.5092613e-01   0.0000000e+00
   1.0455000e+03   1.5118070e-01   0.0000000e+00
   1.0465000e+03   1.5063407e-01   0.0000000e+00
   1.0475000e+03   1.5034286e-01   0.0000000e+00
   1.0485000e+03   1.5014388e-01   0.0000000e+00
   1.0495000e+03   1.5107588e-01   0.0000000e+00
   1.0505000e+03   1.5114562e-01   0.0000000e+00
   1.0515000e+03   1.4940034e-01   0.0000000e+00
   1.0525000e+03   1.5074687e-01   0.0000000e+00
   1.0535000e+03   1.5103900e-01   0.0000000e+00
   1.0545000e+03   1.5035894e-01   0.0000000e+00
   1.0555000e+03   1.5183632e-01   0.0000000e+00
   1.0565000e+03   1.5158083e-01   0.0000000e+00
   1.0575000e+03   1.5051539e-01   0.0000000e+00
   1.0585000e+03   1.4909531e-01   0.0000000e+00
   1.0595000e+03   1.5077695e-01   0.0000000e+00
   1.0605000e+03   1.5026425e-01   0.0000000e+00
   1.0615000e+03   1.5117431e-01   0.0000000e+00
   1.0625000e+03   1.4968508e-01   0.0000000e+00
   1.0635000e+03   1.5033694e-01   0.0000000e+00
   1.0645000e+03   1.4990737e-01   0.0000000e+00
   1.0655000e+03   1.5087857e-01   0.0000000e+00
   1.0665000e+03   1.5029732e-01   0.0000000e+00
   1.0675000e+03   1.5024768e-01   0.0000000e+00
   1.0685000e+03   1.5210091e-01   0.0000000e+00
   1.0695000e+03   1.5133389e-01   0.0000000e+00
   1.0705000e+03   1.5093544e-01   0.0000000e+00
   1.0715000e+03   1.5020453e-01   0.0000000e+00
   1.0725000e+03   1.5078264e-01   0.0000000e+00
   1.0735000e+03   1.5151598e-01   0.0000000e+00
   1.0745000e+03   1.4994589e-01   0.0000000e+00
   1.0755000e+03   1.5122664e-01   0.0000000e+00
   1.0765000e+03   1.5043981e-01   0.0000000e+00
   1.0775000e+03   1.5111598e-01   0.0000000e+00
   1.0785000e+03   1.5117033e-01   0.0000000e+00
   1.0795000e+03   1.5068921e-01   0.0000000e+00
   1.0805000e+03   1.4979450e-01   0.0000000e+00
   1.0815000e+03   1.5089574e-01   0.0000000e+00
   1.0825000e+03   1.4948525e-01   0.0000000e+00
   1.0835000e+03   1.5057140e-01   0.0000000e+00
   1.0845000e+03   1.5141288e-01   0.0000000e+00
   1.0855000e+03   1.5084248e-01   0.0000000e+00
   1.0865000e+03   1.5132105e-01   0.0000000e+00
   1.0875000e+03   1.4941316e-01   0.0000000e+00
   1.0885000e+03   1.5109554e-01   0.0000000e+00
   1.0895000e+03   1.5142629e-01   0.0000000e+00
   1.0905000e+03   1.5002440e-01   0.0000000e+00
   1.0915000e+03   1.5147399e-01   0.0000000e+00
   1.0925000e+03   1.5138614e-01   0.0000000e+00
   1.0935000e+03   1.5158681e-01   0.0000000e+00
   1.0945000e+03   1.5003411e-01   0.0000000e+00
   1.0955000e+03   1.5083174e-01   0.0000000e+00
   1.0965000e+03   1.5056668e-01   0.0000000e+00
   1.0975000e+03   1.5086655e-01   0.0000000e+00
   1.0985000e+03   1.5205319e-01   0.0000000e+00
   1.0995000e+03   1.5122679e-01   0.0000000e+00
   1.1005000e+03   1.5161857e-01   0.0000000e+00
   1.1015000e+03   1.5057287e-01   0.0000000e+00
   1.1025000e+03   1.4948014e-01   0.0000000e+00
   1.1035000e+03   1.5055876e-01   0.0000000e+00
   1.1045000e+03   1.5192237e-01   0.0000000e+00
   1.1055000e+03   1.5015890e-01   0.0000000e+00
   1.1065000e+03   1.4974164e-01   0.0000000e+00
   1.1075000e+03   1.5060222e-01   0.0000000e+00
   1.1085000e+03   1.5035143e-01   0.0000000e+00
   1.1095000e+03   1.4955611e-01   0.0000000e+00
   1.1105000e+03   1.5061362e-01   0.0000000e+00
   1.1115000e+03   1.5149770e-01   0.0000000e+00
   1.1125000e+03   1.5165027e-01   0.0000000e+00
   1.1135000e+03   1.5083418e-01   0.0000000e+00
   1.1145000e+03   1.5246552e-01   0.0000000e+00
   1.1155000e+03   1.5113679e-01   0.0000000e+00
   1.1165000e+03   1.5048430e-01   0.0000000e+00
   1.1175000e+03   1.5074358e-01   0.0000000e+00
   1.1185000e+03   1.4978878e-01   0.0000000e+00
   1.1195000e+03   1.5078094e-01   0.0000000e+00
   1.1205000e+03   1.5184362e-01   0.0000000e+00
   1.1215000e+03   1.5211385e-01   0.0000000e+00
   1.1225000e+03   1.4969292e-01   0.0000000e+00
   1.1235000e+03   1.5125969e-01   0.0000000e+00
   1.1245000e+03   1.5001050e-01   0.0000000e+00
   1.1255000e+03   1.5067995e-01   0.0000000e+00
   1.1265000e+03   1.5106059e-01   0.0000000e+00
   1.1275000e+03   1.5110606e-01   0.0000000e+00
   1.1285000e+03   1.5177484e-01   0.0000000e+00
   1.1295000e+03   1.4981890e-01   0.0000000e+00
   1.1305000e+03   1.5074131e-01   0.0000000e+00
   1.1315000e+03   1.5000090e-01   0.0000000e+00
   1.1325000e+03   1.5036060e-01   0.0000000e+00
   1.1335000e+03   1.5179526e-01   0.0000000e+00
   1.1345000e+03   1.4966254e-01   0.0000000e+00
   1.1355000e+03   1.4983682e-01   0.0000000e+00
   1.1365000e+03   1.5054468e-01   0.0000000e+00
   1.1375000e+03   1.5028466e-01   0.0000000e+00
   1.1385000e+03   1.5184347e-01   0.0000000e+00
   1.1395000e+03   1.5186736e-01   0.0000000e+00
   1.1405000e+03   1.4994970e-01   0.0000000e+00
   1.1415000e+03   1.5215974e-01   0.0000000e+00
   1.1425000e+03   1.5110197e-01   0.0000000e+00
   1.1435000e+03   1.4960883e-01   0.0000000e+00
   1.1445000e+03   1.5178769e-01   0.0000000e+00
   1.1455000e+03   1.5182191e-01   0.0000000e+00
   1.1465000e+03   1.5001560e-01   0.0000000e+00
   1.1475000e+03   1.5072806e-01   0.0000000e+00
   1.1485000e+03   1.5175681e-01   0.0000000e+00
   1.1495000e+03   1.4935243e-01   0.0000000e+00
   1.1505000e+03   1.4969477e-01   0.0000000e+00
   1.1515000e+03   1.5045104e-01   0.0000000e+00
   1.1525000e+03   1.4990233e-01   0.0000000e+00
   1.1535000e+03   1.5132367e-01   0.0000000e+00
   1.1545000e+03   1.5126497e-01   0.0000000e+00
   1.1555000e+03   1.5156506e-01   0.0000000e+00
   1.1565000e+03   1.5096568e-01   0.0000000e+00
   1.1575000e+03   1.5074106e-01   0.0000000e+00
   1.1585000e+03   1.5093663e-01   0.0000000e+00
   1.1595000e+03   1.5189605e-01   0.0000000e+00
   1.1605000e+03   1.5015307e-01   0.0000000e+00
   1.1615000e+03   1.4989269e-01   0.0000000e+00
   1.1625000e+03   1.5118331e-01   0.0000000e+00
   1.1635000e+03   1.5204872e-01   0.0000000e+00
   1.1645000e+03   1.5229174e-01   0.0000000e+00
   1.1655000e+03   1.5025870e-01   0.0000000e+00
   1.1665000e+03   1.5123018e-01   0.0000000e+00
   1.1675000e+03   1.5142432e-01   0.0000000e+00
   1.1685000e+03   1.5153064e-01   0.0000000e+00
   1.1695000e+03   1.5090574e-01   0.0000000e+00
   1.1705000e+03   1.5148023e-01   0.0000000e+00
   1.1715000e+03   1.4999614e-01   0.0000000e+00
   1.1725000e+03   1.5068654e-01   0.0000000e+00
   1.1735000e+03   1.5154073e-01   0.0000000e+00
   1.1745000e+03   1.5144292e-01   0.0000000e+00
   1.1755000e+03   1.5224597e-01   0.0000000e+00
   1.1765000e+03   1.5164171e-01   0.0000000e+00
   1.1775000e+03   1.5035103e-01   0.0000000e+00
   1.1785000e+03   1.5241394e-01   0.0000000e+00
   1.1795000e+03   1.4993711e-01   0.0000000e+00
   1.1805000e+03   1.5033870e-01   0.0000000e+00
   1.1815000e+03   1.5066706e-01   0.0000000e+00
   1.1825000e+03   1.5192800e-01   0.0000000e+00
   1.1835000e+03   1.5127139e-01   0.0000000e+00
   1.1845000e+03   1.5192464e-01   0.0000000e+00
   1.1855000e+03   1.5078980e-01   0.0000000e+00
   1.1865000e+03   1.5202039e-01   0.0000000e+00
   1.1875000e+03   1.5159569e-01   0.0000000e+00
   1.1885000e+03   1.5024296e-01   0.0000000e+00
   1.1895000e+03   1.4986285e-01   0.0000000e+00
   1.1905000e+03   1.5200958e-01   0.0000000e+00
   1.1915000e+03   1.5002562e-01   0.0000000e+00
   1.1925000e+03   1.5172189e-01   0.0000000e+00
   1.1935000e+03   1.5029824e-01   0.0000000e+00
   1.1945000e+03   1.5141028e-01   0.0000000e+00
   1.1955000e+03   1.4950314e-01   0.0000000e+00
   1.1965000e+03   1.5177610e-01   0.0000000e+00
   1.1975000e+03   1.5210638e-01   0.0000000e+00
   1.1985000e+03   1.5129572e-01   0.0000000e+00
   1.1995000e+03   1.5168220e-01   0.0000000e+00
   1.2005000e+03   1.5104049e-01   0.0000000e+00
   1.2015000e+03   1.5060362e-01   0.0000000e+00
   1.2025000e+03   1.5022189e-01   0.0000000e+00
   1.2035000e+03   1.5131187e-01   0.0000000e+00
   1.2045000e+03   1.5080190e-01   0.0000000e+00
   1.2055000e+03   1.5203354e-01   0.0000000e+00
   1.2065000e+03   1.5127649e-01   0.0000000e+00
   1.2075000e+03   1.5124026e-01   0.0000000e+00
   1.2085000e+03   1.4922602e-01   0.0000000e+00
   1.2095000e+03   1.5198656e-01   0.0000000e+00
   1.2105000e+03   1.5165687e-01   0.0000000e+00
   1.2115000e+03   1.5142032e-01   0.0000000e+00
   1.2125000e+03   1.5216159e-01   0.0000000e+00
   1.2135000e+03   1.5161613e-01   0.0000000e+00
   1.2145000e+03   1.5065946e-01   0.0000000e+00
   1.2155000e+03   1.5148681e-01   0.0000000e+00
   1.2165000e+03   1.5104255e-01   0.0000000e+00
   1.2175000e+03   1.5167891e-01   0.0000000e+00
   1.2185000e+03   1.5155735e-01   0.0000000e+00
   1.2195000e+03   1.5090919e-01   0.0000000e+00
   1.2205000e+03   1.5020874e-01   0.0000000e+00
   1.2215000e+03   1.5111108e-01   0.0000000e+00
   1.2225000e+03   1.5055752e-01   0.0000000e+00
   1.2235000e+03   1.5176419e-01   0.0000000e+00
   1.2245000e+03   1.5097209e-01   0.0000000e+00
   1.2255000e+03   1.5177237e-01   0.0000000e+00
   1.2265000e+03   1.5137365e-01   0.0000000e+00
   1.2275000e+03   1.5172719e-01   0.0000000e+00
   1.2285000e+03   1.5125303e-01   0.0000000e+00
   1.2295000e+03   1.5097359e-01   0.0000000e+00
   1.2305000e+03   1.5040788e-01   0.0000000e+00
   1.2315000e+03   1.5179379e-01   0.0000000e+00
   1.2325000e+03   1.5263084e-01   0.0000000e+00
   1.2335000e+03   1.5128719e-01   0.0000000e+00
   1.2345000e+03   1.5170276e-01   0.0000000e+00
   1.2355000e+03   1.5238359e-01   0.0000000e+00
   1.2365000e+03   1.5100107e-01   0.0000000e+00
   1.2375000e+03   1.5318630e-01   0.0000000e+00
   1.2385000e+03   1.5284599e-01   0.0000000e+00
   1.2395000e+03   1.5078968e-01   0.0000000e+00
   1.2405000e+03   1.5255302e-01   0.0000000e+00
   1.2415000e+03   1.5026238e-01   0.0000000e+00
   1.2425000e+03   1.5138286e-01   0.0000000e+00
   1.2435000e+03   1.5157626e-01   0.0000000e+00
   1.2445000e+03   1.5256255e-01   0.0000000e+00
   1.2455000e+03   1.5218178e-01   0.0000000e+00
   1.2465000e+03   1.5148586e-01   0.0000000e+00
   1.2475000e+03   1.5169895e-01   0.0000000e+00
   1.2485000e+03   1.5116616e-01   0.0000000e+00
   1.2495000e+03   1.5063143e-01   0.0000000e+00
   1.2505000e+03   1.5170731e-01   0.0000000e+00
   1.2515000e+03   1.5313611e-01   0.0000000e+00
   1.2525000e+03   1.5162674e-01   0.0000000e+00
   1.2535000e+03   1.5211076e-01   0.0000000e+00
   1.2545000e+03   1.5102437e-01   0.0000000e+00
   1.2555000e+03   1.5154294e-01   0.0000000e+00
   1.2565000e+03   1.5324792e-01   0.0000000e+00
   1.2575000e+03   1.5231408e-01   0.0000000e+00
   1.2585000e+03   1.5285187e-01   0.0000000e+00
   1.2595000e+03   1.5343870e-01   0.0000000e+00
   1.2605000e+03   1.5277752e-01   0.0000000e+00
   1.2615000e+03   1.5162097e-01   0.0000000e+00
   1.2625000e+03   1.5307017e-01   0.0000000e+00
   1.2635000e+03   1.5076060e-01   0.0000000e+00
   1.2645000e+03   1.5231446e-01   0.0000000e+00
   1.2655000e+03   1.5273023e-01   0.0000000e+00
   1.2665000e+03   1.5314378e-01   0.0000000e+00
   1.2675000e+03   1.5234942e-01   0.0000000e+00
   1.2685000e+03   1.5351771e-01   0.0000000e+00
   1.2695000e+03   1.5230874e-01   0.0000000e+00
   1.2705000e+03   1.5346274e-01   0.0000000e+00
   1.2715000e+03   1.5274254e-01   0.0000000e+00
   1.2725000e+03   1.5359122e-01   0.0000000e+00
   1.2735000e+03   1.5265914e-01   0.0000000e+00
   1.2745000e+03   1.5380748e-01   0.0000000e+00
   1.2755000e+03   1.5201519e-01   0.0000000e+00
   1.2765000e+03   1.5183246e-01   0.0000000e+00
   1.2775000e+03   1.5252812e-01   0.0000000e+00
   1.2785000e+03   1.5223873e-01   0.0000000e+00
   1.2795000e+03   1.5311357e-01   0.0000000e+00
   1.2805000e+03   1.5196042e-01   0.0000000e+00
   1.2815000e+03   1.5137819e-01   0.0000000e+00
   1.2825000e+03   1.5298063e-01   0.0000000e+00
   1.2835000e+03   1.5377620e-01   0.0000000e+00
   1.2845000e+03   1.5307907e-01   0.0000000e+00
   1.2855000e+03   1.5275195e-01   0.0000000e+00
   1.2865000e+03   1.5255179e-01   0.0000000e+00
   1.2875000e+03   1.5242626e-01   0.0000000e+00
   1.2885000e+03   1.5155044e-01   0.0000000e+00
   1.2895000e+03   1.5306702e-01   0.0000000e+00
   1.2905000e+03   1.5302359e-01   0.0000000e+00
   1.2915000e+03   1.5294734e-01   0.0000000e+00
   1.2925000e+03   1.5310923e-01   0.0000000e+00
   1.2935000e+03   1.5224787e-01   0.0000000e+00
   1.2945000e+03   1.5232561e-01   0.0000000e+00
   1.2955000e+03   1.5219729e-01   0.0000000e+00
   1.2965000e+03   1.5247051e-01   0.0000000e+00
   1.2975000e+03   1.5310485e-01   0.0000000e+00
   1.2985000e+03   1.5331912e-01   0.0000000e+00
   1.2995000e+03   1.5344695e-01   0.0000000e+00
   1.3005000e+03   1.5273919e-01   0.0000000e+00
   1.3015000e+03   1.5248292e-01   0.0000000e+00
   1.3025000e+03   1.5310976e-01   0.0000000e+00
   1.3035000e+03   1.5409515e-01   0.0000000e+00
   1.3045000e+03   1.5262986e-01   0.0000000e+00
   1.3055000e+03   1.5344401e-01   0.0000000e+00
   1.3065000e+03   1.5331961e-01   0.0000000e+00
   1.3075000e+03   1.5347518e-01   0.0000000e+00
   1.3085000e+03   1.5364581e-01   0.0000000e+00
   1.3095000e+03   1.5298840e-01   0.0000000e+00
   1.3105000e+03   1.5242790e-01   0.0000000e+00
   1.3115000e+03   1.5330562e-01   0.0000000e+00
   1.3125000e+03   1.5277260e-01   0.0000000e+00
   1.3135000e+03   1.5347850e-01   0.0000000e+00
   1.3145000e+03   1.5381925e-01   0.0000000e+00
   1.3155000e+03   1.5340538e-01   0.0000000e+00
   1.3165000e+03   1.5228084e-01   0.0000000e+00
   1.3175000e+03   1.5453427e-01   0.0000000e+00
   1.3185000e+03   1.5384489e-01   0.0000000e+00
   1.3195000e+03   1.5343091e-01   0.0000000e+00
   1.3205000e+03   1.5288619e-01   0.0000000e+00
   1.3215000e+03   1.5304675e-01   0.0000000e+00
   1.3225000e+03   1.5355169e-01   0.0000000e+00
   1.3235000e+03   1.5346954e-01   0.0000000e+00
   1.3245000e+03   1.5422598e-01   0.0000000e+00
   1.3255000e+03   1.5321402e-01   0.0000000e+00
   1.3265000e+03   1.5286950e-01   0.0000000e+00
   1.3275000e+03   1.5464491e-01   0.0000000e+00
   1.3285000e+03   1.5399319e-01   0.0000000e+00
   1.3295000e+03   1.5418120e-01   0.0000000e+00
   1.3305000e+03   1.5433102e-01   0.0000000e+00
   1.3315000e+03   1.5417059e-01   0.0000000e+00
   1.3325000e+03   1.5258202e-01   0.0000000e+00
   1.3335000e+03   1.5442759e-01   0.0000000e+00
   1.3345000e+03   1.5365549e-01   0.0000000e+00
   1.3355000e+03   1.5401440e-01   0.0000000e+00
   1.3365000e+03   1.5291687e-01   0.0000000e+00
   1.3375000e+03   1.5373461e-01   0.0000000e+00
   1.3385000e+03   1.5423896e-01   0.0000000e+00
   1.3395000e+03   1.5362827e-01   0.0000000e+00
   1.3405000e+03   1.5348775e-01   0.0000000e+00
   1.3415000e+03   1.5448200e-01   0.0000000e+00
   1.3425000e+03   1.5507278e-01   0.0000000e+00
   1.3435000e+03   1.5357363e-01   0.0000000e+00
   1.3445000e+03   1.5472878e-01   0.0000000e+00
   1.3455000e+03   1.5368755e-01   0.0000000e+00
   1.3465000e+03   1.5425490e-01   0.0000000e+00
   1.3475000e+03   1.5381692e-01   0.0000000e+00
   1.3485000e+03   1.5378303e-01   0.0000000e+00
   1.3495000e+03   1.5394239e-01   0.0000000e+00
   1.3505000e+03   1.5323852e-01   0.0000000e+00
   1.3515000e+03   1.5437421e-01   0.0000000e+00
   1.3525000e+03   1.5414662e-01   0.0000000e+00
   1.3535000e+03   1.5369531e-01   0.0000000e+00
   1.3545000e+03   1.5389360e-01   0.0000000e+00
   1.3555000e+03   1.5516186e-01   0.0000000e+00
   1.3565000e+03   1.5417467e-01   0.0000000e+00
   1.3575000e+03   1.5376536e-01   0.0000000e+00
   1.3585000e+03   1.5315551e-01   0.0000000e+00
   1.3595000e+03   1.5368097e-01   0.0000000e+00
   1.3605000e+03   1.5301753e-01   0.0000000e+00
   1.3615000e+03   1.5409165e-01   0.0000000e+00
   1.3625000e+03   1.5461054e-01   0.0000000e+00
   1.3635000e+03   1.5415698e-01   0.0000000e+00
   1.3645000e+03   1.5533354e-01   0.0000000e+00
   1.3655000e+03   1.5481201e-01   0.0000000e+00
   1.3665000e+03   1.5565217e-01   0.0000000e+00
   1.3675000e+03   1.5377180e-01   0.0000000e+00
   1.3685000e+03   1.5511571e-01   0.0000000e+00
   1.3695000e+03   1.5400584e-01   0.0000000e+00
   1.3705000e+03   1.5444131e-01   0.0000000e+00
   1.3715000e+03   1.5397821e-01   0.0000000e+00
   1.3725000e+03   1.5452709e-01   0.0000000e+00
   1.3735000e+03   1.5472997e-01   0.0000000e+00
   1.3745000e+03   1.5393282e-01   0.0000000e+00
   1.3755000e+03   1.5326461e-01   0.0000000e+00
   1.3765000e+03   1.5511197e-01   0.0000000e+00
   1.3775000e+03   1.5364163e-01   0.0000000e+00
   1.3785000e+03   1.5342058e-01   0.0000000e+00
   1.3795000e+03   1.5547753e-01   0.0000000e+00
   1.3805000e+03   1.5435782e-01   0.0000000e+00
   1.3815000e+03   1.5500524e-01   0.0000000e+00
   1.3825000e+03   1.5405775e-01   0.0000000e+00
   1.3835000e+03   1.5533753e-01   0.0000000e+00
   1.3845000e+03   1.5508655e-01   0.0000000e+00
   1.3855000e+03   1.5269916e-01   0.0000000e+00
   1.3865000e+03   1.5486055e-01   0.0000000e+00
   1.3875000e+03   1.5593837e-01   0.0000000e+00
   1.3885000e+03   1.5436899e-01   0.0000000e+00
   1.3895000e+03   1.5450252e-01   0.0000000e+00
   1.3905000e+03   1.5503554e-01   0.0000000e+00
   1.3915000e+03   1.5469977e-01   0.0000000e+00
   1.3925000e+03   1.5407391e-01   0.0000000e+00
   1.3935000e+03   1.5534681e-01   0.0000000e+00
   1.3945000e+03   1.5559946e-01   0.0000000e+00
   1.3955000e+03   1.5621507e-01   0.0000000e+00
   1.3965000e+03   1.5464162e-01   0.0000000e+00
   1.3975000e+03   1.5489198e-01   0.0000000e+00
   1.3985000e+03   1.5491412e-01   0.0000000e+00
   1.3995000e+03   1.5570536e-01   0.0000000e+00
   1.4005000e+03   1.5511491e-01   0.0000000e+00
   1.4015000e+03   1.5481168e-01   0.0000000e+00
   1.4025000e+03   1.5487987e-01   0.0000000e+00
   1.4035000e+03   1.5335195e-01   0.0000000e+00
   1.4045000e+03   1.5540373e-01   0.0000000e+00
   1.4055000e+03   1.5480431e-01   0.0000000e+00
   1.4065000e+03   1.5485672e-01   0.0000000e+00
   1.4075000e+03   1.5553400e-01   0.0000000e+00
   1.4085000e+03   1.5495207e-01   0.0000000e+00
   1.4095000e+03   1.5441974e-01   0.0000000e+00
   1.4105000e+03   1.5525553e-01   0.0000000e+00
   1.4115000e+03   1.5542759e-01   0.0000000e+00
   1.4125000e+03   1.5442814e-01   0.0000000e+00
   1.4135000e+03   1.5624352e-01   0.0000000e+00
   1.4145000e+03   1.5496647e-01   0.0000000e+00
   1.4155000e+03   1.5569563e-01   0.0000000e+00
   1.4165000e+03   1.5661464e-01   0.0000000e+00
   1.4175000e+03   1.5494784e-01   0.0000000e+00
   1.4185000e+03   1.5555789e-01   0.0000000e+00
   1.4195000e+03   1.5603277e-01   0.0000000e+00
   1.4205000e+03   1.5478975e-01   0.0000000e+00
   1.4215000e+03   1.5506137e-01   0.0000000e+00
   1.4225000e+03   1.5469371e-01   0.0000000e+00
   1.4235000e+03   1.5461344e-01   0.0000000e+00
   1.4245000e+03   1.5497468e-01   0.0000000e+00
   1.4255000e+03   1.5463404e-01   0.0000000e+00
   1.4265000e+03   1.5523568e-01   0.0000000e+00
   1.4275000e+03   1.5543051e-01   0.0000000e+00
   1.4285000e+03   1.5440352e-01   0.0000000e+00
   1.4295000e+03   1.5450857e-01   0.0000000e+00
   1.4305000e+03   1.5508562e-01   0.0000000e+00
   1.4315000e+03   1.5395374e-01   0.0000000e+00
   1.4325000e+03   1.5464734e-01   0.0000000e+00
   1.4335000e+03   1.5372310e-01   0.0000000e+00
   1.4345000e+03   1.5452440e-01   0.0000000e+00
   1.4355000e+03   1.5538558e-01   0.0000000e+00
   1.4365000e+03   1.5597750e-01   0.0000000e+00
   1.4375000e+03   1.5400402e-01   0.0000000e+00
   1.4385000e+03   1.5436934e-01   0.0000000e+00
   1.4395000e+03   1.5422825e-01   0.0000000e+00
   1.4405000e+03   1.5380918e-01   0.0000000e+00
   1.4415000e+03   1.5422996e-01   0.0000000e+00
   1.4425000e+03   1.5536241e-01   0.0000000e+00
   1.4435000e+03   1.5451571e-01   0.0000000e+00
   1.4445000e+03   1.5520861e-01   0.0000000e+00
   1.4455000e+03   1.5455588e-01   0.0000000e+00
   1.4465000e+03   1.5366731e-01   0.0000000e+00
   1.4475000e+03   1.5550538e-01   0.0000000e+00
   1.4485000e+03   1.5397177e-01   0.0000000e+00
   1.4495000e+03   1.5447399e-01   0.0000000e+00
   1.4505000e+03   1.5419190e-01   0.0000000e+00
   1.4515000e+03   1.5428712e-01   0.0000000e+00
   1.4525000e+03   1.5490237e-01   0.0000000e+00
   1.4535000e+03   1.5592787e-01   0.0000000e+00
   1.4545000e+03   1.5391377e-01   0.0000000e+00
   1.4555000e+03   1.5450689e-01   0.0000000e+00
   1.4565000e+03   1.5471829e-01   0.0000000e+00
   1.4575000e+03   1.5506880e-01   0.0000000e+00
   1.4585000e+03   1.5474370e-01   0.0000000e+00
   1.4595000e+03   1.5410854e-01   0.0000000e+00
   1.4605000e+03   1.5434972e-01   0.0000000e+00
   1.4615000e+03   1.5355294e-01   0.0000000e+00
   1.4625000e+03   1.5331165e-01   0.0000000e+00
   1.4635000e+03   1.5352691e-01   0.0000000e+00
   1.4645000e+03   1.5407993e-01   0.0000000e+00
   1.4655000e+03   1.5271015e-01   0.0000000e+00
   1.4665000e+03   1.5358030e-01   0.0000000e+00
   1.4675000e+03   1.5330829e-01   0.0000000e+00
   1.4685000e+03   1.5367316e-01   0.0000000e+00
   1.4695000e+03   1.5382002e-01   0.0000000e+00
   1.4705000e+03   1.5425483e-01   0.0000000e+00
   1.4715000e+03   1.5339925e-01   0.0000000e+00
   1.4725000e+03   1.5414401e-01   0.0000000e+00
   1.4735000e+03   1.5378747e-01   0.0000000e+00
   1.4745000e+03   1.5599553e-01   0.0000000e+00
   1.4755000e+03   1.5436586e-01   0.0000000e+00
   1.4765000e+03   1.5461544e-01   0.0000000e+00
   1.4775000e+03   1.5343087e-01   0.0000000e+00
   1.4785000e+03   1.5420480e-01   0.0000000e+00
   1.4795000e+03   1.5518334e-01   0.0000000e+00
   1.4805000e+03   1.5544648e-01   0.0000000e+00
   1.4815000e+03   1.5344481e-01   0.0000000e+00
   1.4825000e+03   1.5413971e-01   0.0000000e+00
   1.4835000e+03   1.5220276e-01   0.0000000e+00
   1.4845000e+03   1.5409468e-01   0.0000000e+00
   1.4855000e+03   1.5395610e-01   0.0000000e+00
   1.4865000e+03   1.5533304e-01   0.0000000e+00
   1.4875000e+03   1.5357183e-01   0.0000000e+00
   1.4885000e+03   1.5342809e-01   0.0000000e+00
   1.4895000e+03   1.5426572e-01   0.0000000e+00
   1.4905000e+03   1.5439978e-01   0.0000000e+00
   1.4915000e+03   1.5252409e-01   0.0000000e+00
   1.4925000e+03   1.5448307e-01   0.0000000e+00
   1.4935000e+03   1.5493400e-01   0.0000000e+00
   1.4945000e+03   1.5355888e-01   0.0000000e+00
   1.4955000e+03   1.5407807e-01   0.0000000e+00
   1.4965000e+03   1.5477980e-01   0.0000000e+00
   1.4975000e+03   1.5360204e-01   0.0000000e+00
   1.4985000e+03   1.5406699e-01   0.0000000e+00
   1.4995000e+03   1.5434072e-01   0.0000000e+00
   1.5005000e+03   1.5390392e-01   0.0000000e+00
   1.5015000e+03   1.5406051e-01   0.0000000e+00
   1.5025000e+03   1.5486354e-01   0.0000000e+00
   1.5035000e+03   1.5403782e-01   0.0000000e+00
   1.5045000e+03   1.5313619e-01   0.0000000e+00
   1.5055000e+03   1.5358171e-01   0.0000000e+00
   1.5065000e+03   1.5335895e-01   0.0000000e+00
   1.5075000e+03   1.5477698e-01   0.0000000e+00
   1.5085000e+03   1.5385305e-01   0.0000000e+00
   1.5095000e+03   1.5432911e-01   0.0000000e+00
   1.5105000e+03   1.5329233e-01   0.0000000e+00
   1.5115000e+03   1.5404485e-01   0.0000000e+00
   1.5125000e+03   1.5451009e-01   0.0000000e+00
   1.5135000e+03   1.5314892e-01   0.0000000e+00
   1.5145000e+03   1.5484586e-01   0.0000000e+00
   1.5155000e+03   1.5356420e-01   0.0000000e+00
   1.5165000e+03   1.5348970e-01   0.0000000e+00
   1.5175000e+03   1.5433824e-01   0.0000000e+00
   1.5185000e+03   1.5398714e-01   0.0000000e+00
   1.5195000e+03   1.5338083e-01   0.0000000e+00
   1.5205000e+03   1.5468770e-01   0.0000000e+00
   1.5215000e+03   1.5293831e-01   0.0000000e+00
   1.5225000e+03   1.5311861e-01   0.0000000e+00
   1.5235000e+03   1.5370360e-01   0.0000000e+00
   1.5245000e+03   1.5406772e-01   0.0000000e+00
   1.5255000e+03   1.5484944e-01   0.0000000e+00
   1.5265000e+03   1.5367144e-01   0.0000000e+00
   1.5275000e+03   1.5410963e-01   0.0000000e+00
   1.5285000e+03   1.5513955e-01   0.0000000e+00
   1.5295000e+03   1.5312224e-01   0.0000000e+00
   1.5305000e+03   1.5359794e-01   0.0000000e+00
   1.5315000e+03   1.5379351e-01   0.0000000e+00
   1.5325000e+03   1.5264626e-01   0.0000000e+00
   1.5335000e+03   1.5463922e-01   0.0000000e+00
   1.5345000e+03   1.5343597e-01   0.0000000e+00
   1.5355000e+03   1.5512452e-01   0.0000000e+00
   1.5365000e+03   1.5282537e-01   0.0000000e+00
   1.5375000e+03   1.5257402e-01   0.0000000e+00
   1.5385000e+03   1.5384613e-01   0.0000000e+00
   1.5395000e+03   1.5449789e-01   0.0000000e+00
   1.5405000e+03   1.5326050e-01   0.0000000e+00
   1.5415000e+03   1.5434025e-01   0.0000000e+00
   1.5425000e+03   1.5255548e-01   0.0000000e+00
   1.5435000e+03   1.5360023e-01   0.0000000e+00
   1.5445000e+03   1.5364398e-01   0.0000000e+00
   1.5455000e+03   1.5395247e-01   0.0000000e+00
   1.5465000e+03   1.5496548e-01   0.0000000e+00
   1.5475000e+03   1.5328644e-01   0.0000000e+00
   1.5485000e+03   1.5313632e-01   0.0000000e+00
   1.5495000e+03   1.5361924e-01   0.0000000e+00
   1.5505000e+03   1.5241922e-01   0.0000000e+00
   1.5515000e+03   1.5266638e-01   0.0000000e+00
   1.5525000e+03   1.5396586e-01   0.0000000e+00
   1.5535000e+03   1.5364510e-01   0.0000000e+00
   1.5545000e+03   1.5395010e-01   0.0000000e+00
   1.5555000e+03   1.5358769e-01   0.0000000e+00
   1.5565000e+03   1.5405432e-01   0.0000000e+00
   1.5575000e+03   1.5426318e-01   0.0000000e+00
   1.5585000e+03   1.5321584e-01   0.0000000e+00
   1.5595000e+03   1.5398284e-01   0.0000000e+00
   1.5605000e+03   1.5398155e-01   0.0000000e+00
   1.5615000e+03   1.5305398e-01   0.0000000e+00
   1.5625000e+03   1.5337541e-01   0.0000000e+00
   1.5635000e+03   1.5325490e-01   0.0000000e+00
   1.5645000e+03   1.5274997e-01   0.0000000e+00
   1.5655000e+03   1.5375249e-01   0.0000000e+00
   1.5665000e+03   1.5294204e-01   0.0000000e+00
   1.5675000e+03   1.5372535e-01   0.0000000e+00
   1.5685000e+03   1.5408630e-01   0.0000000e+00
   1.5695000e+03   1.5353133e-01   0.0000000e+00
   1.5705000e+03   1.5441322e-01   0.0000000e+00
   1.5715000e+03   1.5428452e-01   0.0000000e+00
   1.5725000e+03   1.5330141e-01   0.0000000e+00
   1.5735000e+03   1.5289679e-01   0.0000000e+00
   1.5745000e+03   1.5317793e-01   0.0000000e+00
   1.5755000e+03   1.5512981e-01   0.0000000e+00
   1.5765000e+03   1.5339036e-01   0.0000000e+00
   1.5775000e+03   1.5386724e-01   0.0000000e+00
   1.5785000e+03   1.5332648e-01   0.0000000e+00
   1.5795000e+03   1.5304986e-01   0.0000000e+00
   1.5805000e+03   1.5372098e-01   0.0000000e+00
   1.5815000e+03   1.5386922e-01   0.0000000e+00
   1.5825000e+03   1.5399858e-01   0.0000000e+00
   1.5835000e+03   1.5292344e-01   0.0000000e+00
   1.5845000e+03   1.5307057e-01   0.0000000e+00
   1.5855000e+03   1.5308034e-01   0.0000000e+00
   1.5865000e+03   1.5387564e-01   0.0000000e+00
   1.5875000e+03   1.5263451e-01   0.0000000e+00
   1.5885000e+03   1.5292711e-01   0.0000000e+00
   1.5895000e+03   1.5388955e-01   0.0000000e+00
   1.5905000e+03   1.5401660e-01   0.0000000e+00
   1.5915000e+03   1.5325408e-01   0.0000000e+00
   1.5925000e+03   1.5285148e-01   0.0000000e+00
   1.5935000e+03   1.5277620e-01   0.0000000e+00
   1.5945000e+03   1.5324074e-01   0.0000000e+00
   1.5955000e+03   1.5272262e-01   0.0000000e+00
   1.5965000e+03   1.5365246e-01   0.0000000e+00
   1.5975000e+03   1.5273747e-01   0.0000000e+00
   1.5985000e+03   1.5492419e-01   0.0000000e+00
   1.5995000e+03   1.5365824e-01   0.0000000e+00
