Mg-24(n,g) ENDF/B-VII.1
Energy(eV) XS(b)
1.00000E-05 2.52948
1.25000E-05 2.26243
1.50000E-05 2.06531
2.00000E-05 1.78861
2.75000E-05 1.52533
3.50000E-05 1.35206
4.25000E-05 1.22698
5.00000E-05 1.13122
6.25000E-05 1.01179
7.50000E-05 0.923634
0.000100000 0.799890
0.000125000 0.715444
0.000150000 0.653108
0.000200000 0.565608
0.000275000 0.482352
0.000350000 0.427559
0.000425000 0.388004
0.000500000 0.357722
0.000625000 0.319956
0.000750000 0.292079
0.00100000 0.252948
0.00125000 0.226243
0.00150000 0.206531
0.00200000 0.178861
0.00275000 0.152533
0.00350000 0.135206
0.00425000 0.122698
0.00500000 0.113122
0.00625000 0.101179
0.00750000 0.0923634
0.0100000 0.0799891
0.0125000 0.0715444
0.0150000 0.0653108
0.0200000 0.0565608
0.0253000 0.0502887
0.0314750 0.0450866
0.0376500 0.0412238
0.0500000 0.0357722
0.0625000 0.0319957
0.0750000 0.0292079
0.100000 0.0252948
0.125000 0.0226244
0.150000 0.0206531
0.200000 0.0178862
0.275000 0.0152534
0.350000 0.0135207
0.500000 0.0113123
0.750000 0.00923647
1.00000 0.00799905
1.50000 0.00653126
2.00000 0.00565629
2.75000 0.00482376
3.50000 0.00427587
5.00000 0.00357755
7.50000 0.00292119
10.0000 0.00252994
15.0000 0.00206588
20.0000 0.00178927
27.5000 0.00152610
35.0000 0.00135293
50.0000 0.00113225
75.0000 0.000924907
100.000 0.000801363
150.000 0.000654916
200.000 0.000567703
275.000 0.000484819
350.000 0.000430355
500.000 0.000361092
750.000 0.000296266
1000.00 0.000257853
1500.00 0.000212710
2000.00 0.000186196
2750.00 0.000161491
3500.00 0.000145721
5000.00 0.000126691
7500.00 0.000111133
10000.0 0.000104318
15000.0 0.000102402
20000.0 0.000109420
26587.3 0.000129331
33174.6 0.000163190
38587.3 0.000206054
44000.0 0.000273515
45174.6 0.000304006
45761.8 0.000364927
46055.5 0.000575902
46202.3 0.00139920
46275.7 0.00464196
46312.4 0.0172472
46330.7 0.0648389
46335.3 0.111377
46339.9 0.234598
46342.2 0.391498
46344.5 0.775488
46345.7 1.22130
46346.8 2.17006
46347.4 3.12289
46348.0 4.77699
46348.5 7.96673
46348.8 10.7218
46349.1 14.5404
46349.6 23.4115
46350.0 29.1725
46350.5 23.2056
46350.9 14.5407
46351.4 8.98312
46351.8 5.85710
46352.3 4.04843
46352.7 2.95952
46353.6 1.75135
46354.5 1.14944
46356.3 0.600417
46358.0 0.367103
46361.6 0.177388
46365.2 0.104301
46372.3 0.0485356
46379.4 0.0280426
46407.9 0.00747286
46465.0 0.00213229
46579.0 0.000772162
46807.1 0.000431673
47263.2 0.000353175
48175.5 0.000349159
50000.0 0.000384216
57249.5 0.000639604
60874.3 0.000871556
64499.0 0.00124784
68123.8 0.00191170
71748.5 0.00322898
73560.9 0.00441672
75373.3 0.00631945
77185.6 0.00954160
78998.0 0.0152158
81249.0 0.0273292
82374.5 0.0334677
83500.0 0.0353594
88002.0 0.0140545
89501.8 0.00978207
91001.5 0.00707617
92501.3 0.00531368
94001.0 0.00412176
97000.5 0.00268003
100000 0.00188368
104794 0.00119863
109587 0.000838397
114381 0.000626442
119175 0.000491626
128762 0.000337375
138349 0.000257754
157524 0.000190421
167111 0.000180421
171905 0.000179979
174302 0.000182894
175500 0.000193489
176099 0.000234464
176399 0.000396645
176549 0.00103686
176623 0.00353149
176661 0.0130294
176680 0.0471757
176689 0.159407
176694 0.465509
176696 1.05795
176697 1.88411
176698 3.76206
176699 6.06051
176700 7.54772
176701 6.06046
176702 3.76206
176703 2.10134
176704 1.26456
176706 0.599247
176709 0.216573
176717 0.0661419
176733 0.0185485
176764 0.00501566
176826 0.00142345
176950 0.000495973
177199 0.000260333
177695 0.000201138
178689 0.000186847
180676 0.000184754
184651 0.000188410
192601 0.000202656
208500 0.000256516
220000 0.000321802
220000 0.000321804
220001 0.000321807
220001 0.000321811
220002 0.000321817
220004 0.000321831
220008 0.000321857
220011 0.000321878
220022 0.000321952
220032 0.000322020
220033 0.000322027
220036 0.000322046
220039 0.000322064
220044 0.000322101
220048 0.000322129
220055 0.000322176
220064 0.000322237
220067 0.000322257
220078 0.000322332
220089 0.000322407
220096 0.000322454
220111 0.000322556
220133 0.000322706
220155 0.000322856
220177 0.000323005
220186 0.000323067
220200 0.000323162
220211 0.000323237
220222 0.000323312
220230 0.000323366
220233 0.000323387
220244 0.000323462
220255 0.000323537
220266 0.000323612
220274 0.000323667
220277 0.000323687
220288 0.000323762
220299 0.000323837
220310 0.000323913
220318 0.000323967
220322 0.000323995
220333 0.000324070
220344 0.000324145
220355 0.000324220
220361 0.000324261
220374 0.000324350
220392 0.000324474
220407 0.000324576
220420 0.000324666
220422 0.000324679
220430 0.000324731
220437 0.000324782
220452 0.000324885
220467 0.000324988
220481 0.000325084
220493 0.000325167
220496 0.000325187
220504 0.000325239
220511 0.000325290
220526 0.000325393
220541 0.000325497
220556 0.000325600
220571 0.000325703
220580 0.000325765
220585 0.000325799
220600 0.000325903
220615 0.000326006
220630 0.000326110
220645 0.000326213
220660 0.000326317
220675 0.000326420
220682 0.000326468
220689 0.000326517
220704 0.000326620
220719 0.000326724
220749 0.000326932
220779 0.000327139
220808 0.000327340
220828 0.000327479
220838 0.000327548
220868 0.000327756
220897 0.000327958
220927 0.000328166
220957 0.000328375
220986 0.000328577
221016 0.000328786
221046 0.000328995
221062 0.000329107
221076 0.000329205
221105 0.000329407
221135 0.000329617
221165 0.000329827
221194 0.000330030
221224 0.000330240
221254 0.000330451
221284 0.000330661
221313 0.000330865
221343 0.000331076
221373 0.000331287
221402 0.000331491
221412 0.000331562
221432 0.000331702
221462 0.000331914
221492 0.000332126
221521 0.000332331
221551 0.000332543
221581 0.000332755
221640 0.000333173
221700 0.000333599
221759 0.000334018
221812 0.000334396
221818 0.000334438
221833 0.000334545
221848 0.000334652
221878 0.000334866
221937 0.000335287
221997 0.000335717
222056 0.000336139
222112 0.000336541
222115 0.000336563
222123 0.000336617
222130 0.000336670
222145 0.000336778
222175 0.000336994
222234 0.000337419
222294 0.000337851
222353 0.000338277
222413 0.000338711
222472 0.000339138
222531 0.000339566
222591 0.000340002
222650 0.000340432
222710 0.000340869
222769 0.000341299
222829 0.000341738
222888 0.000342170
222947 0.000342603
223007 0.000343043
223066 0.000343477
223126 0.000343919
223244 0.000344790
223363 0.000345671
223482 0.000346555
223601 0.000347441
223629 0.000347650
223720 0.000348330
223839 0.000349222
223958 0.000350116
224076 0.000351005
224195 0.000351905
224314 0.000352806
224433 0.000353711
224552 0.000354618
224671 0.000355527
224789 0.000356432
224908 0.000357346
225027 0.000358264
225146 0.000359183
225265 0.000360105
225369 0.000360913
225384 0.000361030
225443 0.000361489
225502 0.000361949
225621 0.000362879
225740 0.000363811
225859 0.000364745
226097 0.000366621
226334 0.000368499
226572 0.000370394
226663 0.000371121
226810 0.000372299
227047 0.000374205
227285 0.000376128
227523 0.000378060
227760 0.000379993
227998 0.000381942
228279 0.000384255
228561 0.000386589
228842 0.000388925
228927 0.000389634
229123 0.000391273
229404 0.000393632
229463 0.000394129
229686 0.000396011
229967 0.000398391
230248 0.000400781
230529 0.000403182
230811 0.000405600
231092 0.000408019
231373 0.000410447
231936 0.000415337
232485 0.000420136
232498 0.000420250
232533 0.000420559
232568 0.000420867
232639 0.000421485
232780 0.000422721
233061 0.000425199
233197 0.000426398
233623 0.000430164
234186 0.000435159
234748 0.000440162
235311 0.000445188
235873 0.000450213
236043 0.000451735
236436 0.000455253
236931 0.000459684
236998 0.000460284
237139 0.000461544
237280 0.000462803
237561 0.000465320
238123 0.000470338
239248 0.000480337
239601 0.000483457
240373 0.000490242
241499 0.000500021
241515 0.000500159
241550 0.000500458
241584 0.000500757
241654 0.000501352
241792 0.000502542
242070 0.000504912
242624 0.000509619
243220 0.000514622
243749 0.000519010
244739 0.000527081
244874 0.000528167
245155 0.000530419
245437 0.000532654
245999 0.000537080
246093 0.000537814
246351 0.000539819
246609 0.000541811
247124 0.000545766
247302 0.000547122
247776 0.000550714
248249 0.000554290
248378 0.000555263
248858 0.000558884
249337 0.000562532
249374 0.000562815
249452 0.000563416
249531 0.000564018
249687 0.000565229
250000 0.000567680
250000 0.000567681
250001 0.000567688
250002 0.000567693
250003 0.000567705
250006 0.000567729
250012 0.000567776
250024 0.000567871
250048 0.000568062
250096 0.000568443
250192 0.000569210
250499 0.000571707
250954 0.000575567
251631 0.000581861
252235 0.000588404
252749 0.000595144
252775 0.000595525
252854 0.000596705
252932 0.000597929
253089 0.000600530
253251 0.000603456
253412 0.000606654
253573 0.000610195
253594 0.000610686
253664 0.000612374
253734 0.000614148
253896 0.000618614
254057 0.000623689
254218 0.000629493
254379 0.000636220
254540 0.000644105
254701 0.000653459
254822 0.000661707
254943 0.000671257
254999 0.000676200
255064 0.000682417
255185 0.000695586
255266 0.000705782
255346 0.000717166
255427 0.000730271
255507 0.000745076
255588 0.000762340
255669 0.000782388
255749 0.000805546
255830 0.000833219
255870 0.000848776
255910 0.000865796
255951 0.000884959
255991 0.000905557
256031 0.000928298
256072 0.000954157
256112 0.000982246
256152 0.00101361
256193 0.00104970
256233 0.00108942
256273 0.00113438
256313 0.00118556
256354 0.00124571
256394 0.00131346
256414 0.00135127
256434 0.00139208
256454 0.00143621
256475 0.00148653
256495 0.00153869
256515 0.00159548
256535 0.00165747
256555 0.00172530
256575 0.00179974
256596 0.00188599
256616 0.00197692
256636 0.00207768
256656 0.00218973
256676 0.00231484
256696 0.00245511
256711 0.00257178
256716 0.00261309
256726 0.00269967
256737 0.00280145
256747 0.00290046
256757 0.00300624
256767 0.00311942
256777 0.00324069
256787 0.00337086
256797 0.00351080
256807 0.00366153
256817 0.00382418
256827 0.00400003
256837 0.00419057
256847 0.00439746
256857 0.00462264
256868 0.00489410
256878 0.00516529
256888 0.00546283
256898 0.00579026
256908 0.00615169
256918 0.00655200
256922 0.00672427
256928 0.00699697
256938 0.00749346
256943 0.00776355
256948 0.00804975
256953 0.00835335
256958 0.00867579
256966 0.00923493
256974 0.00985389
256982 0.0105415
256990 0.0113082
256994 0.0117251
256999 0.0122811
257003 0.0127564
257006 0.0131320
257007 0.0132610
257011 0.0137976
257015 0.0143688
257019 0.0149778
257023 0.0156277
257027 0.0163225
257031 0.0170663
257035 0.0178638
257039 0.0187202
257043 0.0196416
257047 0.0206345
257051 0.0216787
257051 0.0217345
257052 0.0218747
257052 0.0220164
257053 0.0223039
257055 0.0228664
257059 0.0241237
257063 0.0254896
257067 0.0269770
257071 0.0286005
257075 0.0303772
257079 0.0323266
257080 0.0328436
257083 0.0344718
257087 0.0368396
257091 0.0394613
257095 0.0423743
257097 0.0438724
257097 0.0440347
257098 0.0444444
257098 0.0448599
257099 0.0456226
257101 0.0473886
257103 0.0492590
257105 0.0512420
257107 0.0533468
257109 0.0555832
257111 0.0578399
257111 0.0580853
257112 0.0587058
257112 0.0593361
257113 0.0604965
257115 0.0631989
257117 0.0660846
257119 0.0691702
257121 0.0724741
257122 0.0742143
257123 0.0760170
257125 0.0798217
257127 0.0839141
257129 0.0883230
257130 0.0906561
257131 0.0930808
257134 0.100953
257136 0.106754
257137 0.109838
257138 0.113054
257140 0.119910
257142 0.127386
257143 0.131379
257144 0.135555
257146 0.144501
257148 0.153807
257148 0.154836
257149 0.157453
257149 0.160133
257150 0.165123
257152 0.177035
257153 0.183452
257154 0.190203
257156 0.204793
257157 0.211873
257157 0.213492
257158 0.217618
257158 0.220998
257159 0.229775
257160 0.238091
257160 0.239996
257161 0.244849
257161 0.248830
257162 0.259176
257163 0.270118
257164 0.280507
257164 0.282889
257165 0.288964
257165 0.293950
257166 0.306929
257167 0.319269
257167 0.322100
257168 0.329323
257168 0.335255
257169 0.350705
257170 0.365406
257170 0.368780
257171 0.377389
257171 0.384461
257172 0.402885
257173 0.420414
257173 0.424436
257174 0.434698
257174 0.443126
257175 0.462814
257175 0.467329
257176 0.478845
257176 0.488296
257177 0.512871
257178 0.536178
257178 0.541513
257179 0.555104
257179 0.566236
257180 0.592138
257180 0.598055
257181 0.622309
257181 0.628518
257182 0.644293
257182 0.657170
257183 0.690340
257184 0.724837
257186 0.797280
257187 0.834830
257188 0.872897
257190 0.949066
257191 0.986228
257192 1.02204
257193 1.05259
257193 1.05911
257194 1.08406
257194 1.08999
257195 1.10420
257195 1.11490
257196 1.13658
257196 1.14092
257197 1.15635
257197 1.15971
257198 1.16720
257198 1.17223
257199 1.18029
257199 1.18145
257200 1.18334
257200 1.18381
257201 1.18143
257201 1.18026
257202 1.17330
257202 1.17100
257203 1.15963
257203 1.15626
257204 1.14081
257204 1.13647
257205 1.12484
257205 1.11477
257206 1.08985
257206 1.08392
257207 1.05896
257207 1.05243
257208 1.03568
257208 1.01837
257209 0.986064
257210 0.948901
257212 0.872738
257214 0.800859
257214 0.793423
257215 0.774985
257215 0.756787
257216 0.724713
257217 0.693617
257217 0.686850
257218 0.670166
257218 0.657068
257219 0.628425
257219 0.622218
257220 0.606956
257220 0.595009
257220 0.589123
257221 0.568985
257221 0.563362
257222 0.549560
257222 0.538778
257223 0.515352
257223 0.510301
257224 0.497916
257224 0.485872
257225 0.465032
257226 0.445237
257226 0.440976
257227 0.430536
257227 0.422401
257228 0.404775
257228 0.400982
257229 0.391694
257229 0.384456
257230 0.367089
257231 0.352306
257231 0.349126
257232 0.341336
257232 0.335266
257233 0.320696
257234 0.308288
257234 0.305618
257235 0.299074
257235 0.293973
257236 0.281721
257237 0.271275
257237 0.269026
257238 0.263510
257238 0.258148
257239 0.248865
257240 0.239078
257241 0.230718
257241 0.228915
257242 0.224493
257242 0.221040
257243 0.212723
257244 0.204837
257245 0.198085
257245 0.196627
257246 0.193048
257246 0.190250
257247 0.183500
257248 0.177712
257248 0.176460
257249 0.173386
257249 0.170982
257250 0.165174
257252 0.154888
257252 0.153859
257253 0.149839
257254 0.146444
257255 0.139978
257257 0.131432
257259 0.123994
257259 0.123247
257260 0.121407
257260 0.119607
257261 0.116462
257263 0.109892
257265 0.104139
257265 0.103559
257266 0.101286
257267 0.0993561
257268 0.0956551
257270 0.0907090
257272 0.0861295
257274 0.0820872
257274 0.0816781
257275 0.0806682
257275 0.0796767
257276 0.0779366
257278 0.0742654
257280 0.0708442
257283 0.0661343
257285 0.0633878
257285 0.0631086
257286 0.0624185
257286 0.0617396
257287 0.0605450
257289 0.0580103
257291 0.0556306
257293 0.0533935
257295 0.0512882
257297 0.0493046
257298 0.0483556
257300 0.0465378
257302 0.0448205
257304 0.0431966
257306 0.0416595
257308 0.0402031
257310 0.0388221
257315 0.0357259
257315 0.0356075
257316 0.0353142
257316 0.0350245
257317 0.0344557
257319 0.0334128
257323 0.0313676
257328 0.0290671
257332 0.0274061
257336 0.0258853
257340 0.0244894
257341 0.0241584
257345 0.0229003
257349 0.0217397
257353 0.0206669
257358 0.0194364
257362 0.0185312
257366 0.0176894
257371 0.0167175
257375 0.0159982
257379 0.0153420
257379 0.0153095
257380 0.0152287
257380 0.0151485
257381 0.0149901
257383 0.0146962
257388 0.0139642
257392 0.0134188
257396 0.0129059
257401 0.0123068
257405 0.0118583
257409 0.0114350
257414 0.0109385
257418 0.0105653
257422 0.0102120
257426 0.00987698
257435 0.00918424
257443 0.00863137
257444 0.00856602
257448 0.00831242
257452 0.00807070
257461 0.00756655
257469 0.00715991
257478 0.00674345
257487 0.00636529
257495 0.00605760
257504 0.00573989
257512 0.00548013
257521 0.00521066
257530 0.00496283
257538 0.00475887
257547 0.00454598
257555 0.00437011
257564 0.00418590
257572 0.00403321
257581 0.00387275
257589 0.00373933
257590 0.00372322
257594 0.00366002
257598 0.00359871
257607 0.00346728
257615 0.00335754
257624 0.00324140
257633 0.00313241
257650 0.00294404
257667 0.00277580
257684 0.00262493
257701 0.00248912
257719 0.00235959
257736 0.00224901
257744 0.00220051
257753 0.00214845
257770 0.00205673
257787 0.00197285
257804 0.00189594
257822 0.00182127
257839 0.00175645
257856 0.00169660
257873 0.00164122
257890 0.00158987
257908 0.00153948
257925 0.00149529
257959 0.00141563
257993 0.00134598
258028 0.00128305
258062 0.00122910
258097 0.00117984
258131 0.00113720
258165 0.00109898
258200 0.00106363
258234 0.00103267
258268 0.00100462
258303 0.000978400
258337 0.000955212
258371 0.000934012
258440 0.000896217
258509 0.000864231
258578 0.000836921
258646 0.000813733
258715 0.000793315
258784 0.000775500
258853 0.000759863
258921 0.000746249
258990 0.000733984
259127 0.000713401
259265 0.000696645
259402 0.000683002
259499 0.000674765
259540 0.000671584
259677 0.000662056
259952 0.000646965
260227 0.000635688
260502 0.000626994
260777 0.000620107
261052 0.000614516
261602 0.000605949
261606 0.000605896
261615 0.000605778
261624 0.000605661
261642 0.000605428
261678 0.000604971
261749 0.000604079
261950 0.000601732
262151 0.000599589
262701 0.000594514
263801 0.000586416
263803 0.000586403
263809 0.000586362
263815 0.000586322
263828 0.000586241
263852 0.000586080
263901 0.000585759
263999 0.000585124
264249 0.000583533
264499 0.000581981
265000 0.000578954
266000 0.000573036
266249 0.000571566
267127 0.000566328
268005 0.000560951
268499 0.000557846
268875 0.000555442
270009 0.000547961
270749 0.000542893
271750 0.000535809
272014 0.000533899
272999 0.000526629
274018 0.000518889
274625 0.000514183
275896 0.000504139
277166 0.000493880
277499 0.000491163
277501 0.000491146
277508 0.000491087
277516 0.000491028
277530 0.000490909
277559 0.000490672
277617 0.000490198
277750 0.000489106
277884 0.000488014
278150 0.000485824
278683 0.000481432
279749 0.000472605
280314 0.000467912
280376 0.000467397
280579 0.000465710
280782 0.000464023
281188 0.000460648
282000 0.000453904
283251 0.000443553
284250 0.000435344
286500 0.000417137
286609 0.000416267
286877 0.000414136
287144 0.000412014
287680 0.000407794
288750 0.000399459
289001 0.000397525
290001 0.000389913
291000 0.000382442
291876 0.000376018
293250 0.000366184
294752 0.000355785
295500 0.000350747
296052 0.000347091
297627 0.000336946
297750 0.000336171
298031 0.000334411
298313 0.000332664
298875 0.000329212
300000 0.000322474
300502 0.000319538
302250 0.000309655
303377 0.000303562
304500 0.000297706
306252 0.000288992
306495 0.000287824
306750 0.000286608
307313 0.000283963
307875 0.000281370
309000 0.000276335
309127 0.000275779
309392 0.000274626
309658 0.000273484
310189 0.000271233
311250 0.000266861
312002 0.000263867
312991 0.000260058
313500 0.000258154
314878 0.000253188
317753 0.000243687
318000 0.000242924
318743 0.000240677
319486 0.000238503
320628 0.000235302
322501 0.000230413
322734 0.000229835
323500 0.000227984
323503 0.000227977
323513 0.000227954
323523 0.000227931
323542 0.000227885
323581 0.000227793
323659 0.000227609
323815 0.000227244
324127 0.000226522
324751 0.000225115
325982 0.000222475
326378 0.000221665
327001 0.000220426
329123 0.000216545
329251 0.000216328
329253 0.000216324
329257 0.000216317
329262 0.000216309
329271 0.000216295
329288 0.000216265
329323 0.000216206
329394 0.000216088
329534 0.000215853
329815 0.000215391
330377 0.000214494
331501 0.000212806
332128 0.000211925
332263 0.000211741
332635 0.000211245
333007 0.000210764
333751 0.000209848
335004 0.000208443
336001 0.000207448
337879 0.000205869
338251 0.000205602
338545 0.000205402
339523 0.000204804
340501 0.000204311
340754 0.000204200
341753 0.000203834
342751 0.000203578
343629 0.000203446
344348 0.000203403
344827 0.000203407
345001 0.000203415
345706 0.000203483
346410 0.000203608
346504 0.000203630
346878 0.000203724
347251 0.000203835
348315 0.000204242
349379 0.000204787
349501 0.000204859
349903 0.000205107
350305 0.000205376
351108 0.000205974
351751 0.000206513
352255 0.000206974
354001 0.000208832
355130 0.000210258
356251 0.000211856
357390 0.000213671
358005 0.000214734
358501 0.000215635
359627 0.000217828
360752 0.000220233
360880 0.000220520
361145 0.000221125
361411 0.000221743
361941 0.000223016
363002 0.000225718
363672 0.000227535
363755 0.000227767
363942 0.000228293
364129 0.000228827
364504 0.000229915
365252 0.000232179
366630 0.000236661
367502 0.000239718
368068 0.000241798
369505 0.000247436
369752 0.000248459
369953 0.000249303
370448 0.000251428
370943 0.000253621
372002 0.000258548
372381 0.000260392
373818 0.000267792
374252 0.000270159
375256 0.000275885
376235 0.000281820
376502 0.000283502
376693 0.000284722
377412 0.000289445
378131 0.000294382
378752 0.000298826
379568 0.000304930
380946 0.000315964
381002 0.000316433
381006 0.000316466
381020 0.000316586
381035 0.000316706
381063 0.000316947
381120 0.000317429
381235 0.000318399
381464 0.000320358
381921 0.000324363
382836 0.000332724
383252 0.000336687
384666 0.000350965
385502 0.000360031
385657 0.000361766
386077 0.000366549
386496 0.000371463
386627 0.000373026
386928 0.000376660
387228 0.000380365
387752 0.000387003
388326 0.000394541
390002 0.000418264
390156 0.000420580
390368 0.000423808
391071 0.000434847
391127 0.000435749
391342 0.000439242
391557 0.000442785
391986 0.000450030
392252 0.000454625
392901 0.000466198
393377 0.000475023
393509 0.000477523
393816 0.000483427
394502 0.000497089
394731 0.000501800
395080 0.000509128
395627 0.000520987
395646 0.000521407
395708 0.000522776
395769 0.000524152
395893 0.000526920
396140 0.000532530
396633 0.000544056
396752 0.000546898
397094 0.000555192
397435 0.000563696
397619 0.000568368
397878 0.000575051
398606 0.000594540
399003 0.000605622
399593 0.000622715
399791 0.000628623
400128 0.000638886
400368 0.000646357
401143 0.000671440
401253 0.000675123
401361 0.000678769
401640 0.000688330
401919 0.000698101
402378 0.000714642
402694 0.000726379
402932 0.000735413
403469 0.000756428
403503 0.000757788
403596 0.000761517
403688 0.000765268
403874 0.000772855
404244 0.000788370
404502 0.000799447
404628 0.000804940
405019 0.000822341
405190 0.000830124
405753 0.000856514
405794 0.000858482
405934 0.000865230
406073 0.000872053
406315 0.000884074
406570 0.000896996
406878 0.000912962
407345 0.000937941
407440 0.000943139
407643 0.000954380
408003 0.000974775
408120 0.000981532
408520 0.00100512
408895 0.00102794
409037 0.00103676
409213 0.00104784
409554 0.00106975
409670 0.00107735
409999 0.00109927
410071 0.00110414
410258 0.00111694
410445 0.00112993
410587 0.00113992
410784 0.00115397
411104 0.00117727
411221 0.00118594
411569 0.00121219
411621 0.00121618
411809 0.00123069
411996 0.00124541
412138 0.00125670
412354 0.00127412
412655 0.00129888
412771 0.00130857
413139 0.00133991
413172 0.00134276
413266 0.00135088
413359 0.00135906
413546 0.00137559
413689 0.00138838
413925 0.00140980
414206 0.00143578
414321 0.00144657
414710 0.00148372
414723 0.00148498
414770 0.00148953
414817 0.00149407
414910 0.00150322
415097 0.00152171
415100 0.00152200
415109 0.00152288
415118 0.00152375
415135 0.00152549
415170 0.00152899
415240 0.00153600
415495 0.00156184
415498 0.00156214
415506 0.00156297
415514 0.00156380
415530 0.00156546
415563 0.00156878
415628 0.00157544
415757 0.00158884
415872 0.00160084
416015 0.00161589
416274 0.00164350
416280 0.00164415
416296 0.00164584
416312 0.00164754
416343 0.00165093
416406 0.00165774
416532 0.00167145
416647 0.00168405
416791 0.00169995
417049 0.00172878
417065 0.00173058
417126 0.00173744
417187 0.00174432
417308 0.00175815
417422 0.00177121
417566 0.00178782
417825 0.00181803
417851 0.00182108
417909 0.00182791
417967 0.00183476
418083 0.00184851
418197 0.00186211
418341 0.00187938
418600 0.00191074
418636 0.00191513
418747 0.00192870
418858 0.00194233
418972 0.00195639
419117 0.00197437
419375 0.00200661
419421 0.00201238
419528 0.00202579
419634 0.00203925
419748 0.00205370
419892 0.00207203
420151 0.00210517
420206 0.00211223
420409 0.00213838
420523 0.00215311
420668 0.00217188
420926 0.00220539
421055 0.00222218
421185 0.00223912
421298 0.00225385
421314 0.00225594
421379 0.00226435
421443 0.00227276
421572 0.00228959
421702 0.00230654
421777 0.00231632
421831 0.00232335
421960 0.00234015
422089 0.00235692
422219 0.00237379
422348 0.00239050
422477 0.00240716
422606 0.00242377
422735 0.00244032
422848 0.00245477
422865 0.00245694
422930 0.00246515
422994 0.00247335
423123 0.00248969
423252 0.00250593
423382 0.00252221
423511 0.00253826
423640 0.00255419
423740 0.00256646
423769 0.00257000
423834 0.00257792
423899 0.00258581
424028 0.00260135
424092 0.00260901
424157 0.00261675
424222 0.00262445
424286 0.00263200
424351 0.00263962
424399 0.00264522
424415 0.00264708
424480 0.00265461
424545 0.00266210
424626 0.00267137
424708 0.00268067
424789 0.00268979
424871 0.00269894
424917 0.00270403
424960 0.00270877
425048 0.00271840
425137 0.00272803
425174 0.00273200
425226 0.00273756
425270 0.00274222
425314 0.00274687
425359 0.00275159
425403 0.00275617
425447 0.00276073
425492 0.00276536
425506 0.00276680
425536 0.00276986
425581 0.00277443
425625 0.00277887
425669 0.00278328
425714 0.00278776
425758 0.00279211
425802 0.00279643
425847 0.00280081
425891 0.00280506
425899 0.00280583
425917 0.00280756
425935 0.00280928
425949 0.00281062
425980 0.00281357
426024 0.00281772
426068 0.00282184
426113 0.00282602
426157 0.00283007
426193 0.00283336
426202 0.00283418
426224 0.00283618
426246 0.00283817
426290 0.00284211
426335 0.00284611
426379 0.00284999
426468 0.00285772
426556 0.00286521
426616 0.00287024
426645 0.00287264
426689 0.00287625
426724 0.00287910
426734 0.00287991
426756 0.00288168
426778 0.00288345
426823 0.00288702
426867 0.00289048
426872 0.00289087
426892 0.00289239
426911 0.00289390
426956 0.00289735
427000 0.00290069
427044 0.00290398
427064 0.00290546
427089 0.00290731
427133 0.00291052
427177 0.00291369
427222 0.00291689
427256 0.00291928
427266 0.00291997
427289 0.00292154
427311 0.00292309
427355 0.00292608
427384 0.00292804
427399 0.00292904
427444 0.00293202
427499 0.00293560
427532 0.00293771
427621 0.00294329
427710 0.00294868
427798 0.00295383
427843 0.00295639
427887 0.00295885
427932 0.00296132
427976 0.00296369
428020 0.00296601
428065 0.00296833
428109 0.00297055
428153 0.00297273
428188 0.00297443
428198 0.00297491
428220 0.00297595
428242 0.00297699
428274 0.00297847
428286 0.00297902
428331 0.00298105
428375 0.00298298
428419 0.00298487
428464 0.00298675
428508 0.00298853
428553 0.00299031
428597 0.00299200
428641 0.00299363
428670 0.00299468
428686 0.00299526
428730 0.00299679
428774 0.00299828
428863 0.00300113
428952 0.00300378
429040 0.00300619
429050 0.00300645
429090 0.00300746
429129 0.00300842
429210 0.00301027
429290 0.00301193
429371 0.00301343
429452 0.00301476
429494 0.00301537
429515 0.00301567
429567 0.00301634
429619 0.00301694
429635 0.00301710
429669 0.00301744
429703 0.00301775
429787 0.00301837
429825 0.00301859
429879 0.00301883
429971 0.00301907
430000 0.00301910
430064 0.00301907
430156 0.00301885
430179 0.00301876
430248 0.00301840
430294 0.00301808
430340 0.00301771
430386 0.00301729
430407 0.00301707
430432 0.00301680
430479 0.00301625
430525 0.00301565
430571 0.00301500
430600 0.00301456
430617 0.00301429
430663 0.00301352
430709 0.00301269
430755 0.00301181
430801 0.00301087
430817 0.00301054
430847 0.00300988
430893 0.00300883
430940 0.00300770
430986 0.00300654
431032 0.00300532
431078 0.00300405
431124 0.00300272
431142 0.00300218
431170 0.00300133
431216 0.00299989
431262 0.00299840
431308 0.00299685
431355 0.00299521
431375 0.00299450
431401 0.00299355
431447 0.00299184
431468 0.00299104
431493 0.00299007
431539 0.00298825
431631 0.00298445
431677 0.00298247
431723 0.00298043
431769 0.00297835
431816 0.00297616
431862 0.00297397
431908 0.00297172
431933 0.00297048
431954 0.00296943
432000 0.00296708
432046 0.00296468
432092 0.00296223
432133 0.00296000
432138 0.00295973
432150 0.00295907
432184 0.00295718
432231 0.00295452
432266 0.00295251
432277 0.00295187
432300 0.00295053
432323 0.00294917
432369 0.00294642
432399 0.00294460
432415 0.00294362
432461 0.00294077
432553 0.00293493
432645 0.00292890
432669 0.00292729
432738 0.00292261
432830 0.00291620
432876 0.00291293
432922 0.00290961
432926 0.00290932
432937 0.00290856
432947 0.00290779
432968 0.00290625
433014 0.00290284
433060 0.00289939
433107 0.00289582
433153 0.00289228
433199 0.00288869
433245 0.00288507
433291 0.00288140
433337 0.00287769
433383 0.00287393
433429 0.00287014
433475 0.00286630
433488 0.00286521
433521 0.00286243
433568 0.00285843
433614 0.00285447
433660 0.00285047
433701 0.00284688
433706 0.00284644
433718 0.00284542
433729 0.00284440
433752 0.00284236
433798 0.00283825
433844 0.00283410
433936 0.00282568
434029 0.00281703
434121 0.00280832
434170 0.00280363
434213 0.00279948
434305 0.00279049
434397 0.00278138
434476 0.00277344
434490 0.00277203
434536 0.00276735
434582 0.00276265
434674 0.00275315
434766 0.00274352
434859 0.00273368
434951 0.00272382
435043 0.00271386
435135 0.00270378
435227 0.00269361
435251 0.00269093
435320 0.00268321
435412 0.00267284
435504 0.00266236
435596 0.00265180
435688 0.00264115
435781 0.00263030
435873 0.00261948
435965 0.00260858
436026 0.00260132
436057 0.00259761
436149 0.00258657
436242 0.00257533
436334 0.00256416
436426 0.00255291
436611 0.00253013
436795 0.00250725
436801 0.00250650
436826 0.00250344
436850 0.00250038
436899 0.00249424
436979 0.00248419
437164 0.00246082
437348 0.00243744
437533 0.00241380
437717 0.00239018
437901 0.00236648
438086 0.00234259
438270 0.00231877
438352 0.00230815
438455 0.00229480
438639 0.00227095
438824 0.00224697
439008 0.00222315
439083 0.00221345
439192 0.00219936
439377 0.00217549
439561 0.00215182
439746 0.00212810
439902 0.00210817
439930 0.00210460
440022 0.00209288
440114 0.00208119
440299 0.00205778
440483 0.00203462
440668 0.00201146
440852 0.00198858
441221 0.00194314
441452 0.00191504
441590 0.00189838
441959 0.00185434
442328 0.00181108
442696 0.00176873
443003 0.00173404
443065 0.00172711
443296 0.00170155
443526 0.00167633
443778 0.00164915
443987 0.00162693
444448 0.00157894
444541 0.00156943
444553 0.00156821
444598 0.00156369
444642 0.00155917
444731 0.00155019
444909 0.00153238
445328 0.00149129
445370 0.00148723
445486 0.00147615
445601 0.00146515
445832 0.00144342
446100 0.00141865
446104 0.00141828
446116 0.00141720
446128 0.00141612
446151 0.00141396
446199 0.00140967
446293 0.00140111
446509 0.00138176
446725 0.00136272
446754 0.00136019
446817 0.00135474
446879 0.00134933
447047 0.00133493
447214 0.00132072
447215 0.00132063
447219 0.00132034
447222 0.00132005
447229 0.00131947
447243 0.00131832
447270 0.00131601
447325 0.00131141
447435 0.00130228
447654 0.00128422
447676 0.00128243
447734 0.00127774
447791 0.00127308
447907 0.00126381
448137 0.00124553
448429 0.00122282
448598 0.00120991
448908 0.00118667
449059 0.00117555
449204 0.00116499
449520 0.00114239
449979 0.00111055
450000 0.00110912
450000 0.00110911
450001 0.00110906
450002 0.00110901
450003 0.00110891
450006 0.00110871
450012 0.00110831
450024 0.00110751
450047 0.00110591
450095 0.00110271
450189 0.00109636
450378 0.00108381
450755 0.00105926
451530 0.00101109
452305 0.000965781
452381 0.000961487
452556 0.000951706
452731 0.000942066
453080 0.000923174
453855 0.000883100
454630 0.000845398
454762 0.000839202
455084 0.000824354
455406 0.000809875
456181 0.000776477
456956 0.000745022
457143 0.000737709
457731 0.000715385
458506 0.000687445
459281 0.000661091
459523 0.000653171
460057 0.000636190
460832 0.000612709
461607 0.000590526
461904 0.000582352
462382 0.000569559
463157 0.000549730
464285 0.000522762
464708 0.000513192
465872 0.000488289
466258 0.000480472
467808 0.000451160
469047 0.000430016
469359 0.000425008
470134 0.000413143
470909 0.000402179
471684 0.000392357
472459 0.000384324
472618 0.000383032
472847 0.000381493
473235 0.000380148
473428 0.000380388
473622 0.000381593
473816 0.000384250
474010 0.000389207
474095 0.000392467
474181 0.000396717
474267 0.000402224
474352 0.000409321
474438 0.000418793
474481 0.000424671
474523 0.000431342
474566 0.000439325
474609 0.000448732
474652 0.000459899
474695 0.000473268
474737 0.000489017
474759 0.000498569
474780 0.000508679
474802 0.000520461
474823 0.000533016
474844 0.000547049
474866 0.000563594
474887 0.000581445
474908 0.000601663
474930 0.000625852
474951 0.000652372
474973 0.000684497
474983 0.000700822
474994 0.000720200
475005 0.000741229
475015 0.000761941
475026 0.000786681
475037 0.000813715
475048 0.000843334
475058 0.000872787
475069 0.000908329
475080 0.000947611
475090 0.000987020
475101 0.00103503
475112 0.00108865
475122 0.00114304
475133 0.00121007
475135 0.00122316
475140 0.00125374
475144 0.00128594
475149 0.00132377
475155 0.00137225
475160 0.00141547
475165 0.00146148
475171 0.00152071
475176 0.00157375
475181 0.00163047
475187 0.00170386
475192 0.00176994
475197 0.00184095
475203 0.00193340
475208 0.00201715
475213 0.00210770
475219 0.00222640
475224 0.00233471
475229 0.00245265
475235 0.00260855
475240 0.00275205
475246 0.00294300
475251 0.00312001
475256 0.00331573
475262 0.00357915
475264 0.00367477
475267 0.00382634
475270 0.00398849
475272 0.00409711
475272 0.00410882
475273 0.00415623
475274 0.00419845
475275 0.00428502
475278 0.00448063
475280 0.00461922
475283 0.00484053
475286 0.00507945
475288 0.00524945
475291 0.00552211
475294 0.00581811
475296 0.00602974
475299 0.00637092
475302 0.00674370
475304 0.00701172
475307 0.00744639
475310 0.00792489
475312 0.00825332
475312 0.00828913
475313 0.00843480
475314 0.00856557
475315 0.00883678
475318 0.00946494
475320 0.00992313
475323 0.0106777
475326 0.0115249
475328 0.0121486
475330 0.0128258
475331 0.0131864
475332 0.0135628
475334 0.0143248
475334 0.0144088
475335 0.0146222
475335 0.0147964
475336 0.0152460
475338 0.0162102
475339 0.0167276
475340 0.0172706
475342 0.0184403
475343 0.0190710
475344 0.0197350
475346 0.0210972
475346 0.0212488
475347 0.0216352
475347 0.0219520
475348 0.0227755
475350 0.0245692
475351 0.0255472
475352 0.0265852
475354 0.0287408
475354 0.0289829
475355 0.0296018
475355 0.0301113
475356 0.0314444
475357 0.0328682
475358 0.0343911
475359 0.0360223
475361 0.0394584
475361 0.0398484
475362 0.0408489
475362 0.0416767
475363 0.0438590
475365 0.0487680
475366 0.0512480
475366 0.0518246
475367 0.0542301
475367 0.0548573
475368 0.0564735
475368 0.0578179
475369 0.0610218
475369 0.0617695
475370 0.0636991
475370 0.0653077
475371 0.0691541
475371 0.0700542
475372 0.0723816
475372 0.0743267
475373 0.0789945
475373 0.0800903
475374 0.0829296
475374 0.0853087
475375 0.0910417
475375 0.0923922
475376 0.0958995
475376 0.0988473
475377 0.105983
475377 0.107670
475378 0.112063
475378 0.115768
475379 0.124780
475379 0.126920
475380 0.136033
475380 0.138458
475381 0.148806
475381 0.151566
475382 0.163370
475382 0.166525
475383 0.180051
475383 0.183675
475384 0.193197
475384 0.201322
475385 0.221440
475385 0.226288
475386 0.247220
475386 0.252867
475387 0.277302
475387 0.283908
475388 0.312547
475388 0.320302
475389 0.353977
475389 0.363107
475390 0.402776
475390 0.413535
475391 0.460254
475391 0.472909
475392 0.527732
475392 0.542531
475393 0.598755
475393 0.606298
475393 0.623396
475394 0.696339
475394 0.715665
475395 0.796749
475395 0.817808
475396 0.903814
475396 0.925442
475397 1.01004
475397 1.03023
475398 1.10374
475398 1.11972
475399 1.17056
475399 1.17949
475400 1.19775
475400 1.19798
475400 1.19775
475401 1.19221
475401 1.17947
475401 1.17055
475402 1.11970
475402 1.10371
475403 1.03019
475403 1.01001
475404 0.925412
475404 0.903783
475405 0.849789
475405 0.807219
475406 0.715643
475406 0.696318
475407 0.623379
475407 0.606283
475407 0.598740
475408 0.573479
475408 0.542520
475408 0.527721
475409 0.472902
475409 0.460248
475410 0.413532
475410 0.402774
475411 0.363107
475411 0.353978
475412 0.320305
475412 0.312550
475413 0.283912
475413 0.277307
475414 0.252873
475414 0.247226
475415 0.226295
475415 0.221447
475416 0.209942
475416 0.201330
475417 0.183683
475417 0.180059
475418 0.166534
475418 0.163379
475419 0.151575
475419 0.148815
475420 0.142223
475420 0.137247
475421 0.126930
475421 0.124789
475422 0.116731
475422 0.114835
475423 0.107679
475423 0.105992
475424 0.0996143
475424 0.0981074
475425 0.0944829
475425 0.0917226
475426 0.0859283
475426 0.0847137
475427 0.0800993
475427 0.0790035
475428 0.0748338
475428 0.0738420
475429 0.0700629
475429 0.0691627
475430 0.0669857
475430 0.0653162
475431 0.0614023
475432 0.0581696
475432 0.0574855
475433 0.0558267
475433 0.0545503
475434 0.0518324
475434 0.0512558
475435 0.0498553
475435 0.0487756
475436 0.0464700
475436 0.0459798
475437 0.0440939
475437 0.0436405
475438 0.0425369
475438 0.0414745
475439 0.0396596
475440 0.0377790
475441 0.0360289
475442 0.0343975
475443 0.0328745
475445 0.0301173
475446 0.0288673
475447 0.0276938
475448 0.0265908
475449 0.0255526
475450 0.0245745
475452 0.0227806
475453 0.0219570
475455 0.0204394
475456 0.0197396
475457 0.0190755
475458 0.0184447
475459 0.0178452
475460 0.0172748
475462 0.0162142
475463 0.0157207
475465 0.0148001
475466 0.0143703
475468 0.0135662
475469 0.0131897
475470 0.0128291
475472 0.0121517
475473 0.0118646
475473 0.0118023
475474 0.0116485
475474 0.0114979
475475 0.0112341
475476 0.0109519
475478 0.0104192
475480 0.00992558
475483 0.00925029
475486 0.00864377
475488 0.00827311
475490 0.00792668
475492 0.00760241
475493 0.00744800
475495 0.00715357
475497 0.00687702
475498 0.00674501
475501 0.00637207
475504 0.00603073
475508 0.00561883
475511 0.00533852
475515 0.00499817
475519 0.00469138
475522 0.00448073
475526 0.00422282
475529 0.00404486
475533 0.00382597
475537 0.00362590
475540 0.00348693
475544 0.00331491
475547 0.00319498
475548 0.00315661
475551 0.00304602
475555 0.00290841
475558 0.00281196
475562 0.00269158
475565 0.00260696
475569 0.00250106
475572 0.00242641
475576 0.00233275
475580 0.00224524
475587 0.00210537
475594 0.00198032
475601 0.00186808
475608 0.00176695
475616 0.00166317
475623 0.00158136
475630 0.00150688
475637 0.00143888
475644 0.00137665
475652 0.00131175
475659 0.00125982
475666 0.00121193
475673 0.00116766
475680 0.00112666
475687 0.00108862
475692 0.00106310
475695 0.00104840
475702 0.00101580
475709 0.000985373
475716 0.000956942
475731 0.000901960
475745 0.000856954
475759 0.000817089
475774 0.000779225
475788 0.000747754
475802 0.000719496
475817 0.000692303
475831 0.000669426
475846 0.000647248
475860 0.000628461
475874 0.000611300
475889 0.000594509
475903 0.000580159
475917 0.000566947
475946 0.000542703
475975 0.000521987
476002 0.000505288
476032 0.000489142
476063 0.000474661
476094 0.000462033
476124 0.000451284
476155 0.000441456
476186 0.000432729
476247 0.000418168
476309 0.000406140
476370 0.000396367
476432 0.000388044
476493 0.000381095
476555 0.000375029
476616 0.000369852
476739 0.000361233
476862 0.000354396
476985 0.000348814
477117 0.000343827
477173 0.000341955
477250 0.000339574
477515 0.000332683
477780 0.000327174
478046 0.000322521
478576 0.000314827
479106 0.000308368
480167 0.000297382
480697 0.000292489
481065 0.000289258
481228 0.000287866
481758 0.000283484
482289 0.000279296
482819 0.000275299
483349 0.000271470
483880 0.000267793
484410 0.000264276
484941 0.000260901
485471 0.000257680
486001 0.000254605
486532 0.000251674
487062 0.000248901
487592 0.000246288
488123 0.000243840
488141 0.000243760
488205 0.000243478
488269 0.000243198
488397 0.000242648
488653 0.000241581
489184 0.000239522
489714 0.000237698
489979 0.000236884
490244 0.000236142
490510 0.000235479
490775 0.000234906
490971 0.000234545
491040 0.000234432
491305 0.000234068
491570 0.000233829
491835 0.000233733
492101 0.000233802
492366 0.000234063
492386 0.000234092
492447 0.000234187
492509 0.000234294
492631 0.000234549
492896 0.000235302
493161 0.000236374
493427 0.000237842
493448 0.000237977
493509 0.000238387
493570 0.000238823
493692 0.000239783
493957 0.000242320
494155 0.000244697
494222 0.000245611
494487 0.000249871
494753 0.000255426
494863 0.000258194
495018 0.000262666
495230 0.000270099
495336 0.000274512
495393 0.000277111
495442 0.000279484
495548 0.000285106
495654 0.000291485
495760 0.000298752
495836 0.000304598
495866 0.000307069
495972 0.000316635
496078 0.000327700
496185 0.000340708
496189 0.000341235
496202 0.000342943
496215 0.000344671
496240 0.000348242
496291 0.000355820
496344 0.000364363
496397 0.000373667
496450 0.000383819
496455 0.000384825
496467 0.000387273
496479 0.000389771
496503 0.000394925
496556 0.000407104
496609 0.000420495
496662 0.000435259
496715 0.000451586
496764 0.000468265
496768 0.000469700
496781 0.000474555
496795 0.000479507
496821 0.000489863
496874 0.000512389
496927 0.000537654
496980 0.000566107
497033 0.000598294
497086 0.000634880
497113 0.000655465
497118 0.000659435
497129 0.000667941
497139 0.000676682
497166 0.000700297
497192 0.000724707
497219 0.000751958
497245 0.000780213
497272 0.000811858
497298 0.000844780
497317 0.000870501
497325 0.000881780
497351 0.000920411
497378 0.000963990
497404 0.00100967
497406 0.00101334
497412 0.00102508
497419 0.00103687
497431 0.00106140
497457 0.00111585
497472 0.00114954
497484 0.00117779
497511 0.00124591
497537 0.00131809
497538 0.00132101
497541 0.00133071
497545 0.00134023
497551 0.00135992
497564 0.00140078
497583 0.00146424
497590 0.00148881
497617 0.00159014
497627 0.00163050
497643 0.00169855
497649 0.00172522
497670 0.00182394
497671 0.00182885
497674 0.00184373
497677 0.00185879
497683 0.00188949
497693 0.00194241
497696 0.00195873
497703 0.00199480
497709 0.00203188
497715 0.00206704
497723 0.00211534
497736 0.00219749
497737 0.00220400
497740 0.00222371
497743 0.00224368
497749 0.00228441
497759 0.00235472
497762 0.00237642
497769 0.00242819
497776 0.00248159
497782 0.00252869
497789 0.00258525
497802 0.00269508
497804 0.00271254
497810 0.00276139
497815 0.00281144
497826 0.00291531
497829 0.00294453
497836 0.00300919
497842 0.00307575
497848 0.00313891
497855 0.00321474
497859 0.00325913
497869 0.00337356
497870 0.00338528
497873 0.00341837
497876 0.00345066
497881 0.00351760
497882 0.00352994
497885 0.00356103
497887 0.00359245
497892 0.00365630
497895 0.00369526
497903 0.00380158
497908 0.00386984
497914 0.00395361
497922 0.00406850
497925 0.00411253
497935 0.00426304
497936 0.00427841
497939 0.00432175
497942 0.00436397
497947 0.00445128
497948 0.00446734
497951 0.00450775
497953 0.00454851
497958 0.00463110
497961 0.00468133
497969 0.00481773
497975 0.00492231
497981 0.00502879
497988 0.00515532
497992 0.00522869
498001 0.00539645
498003 0.00543420
498009 0.00553884
498014 0.00564267
498014 0.00564653
498015 0.00566007
498016 0.00567362
498017 0.00570077
498020 0.00575331
498025 0.00585899
498028 0.00591801
498036 0.00607625
498041 0.00617561
498047 0.00629505
498054 0.00643437
498066 0.00667183
498067 0.00669148
498069 0.00673655
498072 0.00677950
498076 0.00686679
498085 0.00703852
498094 0.00720535
498107 0.00743488
498120 0.00764694
498134 0.00785067
498147 0.00801235
498152 0.00806658
498160 0.00814342
498171 0.00822788
498173 0.00824048
498180 0.00827767
498187 0.00830392
498190 0.00831176
498200 0.00832292
498210 0.00831098
498213 0.00830291
498220 0.00827613
498227 0.00823842
498229 0.00822567
498235 0.00818621
498240 0.00814044
498248 0.00806307
498253 0.00800852
498257 0.00796162
498266 0.00784610
498277 0.00768780
498280 0.00764168
498287 0.00753783
498293 0.00742909
498296 0.00737740
498306 0.00719914
498315 0.00703208
498319 0.00695619
498333 0.00668473
498334 0.00666507
498336 0.00661778
498339 0.00657036
498344 0.00647718
498353 0.00628814
498359 0.00616868
498374 0.00587174
498386 0.00563776
498412 0.00514872
498417 0.00505815
498428 0.00486338
498439 0.00467508
498452 0.00446126
498465 0.00425713
498478 0.00406277
498492 0.00386430
498501 0.00374255
498505 0.00368988
498518 0.00352472
498531 0.00336848
498543 0.00323188
498545 0.00320980
498552 0.00313937
498558 0.00307093
498571 0.00293982
498585 0.00280684
498586 0.00279766
498589 0.00277035
498592 0.00274340
498598 0.00269056
498611 0.00258082
498624 0.00247722
498628 0.00244653
498638 0.00237212
498651 0.00228016
498664 0.00219327
498670 0.00215480
498677 0.00211116
498691 0.00202772
498704 0.00195459
498712 0.00191154
498717 0.00188536
498730 0.00181981
498755 0.00170323
498757 0.00169441
498764 0.00166623
498770 0.00163878
498783 0.00158598
498797 0.00153207
498810 0.00148460
498836 0.00139651
498860 0.00132254
498863 0.00131375
498870 0.00129504
498876 0.00127676
498889 0.00124149
498916 0.00117327
498924 0.00115428
498943 0.00111123
498969 0.00105667
498987 0.00102159
498996 0.00100482
499022 0.000959021
499049 0.000915313
499051 0.000912220
499057 0.000903055
499063 0.000894059
499075 0.000876555
499102 0.000839419
499114 0.000823849
499128 0.000806363
499155 0.000774576
499181 0.000746182
499199 0.000727693
499208 0.000718784
499234 0.000694232
499261 0.000670466
499283 0.000652299
499287 0.000649104
499301 0.000638559
499314 0.000628367
499367 0.000591477
499368 0.000590826
499371 0.000588687
499375 0.000586629
499381 0.000582497
499394 0.000574420
499420 0.000558984
499473 0.000530221
499495 0.000519246
499526 0.000504645
499579 0.000481806
499621 0.000465400
499632 0.000461328
499659 0.000451875
499685 0.000442899
499738 0.000426255
499791 0.000411200
499791 0.000411146
499792 0.000411010
499792 0.000410902
499793 0.000410686
499795 0.000410227
499798 0.000409341
499804 0.000407584
499818 0.000404132
499844 0.000397464
499897 0.000384967
499950 0.000373542
499960 0.000371496
500000 0.000363639
500003 0.000363070
500010 0.000361808
500016 0.000360579
500030 0.000358158
500056 0.000353447
500109 0.000344583
500129 0.000341419
500172 0.000334927
500215 0.000328831
500322 0.000315176
500383 0.000308240
500428 0.000303470
500534 0.000293263
500636 0.000284622
500640 0.000284304
500653 0.000283258
500667 0.000282235
500693 0.000280229
500746 0.000276395
500852 0.000269374
500890 0.000267048
500958 0.000263110
501064 0.000257495
501170 0.000252440
501228 0.000249883
501382 0.000243721
501515 0.000239034
501647 0.000234873
501735 0.000232336
501913 0.000227702
502178 0.000221829
502412 0.000217456
502443 0.000216924
502509 0.000215821
502576 0.000214764
502708 0.000212770
502973 0.000209209
503088 0.000207818
503239 0.000206113
503504 0.000203414
503765 0.000201065
503769 0.000201031
503777 0.000200961
503786 0.000200891
503802 0.000200752
503835 0.000200478
503902 0.000199941
504034 0.000198911
504299 0.000197012
504565 0.000195294
504830 0.000193743
505095 0.000192329
505118 0.000192212
505179 0.000191909
505239 0.000191612
505360 0.000191035
505625 0.000189847
505890 0.000188751
506156 0.000187734
506421 0.000186794
506471 0.000186625
506579 0.000186268
506686 0.000185921
506951 0.000185109
507216 0.000184351
507747 0.000182980
507824 0.000182796
508051 0.000182275
508277 0.000181784
508808 0.000180737
509338 0.000179826
509868 0.000179036
510399 0.000178357
510529 0.000178207
510929 0.000177783
511459 0.000177307
511990 0.000176924
512520 0.000176633
513051 0.000176430
513581 0.000176315
514111 0.000176287
514588 0.000176334
514642 0.000176344
514775 0.000176372
514907 0.000176405
515172 0.000176488
515703 0.000176720
516233 0.000177040
517294 0.000177953
518354 0.000179243
518647 0.000179669
519415 0.000180936
520000 0.000182052
520000 0.000386323
523440 0.000385274
525805 0.000384558
528170 0.000383847
531480 0.000382859
534318 0.000382019
535736 0.000381602
539047 0.000380633
541884 0.000379810
545668 0.000378721
548978 0.000377778
555554 0.000375927
564337 0.000373503
574877 0.000370663
587173 0.000367442
599469 0.000364314
600000 0.000364181
608252 0.000362319
608720 0.000362214
617034 0.000360375
624061 0.000358846
627574 0.000358091
629331 0.000357716
632844 0.000356969
636357 0.000356228
638113 0.000355860
641061 0.000355245
641331 0.000355189
641602 0.000355132
641872 0.000355076
642007 0.000355048
642412 0.000354964
642818 0.000354880
643088 0.000354824
643383 0.000354763
643493 0.000354740
644034 0.000354628
644574 0.000354517
645140 0.000354400
645926 0.000354238
647547 0.000353905
648653 0.000353678
649574 0.000353490
650655 0.000353270
652166 0.000352962
654708 0.000352447
656600 0.000352066
658222 0.000351740
659192 0.000351546
662705 0.000350845
664462 0.000350496
667975 0.000349803
669732 0.000349459
675001 0.000348432
680271 0.000347417
685541 0.000346412
692567 0.000345089
699594 0.000343784
700000 0.000343709
706620 0.000342640
713646 0.000341521
718916 0.000340691
722429 0.000340142
725942 0.000339596
729455 0.000339054
729979 0.000338974
730385 0.000338912
730655 0.000338870
731195 0.000338787
732547 0.000338580
732952 0.000338518
734438 0.000338292
736735 0.000337942
738492 0.000337676
741751 0.000337185
750534 0.000335874
759317 0.000334584
768100 0.000333314
775126 0.000332311
782153 0.000331321
785666 0.000330830
790935 0.000330099
797962 0.000329135
800000 0.000328857
800150 0.000328840
801772 0.000328653
802583 0.000328560
807447 0.000328003
810690 0.000327635
812311 0.000327451
813933 0.000327268
814744 0.000327176
815554 0.000327085
817176 0.000326903
820419 0.000326540
822851 0.000326269
825283 0.000325999
829337 0.000325551
832580 0.000325194
834201 0.000325017
835822 0.000324840
837444 0.000324663
839065 0.000324487
841498 0.000324224
843119 0.000324049
843930 0.000323961
845551 0.000323787
847173 0.000323613
848794 0.000323439
850416 0.000323266
852037 0.000323094
853658 0.000322921
855280 0.000322749
856901 0.000322578
859334 0.000322321
861766 0.000322066
863387 0.000321896
866630 0.000321558
869062 0.000321305
873116 0.000320886
879602 0.000320220
884466 0.000319725
886898 0.000319479
888520 0.000319315
890141 0.000319152
892573 0.000318908
895006 0.000318664
896627 0.000318502
899726 0.000318194
900000 0.000318167
915332 0.000323015
929520 0.000327494
942288 0.000331518
949382 0.000333752
950251 0.000334025
951061 0.000334280
951332 0.000334366
951602 0.000334451
951872 0.000334536
952007 0.000334578
952277 0.000334663
952548 0.000334748
952818 0.000334833
953088 0.000334918
953629 0.000335088
954169 0.000335258
955057 0.000335537
962151 0.000337768
967826 0.000339551
976339 0.000342223
986270 0.000345338
997620 0.000348894
1.00000E+06 0.000349639
1.01039E+06 0.000349765
1.01415E+06 0.000349810
1.01748E+06 0.000349849
1.01978E+06 0.000349877
1.02126E+06 0.000349895
1.02163E+06 0.000349899
1.02201E+06 0.000349903
1.02238E+06 0.000349908
1.02312E+06 0.000349917
1.02386E+06 0.000349925
1.02423E+06 0.000349930
1.02458E+06 0.000349934
1.02535E+06 0.000349943
1.02572E+06 0.000349947
1.02609E+06 0.000349952
1.02684E+06 0.000349961
1.02721E+06 0.000349965
1.02758E+06 0.000349969
1.02795E+06 0.000349974
1.02883E+06 0.000349984
1.03025E+06 0.000350001
1.03309E+06 0.000350034
1.03427E+06 0.000350048
1.03650E+06 0.000350075
1.03734E+06 0.000350084
1.03876E+06 0.000350101
1.04018E+06 0.000350118
1.04170E+06 0.000350135
1.04302E+06 0.000350151
1.04728E+06 0.000350200
1.05295E+06 0.000350266
1.05721E+06 0.000350315
1.06146E+06 0.000350364
1.06251E+06 0.000350376
1.06288E+06 0.000350380
1.06325E+06 0.000350384
1.06362E+06 0.000350389
1.06399E+06 0.000350393
1.06436E+06 0.000350397
1.06714E+06 0.000350429
1.06998E+06 0.000350461
1.07281E+06 0.000350493
1.07565E+06 0.000350525
1.07849E+06 0.000350558
1.08275E+06 0.000350606
1.08700E+06 0.000350653
1.09126E+06 0.000350701
1.09410E+06 0.000350732
1.09791E+06 0.000350775
1.10899E+06 0.000350897
1.12284E+06 0.000351048
1.13115E+06 0.000351138
1.13946E+06 0.000351228
1.14777E+06 0.000351316
1.15608E+06 0.000351404
1.16993E+06 0.000351549
1.18655E+06 0.000351722
1.19486E+06 0.000351807
1.19763E+06 0.000351835
1.20317E+06 0.000351892
1.20871E+06 0.000351948
1.21702E+06 0.000352031
1.22533E+06 0.000352115
1.24195E+06 0.000352279
1.25580E+06 0.000352415
1.26688E+06 0.000352523
1.27156E+06 0.000352568
1.27519E+06 0.000352603
1.27764E+06 0.000352626
1.27845E+06 0.000352634
1.27926E+06 0.000352642
1.27967E+06 0.000352646
1.28088E+06 0.000352657
1.28169E+06 0.000352665
1.28251E+06 0.000352673
1.28291E+06 0.000352676
1.28413E+06 0.000352688
1.28627E+06 0.000352709
1.28778E+06 0.000352723
1.28940E+06 0.000352738
1.29021E+06 0.000352746
1.29102E+06 0.000352754
1.29142E+06 0.000352757
1.29264E+06 0.000352769
1.29345E+06 0.000352777
1.29467E+06 0.000352788
1.29588E+06 0.000352800
1.29629E+06 0.000352804
1.29791E+06 0.000352819
1.29913E+06 0.000352830
1.29994E+06 0.000352838
1.30075E+06 0.000352846
1.30156E+06 0.000352853
1.30318E+06 0.000352868
1.30440E+06 0.000352880
1.30561E+06 0.000352891
1.30723E+06 0.000352907
1.30926E+06 0.000352926
1.31088E+06 0.000352941
1.31250E+06 0.000352956
1.31397E+06 0.000352970
1.31534E+06 0.000352982
1.31615E+06 0.000352990
1.31674E+06 0.000352995
1.31858E+06 0.000353012
1.31899E+06 0.000353016
1.31980E+06 0.000353024
1.32020E+06 0.000353028
1.32223E+06 0.000353046
1.32628E+06 0.000353084
1.32791E+06 0.000353099
1.33613E+06 0.000353175
1.35275E+06 0.000353326
1.36937E+06 0.000353476
1.37768E+06 0.000353550
1.38599E+06 0.000353624
1.39430E+06 0.000353697
1.39707E+06 0.000353722
1.40261E+06 0.000353770
1.41923E+06 0.000353915
1.42615E+06 0.000353975
1.42616E+06 0.000353975
1.42616E+06 0.000353975
1.42760E+06 0.000349518
1.43308E+06 0.000333103
1.43862E+06 0.000317351
1.44139E+06 0.000309778
1.44416E+06 0.000302400
1.45524E+06 0.000274730
1.46355E+06 0.000255774
1.46380E+06 0.000255226
1.47186E+06 0.000238223
1.47740E+06 0.000227247
1.48294E+06 0.000216815
1.49402E+06 0.000197469
1.49984E+06 0.000188061
1.50000E+06 0.000187809
1.52740E+06 0.000182235
1.53774E+06 0.000180200
1.55496E+06 0.000176890
1.56186E+06 0.000175591
1.56530E+06 0.000174949
1.56875E+06 0.000174310
1.57219E+06 0.000173675
1.58253E+06 0.000171790
1.59287E+06 0.000169938
1.59976E+06 0.000168722
1.60665E+06 0.000167519
1.61354E+06 0.000166330
1.61699E+06 0.000165740
1.62019E+06 0.000165195
1.62732E+06 0.000163992
1.63421E+06 0.000162843
1.64800E+06 0.000160581
1.65833E+06 0.000158920
1.66522E+06 0.000157827
1.67556E+06 0.000156209
1.67687E+06 0.000156006
1.68590E+06 0.000154617
1.69623E+06 0.000153053
1.69968E+06 0.000152537
1.70313E+06 0.000152023
1.70657E+06 0.000151513
1.71002E+06 0.000151004
1.71346E+06 0.000150500
1.71691E+06 0.000149997
1.72035E+06 0.000149498
1.72724E+06 0.000148507
1.73414E+06 0.000147525
1.73758E+06 0.000147039
1.74447E+06 0.000146073
1.74792E+06 0.000145594
1.75000E+06 0.000145306
1.75481E+06 0.000144644
1.76170E+06 0.000143703
1.76515E+06 0.000143236
1.77893E+06 0.000141394
1.79271E+06 0.000139589
1.80305E+06 0.000138260
1.80649E+06 0.000137822
1.80994E+06 0.000137385
1.81338E+06 0.000136951
1.81683E+06 0.000136518
1.82028E+06 0.000136088
1.82372E+06 0.000135661
1.82717E+06 0.000135235
1.83406E+06 0.000134390
1.84095E+06 0.000133554
1.84784E+06 0.000132726
1.85129E+06 0.000132315
1.85473E+06 0.000131907
1.85818E+06 0.000131499
1.86507E+06 0.000130692
1.87885E+06 0.000129100
1.87892E+06 0.000129092
1.88030E+06 0.000128934
1.88574E+06 0.000128316
1.89263E+06 0.000127539
1.89952E+06 0.000126770
1.90642E+06 0.000126007
1.90986E+06 0.000125630
1.91675E+06 0.000124879
1.92709E+06 0.000123766
1.93743E+06 0.000122668
1.94015E+06 0.000122382
1.95465E+06 0.000120875
1.96155E+06 0.000120168
1.96499E+06 0.000119818
1.96844E+06 0.000119469
1.97533E+06 0.000118776
1.98566E+06 0.000117749
1.99256E+06 0.000117071
1.99767E+06 0.000116573
2.00000E+06 0.000116347
2.00206E+06 0.000116353
2.01084E+06 0.000116381
2.02402E+06 0.000116421
2.03719E+06 0.000116462
2.04401E+06 0.000116482
2.04597E+06 0.000116488
2.05476E+06 0.000116515
2.06793E+06 0.000116555
2.07232E+06 0.000116568
2.07671E+06 0.000116581
2.08550E+06 0.000116608
2.09428E+06 0.000116634
2.10306E+06 0.000116660
2.11184E+06 0.000116686
2.12502E+06 0.000116725
2.13819E+06 0.000116763
2.15137E+06 0.000116802
2.16015E+06 0.000116827
2.17772E+06 0.000116878
2.19528E+06 0.000116928
2.19967E+06 0.000116940
2.20406E+06 0.000116953
2.20846E+06 0.000116965
2.21724E+06 0.000116990
2.22602E+06 0.000117015
2.23041E+06 0.000117027
2.23920E+06 0.000117052
2.24798E+06 0.000117076
2.25000E+06 0.000117082
2.25676E+06 0.000117101
2.26115E+06 0.000117113
2.26994E+06 0.000117137
2.27872E+06 0.000117161
2.28750E+06 0.000117185
2.29189E+06 0.000117197
2.30507E+06 0.000117233
2.30946E+06 0.000117245
2.31824E+06 0.000117269
2.32703E+06 0.000117293
2.33581E+06 0.000117316
2.35777E+06 0.000117375
2.37094E+06 0.000117410
2.38411E+06 0.000117445
2.38851E+06 0.000117456
2.39729E+06 0.000117479
2.40168E+06 0.000117491
2.41046E+06 0.000117514
2.41925E+06 0.000117537
2.42364E+06 0.000117548
2.44559E+06 0.000117605
2.45877E+06 0.000117638
2.46755E+06 0.000117661
2.47194E+06 0.000117672
2.47633E+06 0.000117683
2.48512E+06 0.000117705
2.50000E+06 0.000117743
2.50268E+06 0.000117799
2.51586E+06 0.000118072
2.52464E+06 0.000118254
2.53342E+06 0.000118435
2.54660E+06 0.000118707
2.55099E+06 0.000118797
2.56416E+06 0.000119068
2.57295E+06 0.000119248
2.58612E+06 0.000119517
2.59490E+06 0.000119696
2.59777E+06 0.000119754
2.60520E+06 0.000119905
2.60891E+06 0.000119981
2.61634E+06 0.000120132
2.62006E+06 0.000120207
2.63492E+06 0.000120507
2.64236E+06 0.000120658
2.64979E+06 0.000120807
2.65722E+06 0.000120957
2.66073E+06 0.000121027
2.66465E+06 0.000121106
2.66730E+06 0.000121159
2.67951E+06 0.000121404
2.69066E+06 0.000121626
2.70181E+06 0.000121849
2.71667E+06 0.000122144
2.73154E+06 0.000122439
2.74640E+06 0.000122733
2.75755E+06 0.000122952
2.77241E+06 0.000123244
2.79099E+06 0.000123608
2.80214E+06 0.000123826
2.80957E+06 0.000123971
2.81328E+06 0.000124043
2.81700E+06 0.000124116
2.82071E+06 0.000124188
2.82815E+06 0.000124332
2.83558E+06 0.000124476
2.83929E+06 0.000124548
2.84673E+06 0.000124692
2.84822E+06 0.000124721
2.85416E+06 0.000124836
2.87274E+06 0.000125194
2.88760E+06 0.000125480
2.89875E+06 0.000125693
2.90618E+06 0.000125835
2.91361E+06 0.000125977
2.91418E+06 0.000125988
2.91733E+06 0.000126048
2.92104E+06 0.000126119
2.92847E+06 0.000126261
2.93962E+06 0.000126473
2.95448E+06 0.000126754
2.96935E+06 0.000127036
2.97678E+06 0.000127176
2.98793E+06 0.000127386
2.99164E+06 0.000127456
2.99907E+06 0.000127596
3.00000E+06 0.000127613
3.01394E+06 0.000128095
3.02137E+06 0.000128352
3.03252E+06 0.000128737
3.03995E+06 0.000128994
3.04366E+06 0.000129122
3.05110E+06 0.000129378
3.05247E+06 0.000129426
3.05410E+06 0.000129482
3.06224E+06 0.000129762
3.07711E+06 0.000130275
3.09197E+06 0.000130786
3.13316E+06 0.000132202
3.15289E+06 0.000132878
3.16557E+06 0.000133313
3.17370E+06 0.000133591
3.17628E+06 0.000133680
3.18721E+06 0.000134054
3.21423E+06 0.000134977
3.24126E+06 0.000135900
3.27705E+06 0.000137119
3.29531E+06 0.000137740
3.32233E+06 0.000138658
3.33584E+06 0.000139117
3.34935E+06 0.000139575
3.36287E+06 0.000140033
3.38989E+06 0.000140947
3.40340E+06 0.000141404
3.41692E+06 0.000141861
3.45745E+06 0.000143228
3.47096E+06 0.000143683
3.50000E+06 0.000144660
3.51150E+06 0.000145175
3.52501E+06 0.000145781
3.53852E+06 0.000146386
3.54267E+06 0.000146573
3.55151E+06 0.000146969
3.55204E+06 0.000146993
3.56555E+06 0.000147599
3.57906E+06 0.000148205
3.59257E+06 0.000148812
3.60608E+06 0.000149418
3.63311E+06 0.000150633
3.64662E+06 0.000151240
3.67365E+06 0.000152455
3.70067E+06 0.000153671
3.72729E+06 0.000154870
3.72769E+06 0.000154888
3.76823E+06 0.000156714
3.78174E+06 0.000157323
3.80877E+06 0.000158542
3.83579E+06 0.000159762
3.84845E+06 0.000160333
3.85926E+06 0.000160822
3.86282E+06 0.000160982
3.87007E+06 0.000161310
3.87682E+06 0.000161615
3.88984E+06 0.000162203
3.90335E+06 0.000162814
3.91686E+06 0.000163425
3.93628E+06 0.000164303
3.94389E+06 0.000164648
3.94979E+06 0.000164915
3.95740E+06 0.000165259
3.98442E+06 0.000166482
3.99303E+06 0.000166872
4.00000E+06 0.000167188
4.02496E+06 0.000168705
4.05198E+06 0.000170351
4.06556E+06 0.000171181
4.09347E+06 0.000172889
4.10603E+06 0.000173660
4.13100E+06 0.000175195
4.14657E+06 0.000176154
4.16008E+06 0.000176988
4.17359E+06 0.000177823
4.20062E+06 0.000179497
4.21413E+06 0.000180336
4.22348E+06 0.000180917
4.22764E+06 0.000181176
4.24115E+06 0.000182017
4.26818E+06 0.000183703
4.29330E+06 0.000185275
4.29520E+06 0.000185394
4.29618E+06 0.000185455
4.32223E+06 0.000183488
4.33574E+06 0.000182481
4.34925E+06 0.000181483
4.37628E+06 0.000179511
4.40330E+06 0.000177573
4.41664E+06 0.000176628
4.43032E+06 0.000174998
4.44384E+06 0.000173406
4.44966E+06 0.000172727
4.45735E+06 0.000171835
4.48437E+06 0.000168749
4.48563E+06 0.000168606
4.49788E+06 0.000167233
4.50000E+06 0.000166997
4.50017E+06 0.000166994
4.51887E+06 0.000166691
4.53539E+06 0.000166424
4.53842E+06 0.000166375
4.59247E+06 0.000165513
4.61949E+06 0.000165088
4.64652E+06 0.000164666
4.67354E+06 0.000164247
4.68705E+06 0.000164040
4.71408E+06 0.000163626
4.72759E+06 0.000163421
4.75000E+06 0.000163082
4.75461E+06 0.000163013
4.78164E+06 0.000162608
4.80866E+06 0.000162206
4.83569E+06 0.000161808
4.86271E+06 0.000161413
4.88974E+06 0.000161021
4.90160E+06 0.000160850
4.91262E+06 0.000160691
4.91676E+06 0.000160632
4.93113E+06 0.000160426
4.95730E+06 0.000160054
5.00000E+06 0.000159453
5.02166E+06 0.000159671
5.09022E+06 0.000160356
5.09657E+06 0.000160419
5.16502E+06 0.000161097
5.16751E+06 0.000161121
5.19588E+06 0.000161400
5.20000E+06 0.000161441
5.21454E+06 0.000161583
5.22426E+06 0.000161678
5.26682E+06 0.000162093
5.29520E+06 0.000162369
5.32357E+06 0.000162643
5.38032E+06 0.000163189
5.40870E+06 0.000163460
5.42330E+06 0.000163599
5.43707E+06 0.000163730
5.45126E+06 0.000163865
5.45630E+06 0.000163913
5.49383E+06 0.000162307
5.49640E+06 0.000162198
5.50000E+06 0.000162045
5.55058E+06 0.000162140
5.57895E+06 0.000162193
5.60000E+06 0.000162232
5.62693E+06 0.000162282
5.64989E+06 0.000162324
5.68650E+06 0.000162392
5.68651E+06 0.000162392
5.72083E+06 0.000162454
5.77758E+06 0.000162557
5.80000E+06 0.000162597
5.80596E+06 0.000162608
5.83433E+06 0.000162659
5.89108E+06 0.000162760
5.91089E+06 0.000162795
5.93364E+06 0.000162835
5.94783E+06 0.000162860
5.99040E+06 0.000162934
6.00000E+06 0.000162951
6.06133E+06 0.000162847
6.10000E+06 0.000162782
6.10390E+06 0.000162776
6.15355E+06 0.000162693
6.20321E+06 0.000162611
6.26306E+06 0.000162513
6.27415E+06 0.000162400
6.30000E+06 0.000162136
6.35928E+06 0.000161538
6.43022E+06 0.000160833
6.47278E+06 0.000160414
6.50000E+06 0.000160149
6.55790E+06 0.000159952
6.60047E+06 0.000159809
6.62884E+06 0.000159713
6.64400E+06 0.000159663
6.69978E+06 0.000159478
6.70000E+06 0.000159477
6.70270E+06 0.000159468
6.74235E+06 0.000158928
6.75600E+06 0.000158744
6.78491E+06 0.000158355
6.79910E+06 0.000158165
6.80800E+06 0.000158046
6.84500E+06 0.000157554
6.85585E+06 0.000157411
6.90000E+06 0.000156831
6.91200E+06 0.000156675
6.94097E+06 0.000156299
7.00000E+06 0.000155540
7.03800E+06 0.000155574
7.09953E+06 0.000155628
7.10000E+06 0.000155629
7.18601E+06 0.000155704
7.21600E+06 0.000155730
7.27249E+06 0.000155779
7.31000E+06 0.000155811
7.31573E+06 0.000155816
7.35000E+06 0.000155845
7.37300E+06 0.000155865
7.41800E+06 0.000155903
7.44800E+06 0.000155928
7.50000E+06 0.000155972
7.51000E+06 0.000156012
7.51030E+06 0.000156013
7.55354E+06 0.000156184
7.57516E+06 0.000156269
7.61840E+06 0.000156439
7.62787E+06 0.000156476
7.65691E+06 0.000156590
7.68326E+06 0.000156163
7.70000E+06 0.000155894
7.70488E+06 0.000155815
7.77500E+06 0.000154698
7.87063E+06 0.000153203
7.87100E+06 0.000153190
7.90000E+06 0.000152204
7.93649E+06 0.000150977
7.94269E+06 0.000150740
8.00000E+06 0.000148577
8.04200E+06 0.000148047
8.07300E+06 0.000147659
8.09403E+06 0.000146967
8.11000E+06 0.000146445
8.14053E+06 0.000145454
8.15888E+06 0.000145302
8.22374E+06 0.000144769
8.22843E+06 0.000144731
8.26698E+06 0.000144417
8.31022E+06 0.000144068
8.31057E+06 0.000144065
8.32296E+06 0.000143966
8.37508E+06 0.000143549
8.41832E+06 0.000143207
8.50000E+06 0.000142567
8.50479E+06 0.000142529
8.63451E+06 0.000141532
8.72099E+06 0.000140879
8.82909E+06 0.000140076
8.93718E+06 0.000139287
9.00000E+06 0.000138835
9.04528E+06 0.000139438
9.17500E+06 0.000141165
9.28309E+06 0.000142601
9.39119E+06 0.000144035
9.47767E+06 0.000145181
9.50000E+06 0.000145476
9.51000E+06 0.000145609
9.54253E+06 0.000146039
9.57300E+06 0.000146442
9.65062E+06 0.000147467
9.70625E+06 0.000148202
9.75300E+06 0.000148818
1.00000E+07 0.000152070
1.02400E+07 0.000156750
1.02843E+07 0.000157617
1.03500E+07 0.000158905
1.04205E+07 0.000160289
1.04206E+07 0.000160287
1.05000E+07 0.000157639
1.05400E+07 0.000156330
1.06700E+07 0.000152182
1.07500E+07 0.000149709
1.08900E+07 0.000145520
1.10000E+07 0.000142347
1.10252E+07 0.000140614
1.11000E+07 0.000135615
1.12700E+07 0.000125017
1.14088E+07 0.000117087
1.14800E+07 0.000113252
1.15000E+07 0.000112201
1.15243E+07 0.000110941
1.15600E+07 0.000109119
1.17000E+07 0.000102308
1.18100E+07 9.73093E-05
1.19400E+07 9.17702E-05
1.20000E+07 8.93403E-05
1.20500E+07 8.71984E-05
1.21000E+07 8.51164E-05
1.21832E+07 8.17796E-05
1.22000E+07 8.11246E-05
1.22400E+07 7.95895E-05
1.23700E+07 7.48305E-05
1.24000E+07 7.37800E-05
1.24600E+07 7.17306E-05
1.25510E+07 6.87481E-05
1.25900E+07 6.75145E-05
1.26000E+07 6.72024E-05
1.26415E+07 6.59250E-05
1.26700E+07 6.50643E-05
1.28000E+07 6.13012E-05
1.28100E+07 6.10225E-05
1.29400E+07 5.75304E-05
1.30000E+07 5.59980E-05
1.30600E+07 5.43279E-05
1.32000E+07 5.06493E-05
1.32700E+07 4.89181E-05
1.34000E+07 4.58807E-05
1.35500E+07 4.26423E-05
1.36000E+07 4.16220E-05
1.37700E+07 3.83573E-05
1.38000E+07 3.78123E-05
1.39600E+07 3.50521E-05
1.40000E+07 3.43988E-05
1.41600E+07 3.17218E-05
1.42000E+07 3.10902E-05
1.44000E+07 2.81395E-05
1.45000E+07 2.67848E-05
1.46000E+07 2.55040E-05
1.46958E+07 2.43420E-05
1.48000E+07 2.31462E-05
1.49900E+07 2.11341E-05
1.50000E+07 2.10338E-05
1.55000E+07 1.69911E-05
1.60000E+07 1.38187E-05
1.70000E+07 8.78643E-06
1.72258E+07 7.76337E-06
1.75000E+07 6.69427E-06
1.76954E+07 6.03200E-06
1.80000E+07 5.13951E-06
1.85000E+07 4.32642E-06
1.90000E+07 3.65873E-06
1.95000E+07 3.25197E-06
2.00000E+07 2.89907E-06