S-32(n,g) ENDF/B-VII.1
Energy(eV) XS(b)
1.00000E-05 26.5672
1.25000E-05 23.7624
1.50000E-05 21.6920
2.00000E-05 18.7858
2.75000E-05 16.0206
3.50000E-05 14.2008
4.25000E-05 12.8870
5.00000E-05 11.8812
6.25000E-05 10.6269
7.50000E-05 9.70096
0.000100000 8.40127
0.000125000 7.51433
0.000150000 6.85961
0.000200000 5.94060
0.000275000 5.06616
0.000350000 4.49067
0.000425000 4.07522
0.000500000 3.75716
0.000625000 3.36051
0.000750000 3.06771
0.00100000 2.65672
0.00125000 2.37624
0.00150000 2.16920
0.00200000 1.87858
0.00275000 1.60206
0.00350000 1.42007
0.00425000 1.28870
0.00500000 1.18812
0.00625000 1.06269
0.00750000 0.970095
0.0100000 0.840126
0.0125000 0.751432
0.0150000 0.685960
0.0200000 0.594058
0.0253000 0.528182
0.0314750 0.473544
0.0376500 0.432973
0.0500000 0.375714
0.0625000 0.336048
0.0750000 0.306768
0.100000 0.265668
0.125000 0.237620
0.150000 0.216916
0.200000 0.187853
0.275000 0.160200
0.350000 0.142001
0.500000 0.118804
0.750000 0.0969996
1.00000 0.0840013
1.50000 0.0685820
2.00000 0.0593897
2.75000 0.0506425
3.50000 0.0448852
5.00000 0.0375460
7.50000 0.0306457
10.0000 0.0265309
15.0000 0.0216476
20.0000 0.0187346
27.5000 0.0159606
35.0000 0.0141331
50.0000 0.0118006
75.0000 0.00960259
100.000 0.00828813
150.000 0.00672211
200.000 0.00578304
275.000 0.00488352
350.000 0.00428695
500.000 0.00351909
750.000 0.00278665
1000.00 0.00234360
1500.00 0.00181132
2000.00 0.00149172
2750.00 0.00118901
3500.00 0.000993413
5000.00 0.000754536
7500.00 0.000551544
10000.0 0.000447948
15000.0 0.000352663
20000.0 0.000320897
25173.9 0.000345724
26467.3 0.000384862
27760.8 0.000498741
28407.5 0.000657381
28730.9 0.000815587
29054.2 0.00110371
29377.6 0.00171490
29539.3 0.00231689
29701.0 0.00339855
29781.8 0.00429596
29862.7 0.00564477
29943.5 0.00780665
30024.3 0.0115918
30105.2 0.0191356
30145.6 0.0260799
30186.0 0.0376534
30226.4 0.0590177
30246.7 0.0771455
30266.9 0.104865
30287.1 0.149979
30307.3 0.229384
30327.5 0.382617
30337.6 0.512414
30347.7 0.698780
30363.9 1.12161
30380.0 1.40375
30396.2 1.11942
30412.3 0.697343
30424.7 0.477799
30437.1 0.337564
30449.5 0.247317
30461.9 0.187490
30486.7 0.117054
30511.5 0.0794710
30536.2 0.0573060
30561.0 0.0432304
30610.6 0.0270936
30660.2 0.0185783
30709.7 0.0135543
30759.3 0.0103474
30808.9 0.00817754
30908.0 0.00551528
31007.2 0.00400669
31106.3 0.00307020
31205.4 0.00244928
31403.7 0.00170300
31602.0 0.00128868
31998.6 0.000868695
32395.1 0.000670964
32791.7 0.000562602
33584.8 0.000454618
35171.0 0.000379675
36757.3 0.000357345
39929.8 0.000353128
41516.0 0.000363233
42309.1 0.000388101
42705.7 0.000475888
42904.0 0.000819957
43003.1 0.00218360
43052.7 0.00754798
43077.5 0.0282907
43083.7 0.0490710
43089.9 0.105667
43093.0 0.180437
43096.1 0.375427
43097.6 0.618187
43099.2 1.19820
43100.0 1.85142
43100.7 3.17565
43101.1 4.43186
43101.5 6.46301
43101.9 10.1596
43102.3 16.8836
43102.6 26.9605
43103.0 33.8100
43103.4 26.9608
43103.7 16.8841
43104.0 12.4753
43104.2 9.43427
43104.6 5.70156
43105.1 3.74527
43105.5 2.62585
43106.4 1.48128
43107.3 0.945079
43109.1 0.478450
43110.9 0.287697
43114.5 0.136909
43118.1 0.0798057
43132.5 0.0212654
43161.3 0.00573111
43218.9 0.00172642
43334.1 0.000709622
43564.4 0.000454138
44025.1 0.000392572
44946.5 0.000384694
45867.8 0.000402600
46328.5 0.000463866
46558.8 0.000699432
46674.0 0.00163081
46731.6 0.00529740
46760.4 0.0194895
46774.8 0.0726554
46778.4 0.124179
46782.0 0.259082
46783.8 0.427886
46785.6 0.834185
46786.5 1.29183
46787.4 2.24291
46787.8 3.14553
46788.3 4.67059
46788.7 7.43842
46789.2 12.5494
46789.6 20.0731
46790.0 25.1275
46790.4 20.0732
46790.8 12.5497
46791.2 7.86976
46791.6 5.19786
46792.4 2.64976
46793.2 1.56585
46794.0 1.03152
46795.5 0.539201
46797.1 0.330711
46800.2 0.160023
46803.4 0.0941998
46815.9 0.0254111
46841.0 0.00685803
46891.1 0.00203650
46991.4 0.000807164
47192.0 0.000497603
47593.1 0.000422312
48395.4 0.000409309
50000.0 0.000419548
55650.8 0.000488977
61301.5 0.000593646
66952.3 0.000751272
69777.6 0.000860505
71190.3 0.000925671
71896.7 0.000961406
72603.0 0.000999478
73309.4 0.00104009
74015.7 0.00108347
74722.0 0.00112986
75428.4 0.00117953
76134.7 0.00123281
76841.1 0.00129002
77547.4 0.00135156
78253.8 0.00141786
79666.4 0.00156673
81079.1 0.00174129
82491.8 0.00194750
83904.5 0.00219304
85317.2 0.00248782
86729.9 0.00284476
88142.6 0.00328069
89555.3 0.00381747
90967.9 0.00448312
92380.6 0.00531278
93793.3 0.00634967
95206.0 0.00765836
96323.7 0.00909396
96882.5 0.0107222
97022.2 0.0118002
97161.9 0.0141962
97231.8 0.0168308
97301.6 0.0223200
97336.5 0.0276052
97371.5 0.0367209
97406.4 0.0538421
97441.3 0.0878658
97470.7 0.134804
97500.0 0.166099
97529.4 0.134735
97558.7 0.0879113
97577.8 0.0665700
97596.9 0.0519288
97635.0 0.0349228
97673.2 0.0262775
97711.3 0.0214392
97787.6 0.0166116
97863.9 0.0144286
98169.0 0.0120367
98779.4 0.0118929
100000 0.0129566
102710 0.0140509
104585 0.0128975
106460 0.0107841
110210 0.00724284
111056 0.00792783
111267 0.00876599
111478 0.0104813
111690 0.0143032
111795 0.0179253
111901 0.0235964
112041 0.0346463
112180 0.0419450
112320 0.0343263
112459 0.0231345
112587 0.0164421
112714 0.0124882
112970 0.00856159
113225 0.00679129
113480 0.00582715
114502 0.00422903
116544 0.00305546
120629 0.00192491
124714 0.00131906
128799 0.000953525
132883 0.000717727
136968 0.000557885
141053 0.000445720
143096 0.000404431
144117 0.000396400
144627 0.000433514
144755 0.000479161
144883 0.000612825
144947 0.000800791
145010 0.00133249
145042 0.00206571
145074 0.00410878
145090 0.00689011
145106 0.0143931
145114 0.0242919
145122 0.0499485
145126 0.0816380
145130 0.156459
145134 0.404482
145136 0.803051
145137 1.22621
145138 1.90118
145139 3.08411
145140 3.80487
145141 3.08406
145142 1.90113
145144 0.835560
145146 0.443040
145148 0.262723
145149 0.176060
145153 0.0928989
145157 0.0578401
145164 0.0281792
145171 0.0167975
145186 0.00800402
145201 0.00475856
145230 0.00235983
145260 0.00149751
145318 0.000870446
145377 0.000647442
145495 0.000485556
145612 0.000427262
146083 0.000364971
147024 0.000336568
148905 0.000306440
152668 0.000261421
156432 0.000228481
158313 0.000223401
159254 0.000255406
159489 0.000293738
159724 0.000405330
159842 0.000561258
159901 0.000716919
159960 0.00100058
160018 0.00160284
160048 0.00219682
160077 0.00326603
160107 0.00549386
160136 0.0114359
160151 0.0190492
160165 0.0380286
160173 0.0605660
160180 0.109543
160187 0.248614
160191 0.433328
160193 0.592876
160195 0.829676
160196 1.07823
160197 1.34201
160200 1.66857
160201 1.55858
160203 1.32167
160205 0.829624
160208 0.471391
160211 0.293944
160215 0.194855
160218 0.138908
160224 0.0794330
160230 0.0511178
160236 0.0355792
160242 0.0261751
160254 0.0158766
160266 0.0106693
160279 0.00768015
160303 0.00455952
160327 0.00304940
160352 0.00220606
160401 0.00134676
160449 0.000939958
160498 0.000715788
160596 0.000489881
160693 0.000383835
160791 0.000325557
160986 0.000266652
161377 0.000222751
161767 0.000205778
163328 0.000182626
166451 0.000163464
169574 0.000151086
171136 0.000150930
171917 0.000170601
172112 0.000192998
172307 0.000257831
172405 0.000348564
172502 0.000605774
172551 0.000961544
172600 0.00195824
172624 0.00331842
172649 0.00705277
172661 0.0120188
172673 0.0251184
172679 0.0416656
172685 0.0820470
172691 0.226558
172694 0.480673
172696 0.779378
172697 1.38174
172699 2.20116
172700 2.76502
172701 2.57383
172701 2.20113
172703 1.38170
172704 0.752667
172706 0.440617
172709 0.200043
172713 0.110436
172716 0.0704459
172723 0.0353904
172729 0.0213636
172743 0.0101510
172756 0.00596179
172783 0.00280813
172809 0.00166620
172863 0.000828044
172916 0.000529020
173023 0.000312538
173129 0.000235961
173342 0.000180519
173556 0.000160644
174409 0.000139668
176115 0.000130880
179527 0.000123872
186351 0.000125733
189764 0.000141266
193176 0.000185359
194882 0.000234743
196588 0.000331137
197441 0.000416083
198294 0.000549607
199147 0.000773120
200000 0.00117587
200550 0.00161407
201100 0.00228417
201865 0.00364848
202630 0.00454386
203395 0.00359888
204160 0.00224838
205049 0.00130441
205939 0.000826296
206828 0.000569572
207717 0.000419893
209496 0.000263691
211274 0.000188713
213053 0.000147053
214831 0.000121444
218388 9.26912E-05
225502 6.89274E-05
232616 6.07603E-05
239730 6.03688E-05
246844 6.86665E-05
250401 7.85837E-05
253958 9.63887E-05
257515 0.000132406
259293 0.000175719
259738 0.000201208
260182 0.000258656
260405 0.000330229
260627 0.000522575
260738 0.000782292
260849 0.00149715
260905 0.00245921
260961 0.00505017
260988 0.00841459
261016 0.0169763
261030 0.0273115
261044 0.0509292
261058 0.123859
261065 0.228773
261068 0.331946
261072 0.493015
261076 0.787575
261080 0.983467
261082 0.925876
261084 0.787544
261088 0.492985
261093 0.278518
261098 0.170439
261108 0.0801536
261118 0.0457508
261128 0.0294282
261148 0.0150431
261168 0.00915647
261208 0.00446722
261247 0.00268633
261327 0.00134672
261406 0.000860213
261565 0.000506171
261723 0.000383296
262041 0.000301891
262358 0.000281603
263628 0.000314397
264898 0.000409449
266168 0.000577960
267438 0.000899305
268073 0.00117968
268708 0.00162064
269343 0.00236808
269978 0.00376667
270296 0.00495361
270613 0.00674009
270931 0.00951251
271248 0.0138334
271664 0.0221477
272080 0.0276436
272496 0.0220329
272912 0.0137580
273378 0.00803797
273844 0.00505398
274310 0.00342293
274775 0.00246353
275241 0.00186040
275707 0.00146049
276639 0.000985670
277571 0.000731583
278502 0.000586832
280366 0.000464746
282229 0.000489802
283161 0.000569541
284092 0.000733038
285024 0.00107193
285490 0.00137922
285956 0.00187361
286422 0.00273163
286887 0.00438471
287120 0.00582713
287353 0.00805636
287586 0.0116344
287819 0.0174363
288100 0.0278760
288380 0.0347975
288661 0.0277762
288941 0.0173595
289256 0.0101215
289572 0.00634753
289887 0.00428532
290202 0.00307055
290518 0.00230486
290833 0.00179454
291463 0.00118116
292094 0.000841776
292725 0.000634807
293986 0.000405667
295247 0.000287829
296508 0.000218963
299030 0.000145256
301552 0.000108754
304075 8.96738E-05
306597 9.01148E-05
307228 0.000102048
307858 0.000140850
308173 0.000196790
308489 0.000356361
308646 0.000576875
308804 0.00119068
308883 0.00202110
308962 0.00426979
309001 0.00720745
309040 0.0147491
309060 0.0239539
309080 0.0453254
309099 0.113675
309109 0.219065
309114 0.325318
309119 0.504263
309125 0.809372
309130 1.00769
309133 0.945390
309136 0.803427
309141 0.504230
309147 0.289070
309153 0.179925
309166 0.0852205
309178 0.0487650
309191 0.0313813
309216 0.0160511
309241 0.00973337
309291 0.00467727
309341 0.00275531
309441 0.00130330
309540 0.000773418
309740 0.000383951
309940 0.000244815
310339 0.000144488
310739 0.000110524
311538 0.000105087
311937 0.000186016
312137 0.000526489
312237 0.00184923
312287 0.00677039
312312 0.0238823
312325 0.0757566
312331 0.197134
312337 1.00741
312339 1.62280
312340 2.01146
312342 1.62279
312343 1.00411
312347 0.301499
312352 0.131322
312360 0.0457703
312377 0.0136261
312411 0.00376358
312480 0.00102990
312617 0.000309705
312890 0.000123214
313437 7.35183E-05
314531 5.77546E-05
316719 5.04944E-05
318907 5.03666E-05
319454 5.32813E-05
320001 6.28391E-05
320275 7.66964E-05
320548 0.000116506
320685 0.000171989
320822 0.000328372
320890 0.000543607
320958 0.00114021
320992 0.00194613
321027 0.00412145
321061 0.0141720
321078 0.0429783
321086 0.104827
321091 0.196804
321095 0.429517
321098 0.691118
321100 0.859246
321103 0.691105
321105 0.429504
321111 0.148274
321117 0.0694283
321129 0.0253396
321141 0.0129133
321153 0.00780016
321177 0.00373057
321201 0.00219288
321249 0.00103224
321297 0.000609839
321394 0.000299343
321490 0.000188537
321682 0.000108216
321874 7.97382E-05
322259 5.91106E-05
322643 5.17117E-05
324182 4.40168E-05
327258 4.15259E-05
333411 4.24842E-05
339564 5.01876E-05
341103 5.54607E-05
342641 6.73440E-05
343410 8.19452E-05
343795 9.58948E-05
344179 0.000120789
344564 0.000173072
344948 0.000317545
345141 0.000513245
345333 0.00104677
345429 0.00175148
345525 0.00358855
345573 0.00588068
345621 0.0113523
345670 0.0301180
345694 0.0617730
345706 0.0971740
345718 0.162911
345723 0.209295
345729 0.261396
345740 0.326398
345746 0.306636
345751 0.260444
345763 0.162890
345777 0.0875468
345792 0.0518442
345806 0.0336354
345821 0.0234513
345850 0.0131101
345879 0.00834398
345937 0.00422516
345996 0.00255614
346054 0.00171858
346112 0.00124151
346229 0.000745709
346345 0.000507142
346462 0.000374495
346695 0.000240120
346928 0.000177143
347161 0.000142931
347627 0.000109578
348559 8.88033E-05
349491 8.66065E-05
350423 9.41284E-05
351355 0.000119655
351821 0.000154565
352287 0.000251485
352520 0.000384340
352753 0.000755396
352869 0.00126168
352986 0.00265389
353044 0.00451262
353102 0.00942906
353161 0.0311179
353190 0.0875478
353204 0.194241
353212 0.328139
353219 0.604854
353224 0.973481
353230 1.21444
353236 0.966535
353241 0.604819
353251 0.275101
353260 0.147312
353279 0.0604661
353298 0.0323669
353317 0.0200688
353355 0.00986219
353393 0.00586487
353468 0.00278276
353544 0.00163994
353696 0.000793169
353847 0.000488609
354150 0.000268020
354453 0.000190787
355058 0.000137474
355664 0.000121347
358086 0.000121998
360508 0.000148258
362931 0.000193030
365353 0.000267449
367775 0.000398655
368987 0.000502911
369592 0.000570016
370198 0.000650104
370803 0.000746036
371409 0.000861048
372015 0.000998568
372620 0.00116153
373111 0.00131341
373603 0.00148163
374585 0.00184601
376550 0.00229484
377531 0.00217488
378021 0.00211149
378267 0.00235582
378328 0.00266241
378389 0.00353128
378420 0.00468893
378450 0.00767562
378481 0.0199493
378496 0.0476583
378504 0.0910874
378508 0.135353
378512 0.212158
378516 0.339049
378520 0.422229
378524 0.339037
378528 0.211888
378532 0.135337
378536 0.0910702
378544 0.0479852
378551 0.0294749
378559 0.0200979
378574 0.0113965
378589 0.00768935
378620 0.00464184
378650 0.00345114
378711 0.00252720
378772 0.00217194
379016 0.00174641
379504 0.00148088
380480 0.00114337
381290 0.000930160
381695 0.000841451
381897 0.000801392
381998 0.000783710
382049 0.000780731
382074 0.000801198
382087 0.000894956
382093 0.00123683
382099 0.0351714
382100 0.0695907
382101 0.0351711
382105 0.00159003
382110 0.000996135
382119 0.000821294
382138 0.000771795
382175 0.000753255
382249 0.000737156
382397 0.000711124
382694 0.000663674
383288 0.000580905
384476 0.000453109
386851 0.000294419
389226 0.000205718
391601 0.000152142
393976 0.000117849
396351 9.54472E-05
398726 8.48229E-05
399320 8.75486E-05
399914 0.000101672
400211 0.000124114
400508 0.000190203
400656 0.000282701
400805 0.000542253
400879 0.000895939
400953 0.00186305
400990 0.00314187
401027 0.00648563
401046 0.0106790
401064 0.0206937
401083 0.0554981
401092 0.115412
401097 0.182684
401102 0.311272
401106 0.498757
401110 0.622097
401114 0.498745
401118 0.310891
401129 0.0991558
401140 0.0449002
401151 0.0251446
401162 0.0159887
401184 0.00806117
401206 0.00486066
401250 0.00233553
401293 0.00138456
401380 0.000670033
401468 0.000410118
401642 0.000219496
401817 0.000151099
402166 0.000100870
402515 8.23823E-05
403214 6.77865E-05
403912 6.15427E-05
406706 5.35999E-05
408103 5.57786E-05
409500 6.94161E-05
410897 0.000154749
411595 0.000484611
411770 0.000806613
411944 0.00165508
412031 0.00272492
412119 0.00532872
412162 0.00830661
412206 0.0145949
412228 0.0207185
412250 0.0312659
412272 0.0510684
412293 0.0903388
412312 0.144567
412330 0.180400
412348 0.144231
412367 0.0900775
412380 0.0632834
412393 0.0457086
412406 0.0340629
412419 0.0261514
412446 0.0166123
412472 0.0113993
412498 0.00826920
412524 0.00626868
412577 0.00395196
412629 0.00271581
412682 0.00198368
412786 0.00119525
412996 0.000580271
413206 0.000349662
413626 0.000177184
414045 0.000114367
414884 6.78406E-05
415724 5.06630E-05
417402 3.72051E-05
419080 3.16100E-05
422437 2.73620E-05
423276 2.79379E-05
424115 3.14334E-05
424535 3.70938E-05
424954 5.39003E-05
425164 7.75808E-05
425374 0.000144754
425479 0.000237505
425584 0.000496353
425636 0.000848259
425689 0.00180458
425715 0.00306173
425741 0.00632001
425767 0.0198560
425780 0.0514871
425787 0.103365
425793 0.257158
425797 0.410746
425800 0.514412
425803 0.410738
425807 0.257151
425815 0.0846662
425823 0.0384998
425840 0.0137947
425856 0.00697786
425873 0.00419810
425906 0.00200429
425939 0.00117454
426005 0.000550951
426071 0.000324519
426203 0.000158519
426335 9.92722E-05
426599 5.62728E-05
426863 4.09673E-05
427391 2.97393E-05
427920 2.55740E-05
430033 2.06480E-05
434259 1.78250E-05
442712 1.55588E-05
446938 1.56705E-05
451164 1.80629E-05
453277 2.20743E-05
454334 2.61791E-05
455390 3.36706E-05
456447 4.94834E-05
456975 6.49953E-05
457503 9.28600E-05
458032 0.000151146
458296 0.000208024
458560 0.000309522
458824 0.000519097
458956 0.000720045
459088 0.00107060
459220 0.00176762
459286 0.00240715
459352 0.00347027
459418 0.00542993
459484 0.00960865
459550 0.0208440
459583 0.0344963
459600 0.0459363
459616 0.0622343
459630 0.0796388
459643 0.0995218
459670 0.124359
459683 0.117048
459697 0.0995075
459724 0.0622211
459771 0.0275816
459794 0.0196439
459817 0.0145783
459864 0.00884585
459911 0.00589945
459958 0.00420459
460005 0.00314613
460098 0.00195307
460192 0.00133397
460285 0.000973220
460473 0.000593168
460660 0.000410058
460847 0.000311190
461221 0.000225853
461596 0.000224186
461970 0.000333439
462158 0.000506726
462251 0.000677951
462345 0.000979644
462438 0.00158002
462485 0.00212946
462532 0.00303779
462579 0.00469255
462602 0.00607697
462626 0.00816354
462649 0.0114915
462672 0.0171793
462696 0.0276816
462719 0.0480472
462740 0.0769913
462760 0.0961796
462781 0.0768235
462801 0.0480369
462819 0.0311138
462837 0.0210242
462856 0.0149092
462874 0.0110492
462910 0.00668037
462946 0.00445300
462983 0.00317199
463019 0.00237560
463092 0.00147815
463164 0.00101131
463237 0.000738831
463382 0.000448997
463673 0.000224782
463963 0.000140258
464545 7.54539E-05
465126 5.06232E-05
466288 3.08380E-05
467451 2.28462E-05
469776 1.61657E-05
472101 1.33442E-05
476751 1.08742E-05
481401 9.75957E-06
490700 8.75948E-06
500000 8.63813E-06
506658 1.02014E-05
508323 1.19492E-05
509987 1.69462E-05
510820 2.39096E-05
511652 4.36607E-05
512068 7.10784E-05
512484 0.000148390
512692 0.000254897
512900 0.000551406
513004 0.000953651
513108 0.00204529
513160 0.00347678
513212 0.00717322
513264 0.0223848
513290 0.0573227
513303 0.112671
513316 0.273424
513323 0.436824
513330 0.546826
513337 0.436810
513344 0.273410
513363 0.0801371
513382 0.0348999
513420 0.0120744
513459 0.00602053
513497 0.00359227
513573 0.00169701
513650 0.000986380
513803 0.000455795
513956 0.000263602
514263 0.000123274
514569 7.33226E-05
515182 3.72716E-05
515795 2.45684E-05
517021 1.54960E-05
518246 1.23733E-05
520697 1.03364E-05
523149 9.99529E-06
525600 1.05730E-05
528051 1.29479E-05
529277 1.63900E-05
530502 2.62007E-05
531115 3.98336E-05
531728 7.83514E-05
532034 0.000131539
532341 0.000280345
532494 0.000483159
532647 0.00103899
532724 0.00177655
532800 0.00371587
532839 0.00615596
532877 0.0120778
532915 0.0330173
532935 0.0704148
532954 0.200561
532962 0.320732
532970 0.401102
532978 0.320720
532986 0.200549
533007 0.0645592
533028 0.0292590
533049 0.0163804
533070 0.0104067
533113 0.00523835
533155 0.00314471
533239 0.00149430
533323 0.000872014
533491 0.000404767
533659 0.000235081
533995 0.000110882
534332 6.66076E-05
535004 3.46337E-05
535677 2.33723E-05
537022 1.53506E-05
538367 1.26131E-05
541057 1.08539E-05
543748 1.04970E-05
554509 1.23953E-05
559889 1.49342E-05
565270 1.96869E-05
570650 3.02256E-05
573341 4.25469E-05
574686 5.96428E-05
575022 7.17230E-05
575358 0.000101847
575527 0.000141334
575695 0.000249399
575863 0.000794346
575947 0.00271305
575989 0.00868589
576031 0.141335
576036 0.226821
576040 0.282657
576045 0.226817
576049 0.141330
576068 0.0263726
576088 0.00995542
576126 0.00315168
576203 0.000926872
576281 0.000460826
576358 0.000290662
576512 0.000166585
576667 0.000123309
576975 9.43441E-05
577284 8.68221E-05
578519 9.64567E-05
579754 0.000127258
580989 0.000182937
582224 0.000291978
582841 0.000390155
583459 0.000550665
584076 0.000842006
584385 0.00108833
584694 0.00147001
585002 0.00212107
585311 0.00342626
585465 0.00469660
585620 0.00704647
585774 0.0123520
585851 0.0178788
585928 0.0276275
586004 0.0424971
586080 0.0526085
586156 0.0435180
586232 0.0296971
586236 0.0290475
586246 0.0276335
586256 0.0263253
586276 0.0240200
586317 0.0204460
586397 0.0162341
586558 0.0135225
586880 0.0131070
587524 0.00618042
587751 0.00438669
587977 0.00319813
588203 0.00240563
588430 0.00186364
588883 0.00120327
589336 0.000837616
589788 0.000616153
590241 0.000472609
591147 0.000304548
592053 0.000213937
592958 0.000159692
594770 0.000100906
596581 7.15674E-05
598393 5.49960E-05
602015 3.83437E-05
605638 3.11587E-05
609261 2.81613E-05
616507 2.87443E-05
623752 3.68880E-05
627375 4.54568E-05
630998 5.99544E-05
634621 8.64484E-05
636432 0.000108574
638244 0.000141928
640055 0.000195428
641867 0.000288731
643678 0.000472891
644584 0.000650964
645037 0.000842587
645263 0.00122580
645376 0.00240719
645433 0.00611741
645461 0.0158699
645489 0.110073
645495 0.175417
645500 0.219316
645505 0.175417
645511 0.110077
645532 0.0226045
645553 0.00923792
645596 0.00354186
645681 0.00167579
645850 0.00119294
646190 0.00119375
646870 0.00153947
648055 0.00248619
649240 0.00312897
650425 0.00246415
651610 0.00151964
652506 0.00104718
653402 0.000747178
654298 0.000554834
655193 0.000427485
656985 0.000278345
658777 0.000200071
660568 0.000156134
662360 0.000133152
664152 0.000141418
664600 0.000164112
665047 0.000232851
665271 0.000327692
665495 0.000583942
665607 0.000915463
665719 0.00175112
665831 0.00498124
665887 0.0116195
665915 0.0207891
665943 0.0424435
665962 0.0678888
665980 0.0848660
665998 0.0678838
666017 0.0424385
666053 0.0172835
666089 0.00876851
666161 0.00345788
666233 0.00184836
666305 0.00116621
666449 0.000612229
666593 0.000397928
666881 0.000234291
667170 0.000173730
667746 0.000128569
668322 0.000112281
669475 0.000101818
670628 0.000102447
671780 0.000112600
672933 0.000145407
674086 0.000303640
674374 0.000445969
674518 0.000575116
674662 0.000787014
674806 0.00116997
674878 0.00148806
674950 0.00196311
675022 0.00271398
675094 0.00397669
675166 0.00625798
675238 0.0105539
675304 0.0168555
675370 0.0210502
675436 0.0168381
675502 0.0105506
675550 0.00740168
675598 0.00533656
675646 0.00397970
675694 0.00306424
675790 0.00196848
675886 0.00137404
675982 0.00102000
676078 0.000793562
676270 0.000532554
676462 0.000394316
676654 0.000312778
677038 0.000226098
677422 0.000184082
677806 0.000161241
678574 0.000140204
680109 0.000133004
681645 0.000142299
684717 0.000189608
686253 0.000235632
687021 0.000290877
687405 0.000424058
687597 0.000876761
687693 0.00242899
687741 0.00713203
687765 0.0183456
687777 0.0369917
687788 0.0943732
687800 0.188492
687812 0.0943710
687821 0.0454033
687830 0.0250725
687848 0.0106530
687884 0.00376053
687957 0.00129983
688103 0.000565653
688394 0.000375314
688976 0.000350244
689558 0.000371704
690140 0.000403269
690878 0.000451059
691615 0.000505303
692353 0.000564003
693090 0.000624111
694565 0.000728419
696040 0.000770137
697515 0.000723657
698990 0.000616477
701940 0.000391860
704515 0.000263600
707090 0.000188167
709665 0.000144953
712240 0.000122308
714815 0.000116504
717390 0.000133096
718678 0.000157133
719965 0.000202920
721253 0.000292105
722540 0.000469359
723665 0.000722397
724790 0.000888958
725916 0.000715076
727041 0.000459068
728409 0.000271132
729778 0.000178123
731146 0.000129851
732514 0.000103713
733883 9.07102E-05
735251 8.90608E-05
736619 0.000109198
737303 0.000163479
737474 0.000208988
737645 0.000326397
737731 0.000479649
737816 0.000887091
737902 0.00275360
737945 0.00810092
737987 0.0811904
737994 0.129706
738000 0.162259
738006 0.129704
738013 0.0811892
738030 0.0239412
738048 0.0105051
738084 0.00372103
738155 0.00121158
738226 0.000656072
738297 0.000451930
738440 0.000308186
738582 0.000267103
738867 0.000267203
739151 0.000314440
739436 0.000404406
739721 0.000560663
740005 0.000838864
740290 0.00134359
740570 0.00212307
740850 0.00264103
741130 0.00211781
741410 0.00133612
741682 0.000845893
741954 0.000566573
742226 0.000403162
742497 0.000302101
743041 0.000190890
743585 0.000134937
744128 0.000102974
744672 8.29672E-05
745759 6.00836E-05
746846 4.77809E-05
747933 4.02638E-05
750108 3.16864E-05
754457 2.41713E-05
758806 2.13825E-05
763155 2.14342E-05
767503 2.59658E-05
769678 3.26436E-05
770765 3.88298E-05
771852 4.91095E-05
772940 6.83181E-05
774027 0.000113043
774570 0.000165309
774842 0.000212255
775114 0.000290770
775386 0.000441275
775658 0.000801455
775794 0.00121537
775929 0.00211379
775997 0.00301612
776065 0.00464343
776133 0.00792299
776201 0.0151087
776226 0.0192969
776251 0.0240818
776275 0.0283027
776300 0.0300618
776349 0.0240889
776399 0.0151270
776495 0.00632143
776590 0.00330751
776686 0.00205653
776782 0.00144247
776877 0.00110600
776973 0.000909121
777164 0.000720954
777356 0.000670995
777547 0.000700795
777930 0.000954111
778290 0.00141003
778650 0.00171750
779010 0.00138092
779370 0.000887888
779639 0.000637316
779908 0.000476563
780446 0.000309401
780984 0.000245402
781522 0.000239873
782598 0.000506945
782867 0.000783084
783001 0.00103654
783136 0.00145400
783270 0.00220754
783405 0.00376020
783539 0.00765275
783606 0.0119932
783674 0.0200267
783705 0.0256172
783737 0.0320045
783768 0.0376381
783800 0.0399831
783863 0.0319961
783926 0.0200170
783994 0.0119574
784061 0.00761871
784196 0.00373372
784331 0.00218306
784466 0.00142876
784601 0.00100915
784735 0.000752689
785005 0.000468885
785275 0.000323549
785544 0.000239205
786083 0.000149725
786623 0.000105340
787162 7.98970E-05
788240 5.29468E-05
789319 3.94495E-05
790397 3.16040E-05
792554 2.31707E-05
796868 1.65614E-05
801182 1.44912E-05
805496 1.47043E-05
809810 1.83186E-05
811967 2.38131E-05
814124 3.88110E-05
815203 5.83519E-05
815742 7.68158E-05
816281 0.000108545
816820 0.000170107
817090 0.000225215
817360 0.000314393
817629 0.000471968
817899 0.000786757
818034 0.00107298
818168 0.00153500
818303 0.00232166
818438 0.00369370
818579 0.00591202
818720 0.00739184
818861 0.00590751
819002 0.00369153
819116 0.00248538
819230 0.00173226
819345 0.00125785
819459 0.000948135
819687 0.000589664
819916 0.000401501
820144 0.000291749
820372 0.000222633
820829 0.000144143
821286 0.000103246
821742 7.94850E-05
822656 5.48857E-05
823569 4.37980E-05
824483 3.88083E-05
826310 3.86014E-05
828136 5.05120E-05
829050 6.47363E-05
829963 9.16662E-05
830877 0.000149500
831333 0.000206420
831790 0.000308175
832247 0.000517389
832475 0.000716559
832704 0.00106076
832932 0.00173363
833160 0.00332720
833274 0.00508913
833389 0.00866219
833617 0.0437581
833645 0.0560236
833674 0.0700427
833702 0.0824029
833730 0.0875245
833787 0.0699810
833843 0.0437463
833905 0.0257359
833967 0.0162091
834091 0.00781794
834215 0.00451629
834339 0.00292340
834587 0.00150586
834835 0.000916132
835083 0.000616504
835331 0.000444093
835828 0.000263595
836324 0.000176037
836820 0.000127061
837812 7.70867E-05
838804 5.34078E-05
839796 4.03719E-05
841781 2.73224E-05
843765 2.13568E-05
845749 1.82845E-05
849718 1.58992E-05
853687 1.61473E-05
857655 1.90921E-05
859640 2.28243E-05
861624 3.16444E-05
862616 4.22652E-05
863609 6.92905E-05
864105 0.000104358
864601 0.000198938
864849 0.000325523
865097 0.000668958
865221 0.00112233
865345 0.00231000
865469 0.00739939
865531 0.0200143
865593 0.117662
865606 0.188150
865620 0.235276
865634 0.188143
865647 0.117656
865697 0.0263914
865746 0.0105118
865845 0.00343586
865944 0.00169591
866042 0.00102017
866240 0.000506633
866437 0.000321567
866833 0.000198451
867228 0.000180597
867623 0.000225918
868018 0.000401481
868216 0.000647057
868413 0.00130046
868512 0.00212644
868611 0.00413642
868709 0.0112744
868808 0.0688978
868829 0.110323
868850 0.137764
868871 0.110105
868892 0.0688906
868953 0.0196877
869014 0.00852447
869074 0.00468163
869135 0.00294973
869257 0.00148422
869378 0.000898653
869621 0.000441982
869864 0.000270791
870351 0.000142988
870837 9.69951E-05
871809 6.48879E-05
872782 5.59599E-05
874726 5.83118E-05
876671 7.68061E-05
878616 0.000121959
879589 0.000167675
880561 0.000250724
881533 0.000425239
882020 0.000595232
882506 0.000896922
882992 0.00151145
883235 0.00209089
883478 0.00308273
883721 0.00499101
883964 0.00939058
884086 0.0140990
884207 0.0232484
884451 0.0990305
884485 0.126784
884520 0.158505
884555 0.186475
884590 0.198074
884660 0.158383
884730 0.0990004
884793 0.0633797
884857 0.0424325
884985 0.0219997
885112 0.0131949
885240 0.00873400
885495 0.00460739
885750 0.00283477
886005 0.00191796
886260 0.00138428
886770 0.000820302
887280 0.000544324
887790 0.000389263
888811 0.000230591
889831 0.000155475
890851 0.000114383
892892 7.42184E-05
894933 5.77941E-05
896973 5.40366E-05
897993 5.85335E-05
899014 7.62659E-05
899524 0.000101844
900034 0.000172241
900289 0.000264913
900544 0.000504541
900672 0.000799958
900799 0.00149441
900863 0.00225597
900927 0.00378015
901054 0.0180505
901087 0.0288610
901120 0.0360688
901153 0.0288583
901186 0.0180479
901331 0.00322886
901404 0.00187723
901476 0.00122735
901622 0.000649540
901767 0.000409404
902058 0.000217582
902348 0.000144512
902929 8.98602E-05
903511 7.06387E-05
904673 5.86656E-05
905835 5.75889E-05
908160 6.96335E-05
909322 9.24800E-05
909903 0.000152488
910194 0.000359259
910339 0.00107906
910412 0.00332048
910448 0.00892391
910484 0.0536075
910492 0.0856588
910500 0.107138
910508 0.0856572
910516 0.0536061
910551 0.00937836
910586 0.00352332
910655 0.00115270
910795 0.000387727
911075 0.000173763
911635 0.000125444
912753 0.000137216
913872 0.000175738
914991 0.000242861
916110 0.000366191
916670 0.000470083
917229 0.000629035
917789 0.000892479
918348 0.00138775
918628 0.00182915
918908 0.00255761
919187 0.00390622
919327 0.00504170
919467 0.00669022
919492 0.00705056
919587 0.00858594
919681 0.0102735
919870 0.0123997
920273 0.00773583
920577 0.00543634
920880 0.00444984
921574 0.00296896
922268 0.00180140
923033 0.00106195
923798 0.000676770
924563 0.000464136
925328 0.000337609
926093 0.000257221
926858 0.000203359
928387 0.000138470
929917 0.000102872
931447 8.17774E-05
934507 6.10509E-05
937566 5.65292E-05
939096 6.00547E-05
940626 7.00428E-05
942156 9.36565E-05
942921 0.000116756
943685 0.000156480
944450 0.000232185
944833 0.000298232
945215 0.000401894
945598 0.000576875
945980 0.000901626
946171 0.00117498
946363 0.00158262
946554 0.00220810
946745 0.00317063
947003 0.00506315
947260 0.00632357
947518 0.00505687
947775 0.00316712
948060 0.00186664
948345 0.00118191
948630 0.000805215
948915 0.000582395
949200 0.000441612
949485 0.000347681
950055 0.000234791
950625 0.000172527
951195 0.000134788
952335 9.36199E-05
953475 7.31945E-05
954615 6.19653E-05
956895 5.18086E-05
959887 4.94268E-05
962879 5.35635E-05
965871 6.34625E-05
968863 8.12254E-05
971854 0.000112605
974846 0.000171525
976342 0.000220944
977838 0.000294152
979334 0.000405303
980830 0.000574109
982910 0.000914258
984990 0.00113827
987070 0.000908412
989150 0.000569923
990506 0.000415805
991863 0.000310386
994575 0.000188938
997288 0.000129127
1.00000E+06 0.000100028
1.00176E+06 9.38639E-05
1.00351E+06 0.000103801
1.00439E+06 0.000123146
1.00527E+06 0.000169272
1.00570E+06 0.000215814
1.00614E+06 0.000297686
1.00658E+06 0.000454967
1.00680E+06 0.000589381
1.00702E+06 0.000792787
1.00719E+06 0.00103013
1.00736E+06 0.00141013
1.00744E+06 0.00172302
1.00753E+06 0.00223090
1.00761E+06 0.00323126
1.00765E+06 0.00414790
1.00770E+06 0.00558248
1.00775E+06 0.00823456
1.00780E+06 0.00994706
1.00785E+06 0.00817999
1.00791E+06 0.00558060
1.00795E+06 0.00411885
1.00799E+06 0.00321172
1.00807E+06 0.00222009
1.00816E+06 0.00171065
1.00824E+06 0.00140333
1.00858E+06 0.000787180
1.00886E+06 0.000537393
1.00915E+06 0.000388980
1.00943E+06 0.000295198
1.00971E+06 0.000233053
1.01027E+06 0.000159251
1.01084E+06 0.000119257
1.01197E+06 7.94756E-05
1.01310E+06 6.08148E-05
1.01535E+06 4.37488E-05
1.01761E+06 3.60747E-05
1.02213E+06 2.96884E-05
1.02664E+06 2.87111E-05
1.03115E+06 3.23911E-05
1.03567E+06 4.52011E-05
1.03793E+06 6.09286E-05
1.03906E+06 7.48132E-05
1.04018E+06 9.73691E-05
1.04131E+06 0.000139121
1.04188E+06 0.000175956
1.04244E+06 0.000236734
1.04301E+06 0.000352571
1.04357E+06 0.000634260
1.04413E+06 0.00179672
1.04442E+06 0.00479851
1.04456E+06 0.0105836
1.04463E+06 0.0181425
1.04470E+06 0.0344658
1.04480E+06 0.0688389
1.04485E+06 0.0548680
1.04490E+06 0.0345011
1.04497E+06 0.0183620
1.04504E+06 0.0109729
1.04518E+06 0.00513713
1.04531E+06 0.00307717
1.04545E+06 0.00216530
1.04558E+06 0.00171301
1.04571E+06 0.00146782
1.04584E+06 0.00133356
1.04598E+06 0.00126383
1.04624E+06 0.00121662
1.04650E+06 0.00119025
1.04688E+06 0.00108750
1.04725E+06 0.000963639
1.04755E+06 0.000909249
1.04850E+06 0.000904895
1.04913E+06 0.000737310
1.04975E+06 0.000547803
1.05036E+06 0.000449278
1.05098E+06 0.000424146
1.05159E+06 0.000458365
1.05220E+06 0.000560387
1.05281E+06 0.000773981
1.05343E+06 0.00122481
1.05373E+06 0.00164187
1.05404E+06 0.00231421
1.05434E+06 0.00345507
1.05465E+06 0.00543069
1.05498E+06 0.00865997
1.05530E+06 0.0108079
1.05563E+06 0.00864330
1.05595E+06 0.00541449
1.05633E+06 0.00311571
1.05670E+06 0.00193983
1.05708E+06 0.00130660
1.05746E+06 0.000937569
1.05784E+06 0.000707047
1.05821E+06 0.000554823
1.05897E+06 0.000375413
1.05972E+06 0.000281584
1.06047E+06 0.000235058
1.06123E+06 0.000243808
1.06160E+06 0.000369080
1.06179E+06 0.000824330
1.06189E+06 0.00225035
1.06193E+06 0.00585140
1.06198E+06 0.0378639
1.06199E+06 0.0593782
1.06200E+06 0.0756533
1.06201E+06 0.0593772
1.06202E+06 0.0378634
1.06206E+06 0.00672063
1.06211E+06 0.00261054
1.06219E+06 0.000956870
1.06236E+06 0.000423309
1.06270E+06 0.000293586
1.06338E+06 0.000386913
1.06372E+06 0.000562148
1.06407E+06 0.00100237
1.06424E+06 0.00150618
1.06441E+06 0.00255170
1.06458E+06 0.00522202
1.06475E+06 0.0140285
1.06479E+06 0.0179857
1.06482E+06 0.0223858
1.06486E+06 0.0263539
1.06490E+06 0.0279488
1.06498E+06 0.0223796
1.06505E+06 0.0140205
1.06513E+06 0.00876011
1.06520E+06 0.00579788
1.06535E+06 0.00296867
1.06550E+06 0.00178317
1.06565E+06 0.00119367
1.06595E+06 0.000650626
1.06624E+06 0.000418036
1.06654E+06 0.000297101
1.06684E+06 0.000226451
1.06743E+06 0.000150491
1.06803E+06 0.000112043
1.06862E+06 8.96028E-05
1.06981E+06 6.51561E-05
1.07100E+06 5.25415E-05
1.07219E+06 4.52087E-05
1.07457E+06 3.84647E-05
1.07694E+06 3.91443E-05
1.07932E+06 5.24229E-05
1.08051E+06 7.35509E-05
1.08170E+06 0.000133202
1.08229E+06 0.000212988
1.08289E+06 0.000422930
1.08318E+06 0.000687486
1.08348E+06 0.00133109
1.08363E+06 0.00206924
1.08378E+06 0.00362082
1.08393E+06 0.00775652
1.08408E+06 0.0223648
1.08414E+06 0.0359306
1.08417E+06 0.0421967
1.08420E+06 0.0448002
1.08426E+06 0.0356956
1.08433E+06 0.0223600
1.08443E+06 0.00999494
1.08454E+06 0.00533359
1.08476E+06 0.00217606
1.08497E+06 0.00116875
1.08518E+06 0.000732487
1.08561E+06 0.000371302
1.08604E+06 0.000231143
1.08690E+06 0.000126358
1.08776E+06 9.35580E-05
1.08948E+06 0.000119857
1.08991E+06 0.000166799
1.09034E+06 0.000284173
1.09055E+06 0.000417204
1.09077E+06 0.000689581
1.09087E+06 0.000946994
1.09098E+06 0.00137117
1.09109E+06 0.00212156
1.09120E+06 0.00349475
1.09130E+06 0.00557860
1.09140E+06 0.00694708
1.09150E+06 0.00555472
1.09161E+06 0.00349209
1.09172E+06 0.00208179
1.09183E+06 0.00133254
1.09194E+06 0.000910852
1.09205E+06 0.000661394
1.09227E+06 0.000394764
1.09249E+06 0.000265343
1.09271E+06 0.000193412
1.09293E+06 0.000149467
1.09337E+06 0.000100856
1.09382E+06 7.60160E-05
1.09426E+06 6.16780E-05
1.09514E+06 4.68034E-05
1.09691E+06 3.68519E-05
1.09868E+06 3.62843E-05
1.10045E+06 4.18657E-05
1.10221E+06 5.86882E-05
1.10310E+06 7.90392E-05
1.10398E+06 0.000127460
1.10487E+06 0.000310952
1.10509E+06 0.000445638
1.10531E+06 0.000706864
1.10553E+06 0.00130016
1.10564E+06 0.00189835
1.10575E+06 0.00288643
1.10588E+06 0.00459822
1.10600E+06 0.00572904
1.10613E+06 0.00458524
1.10625E+06 0.00289142
1.10635E+06 0.00199878
1.10645E+06 0.00142943
1.10654E+06 0.00106453
1.10664E+06 0.000823387
1.10683E+06 0.000541621
1.10703E+06 0.000393952
1.10741E+06 0.000255810
1.10780E+06 0.000200925
1.10858E+06 0.000174051
1.10935E+06 0.000196438
1.11013E+06 0.000261427
1.11090E+06 0.000399919
1.11129E+06 0.000523236
1.11168E+06 0.000713598
1.11206E+06 0.00101774
1.11245E+06 0.00150694
1.11293E+06 0.00240063
1.11340E+06 0.00299526
1.11388E+06 0.00239582
1.11435E+06 0.00150113
1.11466E+06 0.00109591
1.11496E+06 0.000816515
1.11557E+06 0.000490548
1.11619E+06 0.000323261
1.11680E+06 0.000229133
1.11741E+06 0.000171602
1.11802E+06 0.000134353
1.11924E+06 9.13944E-05
1.12047E+06 7.03914E-05
1.12169E+06 6.42373E-05
1.12291E+06 9.61400E-05
1.12352E+06 0.000236629
1.12383E+06 0.000683444
1.12398E+06 0.00180019
1.12406E+06 0.00375140
1.12410E+06 0.00601723
1.12413E+06 0.0104005
1.12420E+06 0.0209001
1.12423E+06 0.0165820
1.12427E+06 0.0103988
1.12432E+06 0.00476070
1.12438E+06 0.00259386
1.12449E+06 0.00109163
1.12460E+06 0.000600912
1.12471E+06 0.000384989
1.12493E+06 0.000205105
1.12515E+06 0.000133854
1.12559E+06 7.82675E-05
1.12603E+06 5.70989E-05
1.12691E+06 4.06902E-05
1.12779E+06 3.44866E-05
1.12955E+06 3.06774E-05
1.13131E+06 3.22755E-05
1.13483E+06 6.18738E-05
1.13659E+06 0.000150633
1.13704E+06 0.000218740
1.13748E+06 0.000359375
1.13770E+06 0.000494678
1.13792E+06 0.000729918
1.13814E+06 0.00118062
1.13825E+06 0.00156162
1.13836E+06 0.00210959
1.13853E+06 0.00332839
1.13870E+06 0.00414209
1.13887E+06 0.00336020
1.13905E+06 0.00219294
1.13915E+06 0.00168037
1.13926E+06 0.00133600
1.13948E+06 0.000973396
1.13970E+06 0.000867627
1.13992E+06 0.000947140
1.14013E+06 0.00127374
1.14024E+06 0.00160943
1.14035E+06 0.00216964
1.14046E+06 0.00318942
1.14057E+06 0.00525147
1.14062E+06 0.00715713
1.14068E+06 0.0101828
1.14073E+06 0.0153137
1.14079E+06 0.0242077
1.14084E+06 0.0386525
1.14090E+06 0.0482738
1.14096E+06 0.0386342
1.14101E+06 0.0241834
1.14105E+06 0.0171493
1.14109E+06 0.0125544
1.14113E+06 0.00946140
1.14117E+06 0.00733266
1.14125E+06 0.00470549
1.14133E+06 0.00327188
1.14141E+06 0.00239495
1.14149E+06 0.00183540
1.14164E+06 0.00118037
1.14180E+06 0.000825114
1.14195E+06 0.000613450
1.14227E+06 0.000381583
1.14258E+06 0.000263894
1.14289E+06 0.000195672
1.14352E+06 0.000123157
1.14477E+06 6.64470E-05
1.14602E+06 4.49106E-05
1.14853E+06 2.94096E-05
1.15103E+06 2.61122E-05
1.15354E+06 2.97520E-05
1.15604E+06 4.52553E-05
1.15729E+06 6.49474E-05
1.15855E+06 0.000108652
1.15917E+06 0.000152579
1.15980E+06 0.000231352
1.16042E+06 0.000387374
1.16074E+06 0.000522726
1.16105E+06 0.000721164
1.16153E+06 0.00115224
1.16200E+06 0.00144019
1.16248E+06 0.00115052
1.16295E+06 0.000719516
1.16337E+06 0.000469897
1.16379E+06 0.000320483
1.16420E+06 0.000229576
1.16462E+06 0.000171750
1.16546E+06 0.000106484
1.16629E+06 7.30151E-05
1.16713E+06 5.37264E-05
1.16796E+06 4.16734E-05
1.16964E+06 2.80239E-05
1.17131E+06 2.08862E-05
1.17298E+06 1.66969E-05
1.17632E+06 1.22426E-05
1.17966E+06 1.00974E-05
1.18301E+06 8.98607E-06
1.18969E+06 8.32103E-06
1.19638E+06 9.22934E-06
1.20306E+06 1.31555E-05
1.20640E+06 1.86806E-05
1.20807E+06 2.40432E-05
1.20975E+06 3.34868E-05
1.21142E+06 5.25003E-05
1.21225E+06 7.02051E-05
1.21309E+06 0.000100061
1.21392E+06 0.000156384
1.21434E+06 0.000205247
1.21476E+06 0.000281468
1.21518E+06 0.000409841
1.21560E+06 0.000646952
1.21580E+06 0.000845435
1.21601E+06 0.00114012
1.21622E+06 0.00158939
1.21643E+06 0.00227123
1.21672E+06 0.00362470
1.21700E+06 0.00452223
1.21729E+06 0.00362100
1.21757E+06 0.00226922
1.21785E+06 0.00141894
1.21812E+06 0.000934249
1.21840E+06 0.000651038
1.21868E+06 0.000476261
1.21923E+06 0.000284787
1.21979E+06 0.000189444
1.22034E+06 0.000135525
1.22089E+06 0.000102301
1.22200E+06 6.53743E-05
1.22311E+06 4.64657E-05
1.22422E+06 3.55967E-05
1.22643E+06 2.43788E-05
1.23086E+06 1.67276E-05
1.23529E+06 1.54798E-05
1.24415E+06 2.57471E-05
1.24637E+06 3.63137E-05
1.24858E+06 6.31988E-05
1.24969E+06 9.63323E-05
1.25024E+06 0.000126337
1.25080E+06 0.000175541
1.25135E+06 0.000264870
1.25163E+06 0.000339382
1.25190E+06 0.000451464
1.25218E+06 0.000629874
1.25246E+06 0.000934150
1.25273E+06 0.00149477
1.25301E+06 0.00257518
1.25326E+06 0.00413919
1.25350E+06 0.00519187
1.25375E+06 0.00413617
1.25399E+06 0.00257426
1.25428E+06 0.00146357
1.25457E+06 0.000905753
1.25485E+06 0.000607954
1.25514E+06 0.000435380
1.25543E+06 0.000327950
1.25571E+06 0.000257097
1.25629E+06 0.000173090
1.25686E+06 0.000127581
1.25744E+06 0.000100554
1.25858E+06 7.22844E-05
1.26088E+06 5.46409E-05
1.26318E+06 5.64578E-05
1.26547E+06 7.23658E-05
1.26662E+06 8.84100E-05
1.26777E+06 0.000114536
1.26892E+06 0.000159590
1.27006E+06 0.000244995
1.27064E+06 0.000318299
1.27121E+06 0.000429886
1.27179E+06 0.000605721
1.27236E+06 0.000885013
1.27308E+06 0.00140410
1.27380E+06 0.00175057
1.27452E+06 0.00140462
1.27524E+06 0.000889037
1.27586E+06 0.000596878
1.27647E+06 0.000420650
1.27709E+06 0.000313132
1.27771E+06 0.000245203
1.27894E+06 0.000170988
1.28017E+06 0.000137188
1.28264E+06 0.000120630
1.28510E+06 0.000140620
1.28653E+06 0.000164822
1.28795E+06 0.000194772
1.28938E+06 0.000221608
1.29080E+06 0.000231625
1.29365E+06 0.000186303
1.29650E+06 0.000121938
1.29834E+06 9.40746E-05
1.30017E+06 7.86945E-05
1.30201E+06 9.11239E-05
1.30293E+06 0.000184430
1.30339E+06 0.000526532
1.30362E+06 0.00158669
1.30373E+06 0.00417565
1.30379E+06 0.00854678
1.30382E+06 0.0135686
1.30385E+06 0.0225898
1.30387E+06 0.0363622
1.30390E+06 0.0450798
1.30393E+06 0.0358158
1.30395E+06 0.0225875
1.30399E+06 0.0116612
1.30403E+06 0.00682896
1.30410E+06 0.00303457
1.30425E+06 0.00108535
1.30454E+06 0.000354790
1.30512E+06 0.000126548
1.30628E+06 6.02193E-05
1.30861E+06 3.89728E-05
1.31095E+06 3.36367E-05
1.31328E+06 3.28906E-05
1.31561E+06 3.67887E-05
1.31677E+06 4.19183E-05
1.31794E+06 5.16900E-05
1.31910E+06 7.21902E-05
1.31968E+06 9.17381E-05
1.32027E+06 0.000125345
1.32085E+06 0.000190688
1.32114E+06 0.000249092
1.32143E+06 0.000343564
1.32172E+06 0.000511179
1.32201E+06 0.000845175
1.32216E+06 0.00115019
1.32231E+06 0.00163921
1.32245E+06 0.00247806
1.32260E+06 0.00393132
1.32275E+06 0.00628397
1.32290E+06 0.00785394
1.32305E+06 0.00628117
1.32320E+06 0.00393024
1.32331E+06 0.00276842
1.32342E+06 0.00200187
1.32353E+06 0.00149551
1.32364E+06 0.00115242
1.32386E+06 0.000739975
1.32408E+06 0.000516107
1.32451E+06 0.000295719
1.32495E+06 0.000196842
1.32582E+06 0.000114155
1.32669E+06 8.27799E-05
1.32843E+06 6.37384E-05
1.33017E+06 6.65968E-05
1.33191E+06 8.61355E-05
1.33279E+06 0.000105792
1.33366E+06 0.000137820
1.33453E+06 0.000192906
1.33540E+06 0.000296293
1.33583E+06 0.000383924
1.33627E+06 0.000514944
1.33671E+06 0.000717497
1.33714E+06 0.00103026
1.33772E+06 0.00164087
1.33830E+06 0.00204743
1.33888E+06 0.00163813
1.33946E+06 0.00102920
1.34002E+06 0.000650066
1.34058E+06 0.000434317
1.34114E+06 0.000308451
1.34170E+06 0.000231099
1.34282E+06 0.000146920
1.34395E+06 0.000105988
1.34507E+06 8.41607E-05
1.34619E+06 7.23085E-05
1.34843E+06 6.51231E-05
1.35067E+06 7.47050E-05
1.35179E+06 8.78203E-05
1.35292E+06 0.000110777
1.35404E+06 0.000152002
1.35516E+06 0.000231942
1.35572E+06 0.000301410
1.35628E+06 0.000407645
1.35684E+06 0.000576322
1.35740E+06 0.000845194
1.35810E+06 0.00134499
1.35880E+06 0.00167822
1.35950E+06 0.00134211
1.36020E+06 0.000843701
1.36070E+06 0.000601150
1.36119E+06 0.000440788
1.36168E+06 0.000334265
1.36218E+06 0.000262093
1.36317E+06 0.000175311
1.36416E+06 0.000128537
1.36515E+06 0.000101392
1.36613E+06 8.50301E-05
1.36811E+06 7.00982E-05
1.37009E+06 7.08075E-05
1.37207E+06 9.17807E-05
1.37306E+06 0.000121495
1.37405E+06 0.000196746
1.37454E+06 0.000289316
1.37504E+06 0.000513620
1.37528E+06 0.000773666
1.37553E+06 0.00134200
1.37565E+06 0.00191856
1.37578E+06 0.00295715
1.37584E+06 0.00381921
1.37590E+06 0.00508209
1.37596E+06 0.00697593
1.37602E+06 0.00975864
1.37611E+06 0.0155947
1.37620E+06 0.0194252
1.37629E+06 0.0155244
1.37638E+06 0.00976403
1.37645E+06 0.00652211
1.37653E+06 0.00452676
1.37660E+06 0.00328578
1.37667E+06 0.00248393
1.37682E+06 0.00156647
1.37697E+06 0.00109130
1.37727E+06 0.000648581
1.37756E+06 0.000462384
1.37815E+06 0.000328644
1.37874E+06 0.000306847
1.37934E+06 0.000336948
1.37993E+06 0.000411503
1.38052E+06 0.000542896
1.38111E+06 0.000754958
1.38191E+06 0.00117994
1.38270E+06 0.00146300
1.38350E+06 0.00116999
1.38429E+06 0.000736099
1.38487E+06 0.000519705
1.38544E+06 0.000377510
1.38602E+06 0.000283830
1.38660E+06 0.000220525
1.38775E+06 0.000144256
1.38890E+06 0.000102653
1.39006E+06 7.77220E-05
1.39121E+06 6.17403E-05
1.39352E+06 4.33610E-05
1.39583E+06 3.38993E-05
1.39813E+06 2.87969E-05
1.40275E+06 2.55399E-05
1.41197E+06 4.47660E-05
1.41428E+06 6.35092E-05
1.41659E+06 0.000102414
1.41774E+06 0.000138629
1.41889E+06 0.000198105
1.42005E+06 0.000301612
1.42120E+06 0.000486807
1.42235E+06 0.000774716
1.42350E+06 0.000965325
1.42465E+06 0.000772418
1.42580E+06 0.000484498
1.42696E+06 0.000298714
1.42812E+06 0.000195144
1.42928E+06 0.000135535
1.43044E+06 9.91763E-05
1.43276E+06 5.96723E-05
1.43508E+06 4.00868E-05
1.43739E+06 2.90242E-05
1.43971E+06 2.21767E-05
1.44435E+06 1.44720E-05
1.44899E+06 1.04312E-05
1.45363E+06 8.02784E-06
1.46290E+06 5.38704E-06
1.47218E+06 4.00961E-06
1.48145E+06 3.18036E-06
1.50000E+06 2.24394E-06
1.53293E+06 1.47614E-06
1.56585E+06 1.10394E-06
1.56585E+06 0.000240147
1.75000E+06 0.000238692
2.00000E+06 0.000236956
2.25000E+06 0.000229261
2.30035E+06 0.000227843
2.30035E+06 0.000227841
2.40000E+06 0.000192609
2.50000E+06 0.000180056
2.75000E+06 0.000160195
3.00000E+06 0.000146015
3.50000E+06 0.000139615
3.75000E+06 0.000138364
3.89822E+06 0.000133521
4.00000E+06 0.000128998
4.25000E+06 0.000128774
4.41503E+06 0.000125084
4.41709E+06 0.000125039
4.50000E+06 0.000119111
4.59967E+06 0.000117856
4.70000E+06 9.93917E-05
4.84312E+06 8.90714E-05
5.00000E+06 8.13005E-05
5.16393E+06 8.02341E-05
5.25000E+06 7.51810E-05
5.40000E+06 6.99066E-05
5.57035E+06 6.75052E-05
5.57036E+06 6.75051E-05
5.96960E+06 5.90889E-05
6.00000E+06 5.85143E-05
6.36885E+06 5.21698E-05
6.50000E+06 5.01638E-05
7.00000E+06 4.34987E-05
7.16734E+06 4.15661E-05
7.20000E+06 4.12041E-05
8.00000E+06 3.52602E-05
9.00000E+06 2.96246E-05
9.00226E+06 2.96136E-05
9.14356E+06 2.89394E-05
9.20000E+06 2.86773E-05
9.50000E+06 2.66033E-05
1.00000E+07 2.35949E-05
1.09785E+07 1.46965E-05
1.10000E+07 1.45514E-05
1.20000E+07 9.35985E-06
1.30000E+07 5.39126E-06
1.40000E+07 3.23500E-06
1.45000E+07 2.49417E-06
1.50000E+07 1.94003E-06
1.55000E+07 1.52149E-06
1.55640E+07 1.47621E-06
1.55640E+07 1.47620E-06
1.60000E+07 1.20549E-06
1.68523E+07 8.23926E-07
1.70000E+07 7.72857E-07
1.80000E+07 4.53902E-07
1.90000E+07 3.25499E-07
2.00000E+07 2.37436E-07