Ca-44(n,g) ENDF/B-VII.1
Energy(eV) XS(b)
1.00000E-05 44.6831
1.25000E-05 39.9658
1.50000E-05 36.4836
2.00000E-05 31.5958
2.75000E-05 26.9449
3.50000E-05 23.8841
4.25000E-05 21.6745
5.00000E-05 19.9829
6.25000E-05 17.8733
7.50000E-05 16.3160
0.000100000 14.1301
0.000125000 12.6383
0.000150000 11.5371
0.000200000 9.99145
0.000275000 8.52074
0.000350000 7.55283
0.000425000 6.85408
0.000500000 6.31915
0.000625000 5.65202
0.000750000 5.15956
0.00100000 4.46831
0.00125000 3.99658
0.00150000 3.64836
0.00200000 3.15957
0.00275000 2.69449
0.00350000 2.38841
0.00425000 2.16745
0.00500000 1.99829
0.00625000 1.78732
0.00750000 1.63160
0.0100000 1.41300
0.0125000 1.26383
0.0150000 1.15371
0.0200000 0.999142
0.0253000 0.888344
0.0314750 0.796449
0.0376500 0.728212
0.0500000 0.631909
0.0625000 0.565195
0.0750000 0.515949
0.100000 0.446823
0.125000 0.399649
0.150000 0.364826
0.200000 0.315946
0.275000 0.269436
0.350000 0.238826
0.500000 0.199810
0.750000 0.163137
1.00000 0.141274
1.50000 0.115339
2.00000 0.0998769
2.75000 0.0851633
3.50000 0.0754786
5.00000 0.0631321
7.50000 0.0515229
10.0000 0.0445992
15.0000 0.0363809
20.0000 0.0314772
27.5000 0.0268061
35.0000 0.0237277
50.0000 0.0197964
75.0000 0.0160884
100.000 0.0138682
150.000 0.0112188
200.000 0.00962665
275.000 0.00809769
350.000 0.00708080
500.000 0.00576710
750.000 0.00450700
1000.00 0.00374037
1500.00 0.00281410
2000.00 0.00225524
2750.00 0.00172471
3500.00 0.00138206
5000.00 0.000965581
7500.00 0.000616908
10000.0 0.000445366
11089.8 0.000402488
11634.7 0.000399642
11907.2 0.000453478
12043.4 0.000696269
12111.5 0.00167534
12128.6 0.00268645
12145.6 0.00555420
12154.1 0.00953305
12162.6 0.0207104
12166.9 0.0360615
12171.1 0.0784072
12173.3 0.135377
12174.3 0.190926
12175.4 0.288054
12176.5 0.486224
12177.0 0.669778
12177.5 0.979960
12178.1 1.56493
12178.3 2.08442
12178.6 2.86720
12178.9 4.23725
12179.1 6.67560
12179.3 8.89029
12179.4 11.9710
12179.5 16.6440
12179.6 23.7407
12179.8 37.9887
12180.0 47.4881
12180.2 37.9874
12180.4 23.7399
12180.5 14.6085
12180.7 9.49543
12180.9 6.54862
12181.1 4.74784
12181.3 3.58337
12181.4 2.79301
12181.8 1.84601
12182.2 1.29514
12182.5 0.957326
12183.2 0.586490
12183.9 0.393468
12184.7 0.283257
12186.1 0.166255
12187.5 0.109232
12188.9 0.0772456
12191.8 0.0445298
12197.5 0.0204137
12203.2 0.0117734
12214.7 0.00548923
12226.1 0.00326415
12271.8 0.00109534
12363.3 0.000545764
12546.2 0.000404719
12912.1 0.000366283
13643.8 0.000370420
14009.7 0.000404942
14375.5 0.000521161
14558.5 0.000690376
14649.9 0.000861658
14741.4 0.00117687
14832.9 0.00185489
14878.6 0.00253234
14924.3 0.00376975
14947.2 0.00481388
14970.1 0.00641017
14992.9 0.00902953
15015.8 0.0137746
15027.2 0.0177506
15038.7 0.0237778
15050.1 0.0335635
15061.5 0.0510274
15073.0 0.0869709
15078.7 0.121226
15081.5 0.146493
15084.4 0.180421
15087.2 0.227817
15090.1 0.296564
15091.5 0.343158
15093.0 0.401565
15094.4 0.476094
15095.8 0.572405
15097.2 0.701721
15098.7 0.879339
15100.1 1.13188
15101.5 1.50627
15103.0 2.09006
15104.4 3.05635
15105.8 4.75952
15106.5 6.07250
15107.2 7.83212
15108.6 12.5168
15110.0 15.6329
15111.4 12.4778
15112.8 7.80112
15114.0 5.10536
15115.2 3.48682
15116.4 2.48460
15117.6 1.84843
15119.9 1.12261
15122.3 0.749599
15124.7 0.533484
15127.1 0.398354
15131.9 0.246041
15136.7 0.166616
15141.4 0.120285
15146.2 0.0908923
15151.0 0.0710954
15160.5 0.0469058
15170.1 0.0332858
15179.6 0.0248546
15189.1 0.0192872
15208.2 0.0126139
15227.3 0.00892215
15246.4 0.00666843
15265.5 0.00519252
15303.7 0.00344084
15341.9 0.00248112
15380.1 0.00189888
15418.2 0.00151926
15494.6 0.00107060
15571.0 0.000825549
15723.7 0.000580135
15876.4 0.000465183
16029.1 0.000401768
16334.6 0.000336766
16945.5 0.000285970
17556.4 0.000264607
20000.0 0.000240798
20773.7 0.000248324
21547.4 0.000281077
21934.2 0.000330548
22127.6 0.000380858
22321.1 0.000473543
22514.5 0.000672922
22611.2 0.000872175
22707.9 0.00123624
22756.3 0.00154355
22804.6 0.00201349
22853.0 0.00278536
22901.3 0.00418581
22925.5 0.00536003
22949.7 0.00714410
22973.9 0.0100469
22998.0 0.0152408
23022.2 0.0259743
23034.3 0.0362534
23046.4 0.0541564
23052.4 0.0685685
23058.5 0.0895544
23061.5 0.103900
23064.5 0.121903
23067.6 0.144991
23070.6 0.175250
23073.6 0.216097
23076.6 0.272589
23079.6 0.353924
23082.7 0.476528
23085.7 0.672134
23088.7 1.00660
23090.2 1.26595
23091.7 1.62462
23093.2 2.12646
23094.7 2.82371
23097.4 4.51488
23100.0 5.64059
23102.6 4.50673
23105.3 2.81710
23107.3 1.93323
23109.3 1.36880
23111.3 1.00303
23113.3 0.761112
23117.4 0.475110
23121.4 0.322538
23125.4 0.232261
23129.4 0.175014
23137.5 0.109268
23145.5 0.0745642
23153.6 0.0540888
23161.6 0.0410213
23169.7 0.0321814
23185.8 0.0213399
23201.9 0.0152007
23218.0 0.0113923
23234.1 0.00886903
23266.3 0.00583875
23298.5 0.00415923
23330.7 0.00313235
23362.9 0.00245916
23427.3 0.00165948
23491.7 0.00122098
23620.5 0.000781477
23749.3 0.000576821
23878.1 0.000465436
24135.8 0.000355034
24651.0 0.000278893
25166.2 0.000258181
25681.5 0.000260999
26196.7 0.000298174
26454.3 0.000356742
26583.1 0.000416547
26711.9 0.000526910
26840.8 0.000764762
26905.2 0.00100290
26969.6 0.00143872
27001.8 0.00180729
27034.0 0.00237176
27066.2 0.00330057
27098.4 0.00499102
27130.6 0.00857725
27146.7 0.0121130
27162.8 0.0184772
27178.9 0.0317388
27195.0 0.0671241
27203.0 0.112492
27207.1 0.154732
27211.1 0.225724
27213.1 0.281253
27215.1 0.359361
27217.1 0.474531
27219.1 0.653819
27221.1 0.955056
27222.2 1.18647
27223.2 1.50390
27224.2 1.96149
27225.2 2.62780
27226.2 3.64235
27227.2 5.15662
27228.6 8.26184
27230.0 10.3120
27231.4 8.23748
27232.8 5.15562
27233.7 3.75431
27234.7 2.78698
27236.5 1.66030
27238.3 1.08097
27240.1 0.753477
27241.9 0.552939
27243.7 0.422108
27247.3 0.268271
27251.0 0.184935
27254.6 0.135165
27261.8 0.0811431
27269.1 0.0540240
27276.3 0.0385640
27283.6 0.0289062
27290.8 0.0224899
27305.3 0.0147472
27319.8 0.0104360
27334.3 0.00779234
27348.8 0.00605538
27377.7 0.00398745
27406.7 0.00285042
27435.7 0.00215918
27464.7 0.00170802
27522.6 0.00117414
27580.6 0.000882509
27696.5 0.000591249
27812.4 0.000455984
27928.3 0.000382464
28160.2 0.000309556
28623.8 0.000258512
29087.5 0.000242118
30942.1 0.000237163
34651.3 0.000284545
38360.6 0.000396509
40215.2 0.000500280
41142.5 0.000574116
41606.2 0.000618980
41838.0 0.000644169
41953.9 0.000658877
42011.9 0.000672187
42040.9 0.000701844
42055.4 0.000807242
42062.6 0.00121151
42066.2 0.00273924
42068.0 0.00821335
42068.9 0.0260654
42069.8 0.534738
42070.0 1.06904
42070.2 0.534736
42071.1 0.0234959
42072.1 0.00738130
42074.0 0.00249222
42077.9 0.00114689
42085.7 0.000793630
42101.1 0.000704620
42132.1 0.000685363
42194.1 0.000687155
42318.0 0.000701298
42565.8 0.000734026
43061.4 0.000808753
43309.2 0.000851147
43557.0 0.000897413
43804.8 0.000948028
44052.6 0.00100355
44300.4 0.00106463
44548.2 0.00113202
44796.1 0.00120662
45043.9 0.00128949
45539.5 0.00148531
46035.1 0.00173287
46530.7 0.00205190
47026.3 0.00247231
47521.9 0.00304106
48017.5 0.00383474
48513.2 0.00498405
49008.8 0.00672252
49504.4 0.00948665
50000.0 0.0141066
50267.0 0.0178461
50534.0 0.0228060
51067.0 0.0361922
51600.0 0.0446230
52133.0 0.0352353
52666.0 0.0218859
53026.0 0.0156611
53386.0 0.0114610
53745.9 0.00862808
54105.9 0.00667586
54825.9 0.00428724
55545.8 0.00296406
56265.8 0.00216576
56985.7 0.00165101
58425.6 0.00105390
59865.5 0.000736486
61305.4 0.000549381
64185.2 0.000351908
67065.0 0.000259198
69944.8 0.000214927
72824.6 0.000215651
73544.5 0.000238637
74264.5 0.000311419
74624.5 0.000414991
74804.5 0.000518733
74984.4 0.000707988
75164.4 0.00111009
75254.4 0.00150681
75344.4 0.00222121
75434.4 0.00371105
75479.4 0.00515235
75524.4 0.00769065
75569.4 0.0128015
75591.9 0.0175594
75614.4 0.0255840
75636.9 0.0406910
75648.1 0.0537731
75659.4 0.0742023
75665.0 0.0889810
75670.6 0.108457
75676.3 0.134850
75681.9 0.171486
75687.5 0.224105
75693.1 0.301817
75698.8 0.419769
75704.4 0.599011
75712.1 0.958309
75719.9 1.19723
75727.7 0.957565
75735.4 0.598384
75741.0 0.420088
75746.6 0.302672
75752.2 0.225102
75757.8 0.172539
75768.9 0.109339
75780.1 0.0748985
75791.3 0.0543070
75802.4 0.0411187
75824.7 0.0258701
75847.1 0.0177556
75869.4 0.0129463
75891.7 0.00986607
75914.0 0.00777685
75958.7 0.00520727
76003.3 0.00374866
76048.0 0.00284197
76092.6 0.00224056
76181.9 0.00151737
76271.2 0.00111581
76449.8 0.000708813
76628.4 0.000517151
76806.9 0.000411958
77164.1 0.000306537
77878.4 0.000231167
78592.7 0.000205773
81450.0 0.000193181
84307.3 0.000220050
85735.9 0.000259104
86093.1 0.000284749
86450.3 0.000346698
86628.8 0.000426989
86807.4 0.000647311
86986.0 0.00178357
87075.3 0.00600770
87097.6 0.0100843
87119.9 0.0206976
87131.1 0.0338902
87136.7 0.0458242
87142.3 0.0653426
87147.8 0.100366
87150.6 0.129227
87153.4 0.172080
87156.2 0.239048
87159.0 0.350247
87161.8 0.547201
87164.6 0.908417
87167.2 1.45437
87169.9 1.81647
87172.6 1.45208
87175.2 0.908310
87178.1 0.543373
87180.9 0.346078
87183.7 0.235408
87186.5 0.169246
87189.4 0.126866
87192.2 0.0984800
87197.8 0.0640254
87203.5 0.0448344
87209.2 0.0331406
87220.5 0.0202270
87231.8 0.0136425
87243.1 0.00984848
87265.7 0.00587028
87288.3 0.00393711
87310.9 0.00285535
87356.1 0.00175178
87446.5 0.000941388
87537.0 0.000652721
87717.8 0.000446537
87898.7 0.000376742
88260.4 0.000333288
88622.1 0.000325483
88983.8 0.000328759
89345.5 0.000337099
89707.2 0.000348515
90068.9 0.000362261
90430.7 0.000378070
90792.4 0.000395898
91154.1 0.000415824
91515.8 0.000438010
91877.5 0.000462684
92239.2 0.000490138
92962.6 0.000554893
93686.1 0.000636089
94409.5 0.000739183
95132.9 0.000872009
95856.3 0.00104588
96579.7 0.00127718
97303.2 0.00158916
98026.6 0.00201297
98750.0 0.00258296
100000 0.00391104
101500 0.00496986
102239 0.00463432
102608 0.00442087
102793 0.00481917
102885 0.00704622
102908 0.00935642
102931 0.0157103
102943 0.0241764
102954 0.0460950
102960 0.0736543
102966 0.138098
102969 0.210977
102972 0.361138
102973 0.508524
102974 0.738408
102976 1.14140
102977 1.93742
102979 3.05321
102980 3.86406
102981 3.05307
102983 1.93021
102984 1.22119
102985 0.830610
102987 0.577169
102988 0.430601
102990 0.259163
102993 0.172476
102995 0.123120
102998 0.0925062
103003 0.0586838
103013 0.0305091
103022 0.0195088
103042 0.0110636
103062 0.00792694
103102 0.00557710
103141 0.00470245
103300 0.00370413
103616 0.00314497
104250 0.00247473
105086 0.00184281
105922 0.00140472
107593 0.000884565
109265 0.000614863
110937 0.000463761
114280 0.000319250
117624 0.000267129
120967 0.000259778
124310 0.000285806
127654 0.000351719
129326 0.000410233
130161 0.000462005
130579 0.000544879
130684 0.000613495
130788 0.000796436
130841 0.00104384
130893 0.00172893
130919 0.00265952
130945 0.00520648
130958 0.00860361
130971 0.0174639
130984 0.0560848
130991 0.152376
130994 0.327854
130996 0.529152
130997 0.931039
130999 1.48132
131000 1.85820
131001 1.74705
131001 1.48128
131003 0.927655
131005 0.512293
131006 0.310525
131008 0.200003
131010 0.141026
131013 0.0791170
131017 0.0504071
131024 0.0256168
131031 0.0155491
131045 0.00762763
131059 0.00463954
131087 0.00240119
131115 0.00159155
131171 0.00100101
131226 0.000794906
131338 0.000658087
131450 0.000629897
131674 0.000766162
131785 0.00139335
131841 0.00376506
131869 0.0122420
131876 0.0200668
131883 0.0393489
131887 0.0617071
131890 0.110020
131892 0.159720
131894 0.243007
131896 0.402684
131896 0.546881
131897 0.755391
131899 1.19096
131900 1.50749
131901 1.19092
131903 0.752589
131904 0.527929
131905 0.377561
131907 0.213083
131909 0.134274
131911 0.0916978
131915 0.0502570
131919 0.0316591
131927 0.0159730
131935 0.00972043
131967 0.00304523
132031 0.00120493
132159 0.000726803
132415 0.000617591
132926 0.000623086
133950 0.000710843
134974 0.000843506
135486 0.000957790
135741 0.00114369
135869 0.00171590
135933 0.00381483
135949 0.00587773
135965 0.0114051
135973 0.0185357
135981 0.0365042
135985 0.0579286
135989 0.106046
135991 0.155935
135993 0.249292
135994 0.328485
135995 0.447569
135996 0.632044
135997 0.911704
135999 1.46091
136000 1.81897
136001 1.46087
136003 0.908209
136004 0.511640
136006 0.310063
136007 0.204191
136009 0.146495
136012 0.0840287
136015 0.0543403
136021 0.0282131
136028 0.0174320
136040 0.00885512
136052 0.00559177
136077 0.00312924
136102 0.00223943
136201 0.00137352
136400 0.00122586
136599 0.00145453
136698 0.00235635
136748 0.00570924
136760 0.00895834
136773 0.0174896
136779 0.0282097
136785 0.0541862
136788 0.0837021
136791 0.145805
136793 0.208099
136794 0.308423
136796 0.508831
136797 0.676125
136797 0.906546
136799 1.45254
136800 1.80851
136801 1.45250
136803 0.903072
136804 0.651775
136804 0.491820
136806 0.291517
136808 0.189344
136809 0.134536
136813 0.0763567
136816 0.0491329
136823 0.0252398
136829 0.0156725
136843 0.00805505
136856 0.00518008
136882 0.00302692
136909 0.00224962
137015 0.00149257
137228 0.00134342
137652 0.00141282
138502 0.00170951
138927 0.00190519
139352 0.00213839
139564 0.00227169
139777 0.00241790
139989 0.00257861
140201 0.00275564
140414 0.00295124
140626 0.00316770
140839 0.00340795
141051 0.00367534
141476 0.00430780
141901 0.00510382
142326 0.00611592
142750 0.00741118
143175 0.00907111
143600 0.0111762
144100 0.0142620
144600 0.0177616
145600 0.0219871
146100 0.0205997
146600 0.0174574
147600 0.0109349
147899 0.00959009
148048 0.00954814
148123 0.0116217
148141 0.0139186
148160 0.0202060
148169 0.0285448
148179 0.0496789
148183 0.0756245
148188 0.133739
148190 0.198514
148193 0.319076
148194 0.429916
148195 0.587107
148196 0.864363
148197 1.32293
148199 2.08382
148200 2.63778
148201 2.08375
148203 1.32286
148204 0.755599
148206 0.466189
148208 0.311734
148209 0.226655
148212 0.133649
148215 0.0890470
148221 0.0495158
148228 0.0330979
148240 0.0198956
148253 0.0148813
148277 0.0110194
148302 0.00955167
148402 0.00782718
148601 0.00682444
148999 0.00564744
149795 0.00409475
150591 0.00324266
150989 0.00350946
151088 0.00406593
151138 0.00465104
151188 0.00572263
151238 0.00796287
151263 0.0101056
151287 0.0137921
151312 0.0209937
151325 0.0274847
151337 0.0379104
151362 0.0932619
151368 0.126563
151375 0.180071
151378 0.219183
151381 0.270574
151384 0.338373
151387 0.426958
151390 0.546255
151394 0.682214
151400 0.848279
151403 0.798134
151407 0.678016
151413 0.423651
151421 0.243852
151428 0.151634
151436 0.101870
151444 0.0728177
151451 0.0546276
151459 0.0425686
151474 0.0282293
151489 0.0202898
151504 0.0154833
151535 0.0102253
151565 0.00754709
151595 0.00600643
151656 0.00437644
151777 0.00310183
151899 0.00259290
152142 0.00214009
152384 0.00190642
153355 0.00141759
154326 0.00113691
154812 0.00104643
155055 0.00106251
155176 0.00128493
155237 0.00220346
155267 0.00554560
155275 0.00867878
155282 0.0165275
155286 0.0258142
155290 0.0464458
155294 0.106505
155296 0.187219
155297 0.370610
155299 0.592648
155300 0.738882
155301 0.592630
155303 0.369186
155304 0.200158
155306 0.122091
155309 0.0572208
155312 0.0328447
155316 0.0213553
155322 0.0112127
155328 0.00713485
155354 0.00264695
155406 0.00137065
155509 0.00101800
155715 0.000900548
156126 0.000823630
156950 0.000733935
157774 0.000691540
158186 0.000727232
158391 0.000911435
158494 0.00162886
158546 0.00432870
158559 0.00696996
158572 0.0138723
158578 0.0227464
158585 0.0441298
158588 0.0685727
158591 0.120414
158593 0.170785
158594 0.258251
158596 0.423885
158597 0.561861
158597 0.781597
158599 1.25254
158600 1.55958
158601 1.25251
158603 0.778603
158604 0.504231
158605 0.337485
158606 0.237624
158607 0.174898
158610 0.105025
158612 0.0696443
158617 0.0369726
158622 0.0229500
158631 0.0114901
158641 0.00706651
158660 0.00365046
158679 0.00238815
158756 0.00112097
158909 0.000801973
159215 0.000758780
159520 0.000821668
159826 0.000967079
160132 0.00127755
160285 0.00156607
160438 0.00204193
160591 0.00289909
160744 0.00464789
160782 0.00536642
160821 0.00627163
160859 0.00743524
160897 0.00894650
160916 0.00987923
160935 0.0109501
160974 0.0136273
161012 0.0172357
161050 0.0220552
161088 0.0280963
161125 0.0349867
161200 0.0435633
161238 0.0410205
161275 0.0349389
161350 0.0220028
161401 0.0158853
161451 0.0117395
161553 0.00699993
161654 0.00462523
161756 0.00330469
161857 0.00250442
161958 0.00198569
162161 0.00137851
162364 0.00105059
162567 0.000853432
162972 0.000638110
163378 0.000531856
163784 0.000485093
163986 0.000490227
164189 0.000553829
164392 0.000977528
164443 0.00141693
164493 0.00263027
164519 0.00425201
164544 0.00851731
164557 0.0139316
164570 0.0271949
164576 0.0426268
164582 0.0751080
164585 0.107431
164589 0.161974
164592 0.269237
164593 0.359537
164595 0.483792
164597 0.770418
164600 0.966301
164603 0.770375
164605 0.482825
164608 0.310257
164610 0.206383
164612 0.144671
164615 0.107430
164619 0.0646855
164624 0.0429637
164633 0.0228411
164643 0.0141791
164662 0.00706220
164681 0.00431011
164718 0.00219675
164756 0.00141571
164831 0.000835994
164907 0.000625358
165057 0.000467608
165208 0.000407579
165811 0.000334767
167016 0.000300549
169428 0.000326044
170633 0.000402466
171236 0.000477481
171839 0.000601375
172442 0.000818853
172743 0.000991642
173044 0.00123786
173195 0.00140105
173346 0.00160097
173421 0.00171798
173497 0.00184824
173647 0.00215692
173798 0.00254544
173949 0.00303719
174099 0.00365974
174250 0.00444001
174438 0.00564535
174625 0.00701966
175000 0.00871791
175188 0.00819812
175375 0.00697567
175750 0.00439185
176101 0.00281700
176452 0.00190211
176804 0.00135848
177155 0.00101866
177857 0.000640799
178559 0.000448897
179262 0.000338617
179964 0.000269277
181368 0.000189527
182773 0.000146295
184178 0.000119607
186987 8.85578E-05
192605 5.94810E-05
198224 4.53888E-05
203842 3.73825E-05
209460 3.34975E-05
212270 3.38135E-05
215079 3.86779E-05
216483 4.66537E-05
217186 5.46532E-05
217888 6.88568E-05
218590 9.72885E-05
218941 0.000123403
219293 0.000166673
219644 0.000245759
219819 0.000312110
219995 0.000412307
220170 0.000572747
220346 0.000848090
220522 0.00136032
220697 0.00236242
220849 0.00377219
221000 0.00470974
221152 0.00376303
221303 0.00235589
221398 0.00173626
221492 0.00130476
221681 0.000793566
221870 0.000527720
222059 0.000376430
222248 0.000283266
222437 0.000222290
222815 0.000150287
223194 0.000111204
223572 8.77112E-05
224328 6.21381E-05
225084 4.92807E-05
225840 4.19483E-05
227352 3.44432E-05
230377 2.96438E-05
233402 3.00079E-05
236426 3.47242E-05
239451 4.87890E-05
240963 6.51796E-05
242475 9.90108E-05
243232 0.000130528
243988 0.000182508
244744 0.000273547
245500 0.000437891
246250 0.000693914
247000 0.000861681
247750 0.000686516
248500 0.000432433
249035 0.000308512
249570 0.000226812
250106 0.000172793
250641 0.000136140
251711 9.19560E-05
252781 6.77948E-05
254922 4.40056E-05
257063 3.32232E-05
261344 2.41619E-05
265625 2.07931E-05
274188 1.93786E-05
282750 2.15068E-05
291313 2.77508E-05
295594 3.37433E-05
299875 4.35723E-05
304156 6.09554E-05
306297 7.50086E-05
308438 9.54798E-05
309508 0.000109353
310578 0.000126680
311113 0.000136985
311649 0.000148617
312184 0.000161796
312719 0.000176774
313789 0.000213393
314859 0.000261529
315930 0.000325070
317000 0.000408117
318125 0.000518302
319250 0.000643308
321500 0.000794468
322625 0.000745113
323750 0.000633154
326000 0.000399659
328406 0.000244222
330813 0.000161440
333219 0.000115993
335625 8.97362E-05
340438 6.48254E-05
345250 5.81909E-05
350063 6.37157E-05
354875 8.50719E-05
357281 0.000106453
358484 0.000121683
359688 0.000141211
360289 0.000153003
360891 0.000166423
361492 0.000181712
362094 0.000199137
362695 0.000218996
363297 0.000241581
363899 0.000267179
364500 0.000295996
365188 0.000332959
365875 0.000373892
367250 0.000462361
370000 0.000569044
371375 0.000533689
372750 0.000454062
375500 0.000289026
377838 0.000198849
380175 0.000151966
381344 0.000146288
382513 0.000168767
383097 0.000212190
383389 0.000256634
383681 0.000335642
383974 0.000492317
384120 0.000634104
384266 0.000864947
384412 0.00127512
384558 0.00209960
384631 0.00285397
384704 0.00407611
384777 0.00616970
384814 0.00775587
384850 0.00984574
384888 0.0125709
384925 0.0156797
385000 0.0195541
385038 0.0184112
385075 0.0156707
385150 0.00983583
385201 0.00708434
385251 0.00521648
385352 0.00307855
385453 0.00200497
385554 0.00140730
385655 0.00104469
385756 0.000809977
385957 0.000535520
386159 0.000387588
386361 0.000298934
386765 0.000202111
387168 0.000152704
387572 0.000123740
388379 9.20598E-05
389994 6.47799E-05
391609 5.20690E-05
394838 3.89839E-05
398068 3.19214E-05
404526 2.46464E-05
410985 2.17912E-05
417444 2.19034E-05
423903 2.60749E-05
427132 3.16005E-05
430361 4.37496E-05
431976 5.61705E-05
433591 7.98651E-05
434398 0.000100961
435205 0.000135006
436013 0.000194191
436820 0.000302343
438300 0.000571443
439040 0.000497855
439780 0.000392684
440523 0.000370613
441265 0.000460853
441636 0.000574242
442008 0.000773429
442379 0.00112954
442564 0.00140466
442750 0.00177098
442938 0.00224346
443125 0.00278360
443500 0.00345437
443688 0.00325064
443875 0.00276844
444250 0.00174638
444484 0.00129410
444719 0.000978160
445188 0.000603087
445656 0.000407384
446125 0.000295539
446594 0.000226416
447063 0.000180998
448000 0.000127199
448938 9.80099E-05
449875 8.06480E-05
451750 6.25662E-05
455500 5.20855E-05
459250 5.48970E-05
463000 6.66947E-05
466750 9.19077E-05
467688 0.000102100
468625 0.000115086
469563 0.000132300
470500 0.000156512
471438 0.000193775
471906 0.000221410
472375 0.000259727
472844 0.000316145
473313 0.000405795
473781 0.000563343
474250 0.000878940
474582 0.00132799
474914 0.00218800
475207 0.00341031
475500 0.00422333
475793 0.00341405
476086 0.00220389
476302 0.00159277
476518 0.00119554
476950 0.000765044
477382 0.000563205
477815 0.000458152
478679 0.000364758
479543 0.000331677
483000 0.000311284
486291 0.000279525
487937 0.000287658
488348 0.000311142
488759 0.000366938
489171 0.000513055
489376 0.000673682
489582 0.000961039
489791 0.00141744
490000 0.00172003
490209 0.00140853
490418 0.000945431
490585 0.000695623
490751 0.000537410
491084 0.000368887
491417 0.000288720
491750 0.000244409
492781 0.000183520
493813 0.000158403
495875 0.000137568
497938 0.000138318
500000 0.000167348
500000 0.00212354
550000 0.00211245
600000 0.00210238
650000 0.00210525
700000 0.00210791
750000 0.00212075
800000 0.00213284
850000 0.00215307
900000 0.00217232
950000 0.00219842
1.00000E+06 0.00222347
1.10000E+06 0.00198270
1.18360E+06 0.00181554
1.18360E+06 0.00181553
1.20000E+06 0.00178574
1.30000E+06 0.00131019
1.40000E+06 0.000983608
1.50000E+06 0.000926246
1.60000E+06 0.000875620
1.70000E+06 0.000866137
1.80000E+06 0.000857291
1.90000E+06 0.000853437
1.92673E+06 0.000852444
1.92673E+06 0.000852444
2.00000E+06 0.000849797
2.10000E+06 0.000857849
2.20000E+06 0.000865598
2.30000E+06 0.000819225
2.33553E+06 0.000803816
2.33553E+06 0.000803815
2.40000E+06 0.000777156
2.50000E+06 0.000761456
2.60000E+06 0.000746671
2.70000E+06 0.000724683
2.71746E+06 0.000720993
2.71746E+06 0.000720993
2.80000E+06 0.000704108
2.81864E+06 0.000702687
2.90000E+06 0.000696625
2.98978E+06 0.000690188
3.00000E+06 0.000689471
3.10000E+06 0.000688428
3.11419E+06 0.000688283
3.11419E+06 0.000688283
3.20000E+06 0.000687420
3.30000E+06 0.000671602
3.34649E+06 0.000664532
3.36038E+06 0.000662452
3.36038E+06 0.000662452
3.37706E+06 0.000659976
3.38377E+06 0.000658985
3.40000E+06 0.000656604
3.43424E+06 0.000646674
3.50000E+06 0.000628287
3.60000E+06 0.000601939
3.66256E+06 0.000583597
3.66256E+06 0.000583596
3.70000E+06 0.000573032
3.74555E+06 0.000560576
3.74555E+06 0.000560575
3.76043E+06 0.000556598
3.79698E+06 0.000547011
3.80000E+06 0.000546230
3.86285E+06 0.000532227
3.86286E+06 0.000532226
3.87709E+06 0.000529136
3.90000E+06 0.000524223
3.95369E+06 0.000512998
3.95369E+06 0.000512997
4.00000E+06 0.000503627
4.00336E+06 0.000503561
4.01261E+06 0.000503378
4.01262E+06 0.000503378
4.10345E+06 0.000501610
4.10345E+06 0.000501610
4.18590E+06 0.000500044
4.18590E+06 0.000500044
4.20000E+06 0.000499780
4.20372E+06 0.000499125
4.26467E+06 0.000488594
4.40000E+06 0.000466499
4.49116E+06 0.000455536
4.60000E+06 0.000443061
4.73053E+06 0.000431940
4.80000E+06 0.000426257
4.84920E+06 0.000422048
4.98842E+06 0.000410580
5.00000E+06 0.000409655
5.17521E+06 0.000400398
5.19291E+06 0.000399492
5.20000E+06 0.000399130
5.27198E+06 0.000396127
5.38011E+06 0.000391733
5.40000E+06 0.000390940
5.44660E+06 0.000389290
5.52036E+06 0.000386722
5.60000E+06 0.000384005
5.80000E+06 0.000377782
5.81865E+06 0.000377421
5.97945E+06 0.000374368
6.00000E+06 0.000373986
6.02508E+06 0.000373555
6.06385E+06 0.000372894
6.08983E+06 0.000372454
6.20000E+06 0.000370614
6.25770E+06 0.000370749
6.38751E+06 0.000371048
6.40000E+06 0.000371076
6.60000E+06 0.000369674
6.80000E+06 0.000367535
7.00000E+06 0.000369019
7.20000E+06 0.000369249
7.40000E+06 0.000376218
7.60000E+06 0.000379903
7.80000E+06 0.000379940
8.00000E+06 0.000389006
8.50000E+06 0.000409854
9.00000E+06 0.000442841
9.05729E+06 0.000447796
9.50000E+06 0.000486882
1.00000E+07 0.000547626
1.01685E+07 0.000573249
1.01686E+07 0.000573258
1.05000E+07 0.000625849
1.07426E+07 0.000670646
1.09236E+07 0.000705432
1.10000E+07 0.000720470
1.11659E+07 0.000755193
1.13043E+07 0.000785019
1.13874E+07 0.000803309
1.13875E+07 0.000803322
1.14031E+07 0.000806796
1.15000E+07 0.000828551
1.16119E+07 0.000853751
1.20000E+07 0.000945165
1.24442E+07 0.00104948
1.25000E+07 0.00106309
1.30000E+07 0.00117567
1.35000E+07 0.00128266
1.36320E+07 0.00130329
1.36320E+07 0.00130329
1.37413E+07 0.00132046
1.38962E+07 0.00134495
1.40000E+07 0.00136146
1.42260E+07 0.00140060
1.42854E+07 0.00141097
1.43296E+07 0.00141870
1.43472E+07 0.00142179
1.45000E+07 0.00144870
1.50000E+07 0.00148438
1.54620E+07 0.00151022
1.55000E+07 0.00151233
1.59108E+07 0.00153500
1.60000E+07 0.00153989
1.60142E+07 0.00154005
1.63653E+07 0.00154403
1.65000E+07 0.00154553
1.66964E+07 0.00154771
1.67698E+07 0.00154852
1.67962E+07 0.00154881
1.70000E+07 0.00155103
1.73098E+07 0.00153480
1.75000E+07 0.00152507
1.80000E+07 0.00150025
1.85000E+07 0.00144351
1.90000E+07 0.00139035
1.91531E+07 0.00136523
1.95000E+07 0.00131068
1.95025E+07 0.00131030
1.95974E+07 0.00129593
1.98456E+07 0.00125940
2.00000E+07 0.00123742
2.00000E+07 0.00000
2.10000E+07 0.00000
2.20000E+07 0.00000
2.30000E+07 0.00000
2.40000E+07 0.00000
2.50000E+07 0.00000
2.60000E+07 0.00000
2.70000E+07 0.00000
2.80000E+07 0.00000
2.90000E+07 0.00000
3.00000E+07 0.00000
3.10000E+07 0.00000
3.20000E+07 0.00000
3.30000E+07 0.00000
3.40000E+07 0.00000
3.50000E+07 0.00000
3.60000E+07 0.00000
3.70000E+07 0.00000
3.80000E+07 0.00000
3.90000E+07 0.00000
4.00000E+07 0.00000
4.10000E+07 0.00000
4.20000E+07 0.00000
4.30000E+07 0.00000
4.40000E+07 0.00000
4.50000E+07 0.00000
4.60000E+07 0.00000
4.70000E+07 0.00000
4.80000E+07 0.00000
4.90000E+07 0.00000
5.00000E+07 0.00000
5.10000E+07 0.00000
5.20000E+07 0.00000
5.30000E+07 0.00000
5.40000E+07 0.00000
5.50000E+07 0.00000
5.60000E+07 0.00000
5.70000E+07 0.00000
5.80000E+07 0.00000
5.90000E+07 0.00000
6.00000E+07 0.00000
6.10000E+07 0.00000
6.20000E+07 0.00000
6.30000E+07 0.00000
6.40000E+07 0.00000
6.50000E+07 0.00000
6.60000E+07 0.00000
6.70000E+07 0.00000
6.80000E+07 0.00000
6.90000E+07 0.00000
7.00000E+07 0.00000
7.10000E+07 0.00000
7.20000E+07 0.00000
7.30000E+07 0.00000
7.40000E+07 0.00000
7.50000E+07 0.00000
7.60000E+07 0.00000
7.70000E+07 0.00000
7.80000E+07 0.00000
7.90000E+07 0.00000
8.00000E+07 0.00000
8.10000E+07 0.00000
8.20000E+07 0.00000
8.30000E+07 0.00000
8.40000E+07 0.00000
8.50000E+07 0.00000
8.60000E+07 0.00000
8.70000E+07 0.00000
8.80000E+07 0.00000
8.90000E+07 0.00000
9.00000E+07 0.00000
9.10000E+07 0.00000
9.20000E+07 0.00000
9.30000E+07 0.00000
9.40000E+07 0.00000
9.50000E+07 0.00000
9.60000E+07 0.00000
9.70000E+07 0.00000
9.80000E+07 0.00000
9.90000E+07 0.00000
1.00000E+08 0.00000
1.02000E+08 0.00000
1.04000E+08 0.00000
1.06000E+08 0.00000
1.08000E+08 0.00000
1.10000E+08 0.00000
1.12000E+08 0.00000
1.14000E+08 0.00000
1.16000E+08 0.00000
1.18000E+08 0.00000
1.20000E+08 0.00000
1.22000E+08 0.00000
1.24000E+08 0.00000
1.26000E+08 0.00000
1.28000E+08 0.00000
1.30000E+08 0.00000
1.32000E+08 0.00000
1.34000E+08 0.00000
1.36000E+08 0.00000
1.38000E+08 0.00000
1.40000E+08 0.00000
1.42000E+08 0.00000
1.44000E+08 0.00000
1.46000E+08 0.00000
1.48000E+08 0.00000
1.50000E+08 0.00000
1.52000E+08 0.00000
1.54000E+08 0.00000
1.56000E+08 0.00000
1.58000E+08 0.00000
1.60000E+08 0.00000
1.62000E+08 0.00000
1.64000E+08 0.00000
1.66000E+08 0.00000
1.68000E+08 0.00000
1.70000E+08 0.00000
1.72000E+08 0.00000
1.74000E+08 0.00000
1.76000E+08 0.00000
1.78000E+08 0.00000
1.80000E+08 0.00000
1.82000E+08 0.00000
1.84000E+08 0.00000
1.86000E+08 0.00000
1.88000E+08 0.00000
1.90000E+08 0.00000
1.92000E+08 0.00000
1.94000E+08 0.00000
1.96000E+08 0.00000
1.98000E+08 0.00000
2.00000E+08 0.00000