Ti-46(n,g) ENDF/B-VII.1
Energy(eV) XS(b)
1.00000E-05 29.6570
1.25000E-05 26.5260
1.50000E-05 24.2149
2.00000E-05 20.9707
2.75000E-05 17.8839
3.50000E-05 15.8523
4.25000E-05 14.3858
5.00000E-05 13.2630
6.25000E-05 11.8628
7.50000E-05 10.8292
0.000100000 9.37837
0.000125000 8.38827
0.000150000 7.65741
0.000200000 6.63151
0.000275000 5.65537
0.000350000 5.01295
0.000425000 4.54918
0.000500000 4.19414
0.000625000 3.75135
0.000750000 3.42450
0.00100000 2.96570
0.00125000 2.65260
0.00150000 2.42149
0.00200000 2.09707
0.00275000 1.78839
0.00350000 1.58523
0.00425000 1.43858
0.00500000 1.32630
0.00625000 1.18628
0.00750000 1.08292
0.0100000 0.937836
0.0125000 0.838826
0.0150000 0.765740
0.0200000 0.663150
0.0253000 0.589612
0.0314750 0.528620
0.0376500 0.483330
0.0500000 0.419412
0.0625000 0.375133
0.0750000 0.342447
0.100000 0.296567
0.125000 0.265257
0.150000 0.242145
0.200000 0.209703
0.275000 0.178834
0.350000 0.158518
0.500000 0.132624
0.750000 0.108284
1.00000 0.0937746
1.50000 0.0765630
2.00000 0.0663023
2.75000 0.0565387
3.50000 0.0501125
5.00000 0.0419211
7.50000 0.0342201
10.0000 0.0296283
15.0000 0.0241797
20.0000 0.0209301
27.5000 0.0178364
35.0000 0.0157988
50.0000 0.0131992
75.0000 0.0107512
100.000 0.00928854
150.000 0.00754800
200.000 0.00650587
275.000 0.00550926
350.000 0.00484947
500.000 0.00400193
750.000 0.00319544
1000.00 0.00270831
1500.00 0.00212290
2000.00 0.00177057
2994.89 0.00135626
3492.34 0.00122384
3741.06 0.00117343
3865.42 0.00116789
3927.60 0.00123473
3958.69 0.00154269
3974.23 0.00277616
3982.01 0.00756226
3985.89 0.0254818
3986.87 0.0428495
3987.84 0.0882370
3988.32 0.145030
3988.81 0.281610
3989.05 0.435297
3989.29 0.754278
3989.42 1.05818
3989.54 1.56666
3989.66 2.48548
3989.78 4.21520
3989.89 6.74906
3990.00 8.41528
3990.11 6.72492
3990.22 4.21542
3990.35 2.45521
3990.47 1.53964
3990.59 1.03343
3990.72 0.737214
3990.96 0.424327
3991.21 0.274550
3991.70 0.141287
3992.19 0.0859397
3993.18 0.0417131
3994.17 0.0248213
3998.11 0.00738736
4006.00 0.00272875
4021.78 0.00152197
4053.33 0.00120990
4116.44 0.00112128
4242.67 0.00108030
4495.11 0.00103614
5000.00 0.000969566
6632.39 0.000861160
7448.58 0.000875106
7856.68 0.000910532
8060.73 0.000940896
8162.75 0.000967653
8213.77 0.00101447
8239.27 0.00116664
8252.03 0.00174588
8258.40 0.00396255
8261.59 0.0121307
8263.18 0.0398999
8263.98 0.120776
8264.38 0.301469
8264.58 0.576388
8264.78 1.32525
8265.00 2.64957
8265.22 1.32528
8265.43 0.551502
8265.65 0.281063
8266.07 0.110297
8266.92 0.0360037
8268.61 0.0109390
8272.00 0.00363604
8278.77 0.00166557
8292.33 0.00115612
8319.43 0.00103156
8373.65 0.00101143
8482.07 0.00103196
8698.92 0.00110251
9132.61 0.00133901
9566.31 0.00182597
9783.15 0.00227810
10000.0 0.00303402
10253.8 0.00479437
10317.2 0.00553405
10380.6 0.00648742
10412.4 0.00707099
10444.1 0.00774568
10475.8 0.00853156
10507.5 0.00945418
10523.4 0.00997721
10539.2 0.0105480
10570.9 0.0118577
10602.7 0.0134441
10634.4 0.0153910
10666.1 0.0178164
10697.8 0.0208904
10729.5 0.0248660
10761.3 0.0301293
10793.0 0.0373033
10824.7 0.0474228
10856.4 0.0623216
10888.1 0.0854732
10919.9 0.124032
10935.7 0.153519
10951.6 0.194281
10967.4 0.252283
10983.3 0.337277
10999.2 0.464752
11015.0 0.655560
11037.5 1.04366
11060.0 1.29822
11082.5 1.03819
11105.0 0.650290
11123.8 0.432422
11142.7 0.298143
11161.5 0.214464
11180.3 0.160355
11218.0 0.0982962
11255.7 0.0660248
11293.3 0.0473285
11331.0 0.0356105
11406.3 0.0223786
11481.7 0.0155390
11557.0 0.0116105
11707.7 0.00772781
11858.3 0.00652521
11933.7 0.00675957
12009.0 0.00788546
12084.3 0.0109430
12122.0 0.0141613
12159.6 0.0200502
12197.3 0.0323108
12216.1 0.0440213
12235.0 0.0642735
12253.8 0.103799
12263.2 0.139324
12272.6 0.196915
12282.1 0.299146
12286.8 0.382376
12291.5 0.504166
12296.2 0.691723
12300.9 0.996149
12305.6 1.51843
12310.3 2.43551
12315.2 3.90491
12320.0 4.88501
12324.9 3.89926
12329.7 2.43178
12335.1 1.41560
12340.6 0.885033
12346.0 0.594886
12351.4 0.423938
12356.9 0.316216
12362.3 0.244469
12373.1 0.158353
12384.0 0.110861
12394.9 0.0820176
12416.6 0.0503145
12438.3 0.0342161
12460.0 0.0249396
12481.7 0.0191079
12503.5 0.0152026
12546.9 0.0104458
12590.3 0.00776018
12677.2 0.00497036
12764.1 0.00360426
12850.9 0.00282159
13024.7 0.00198590
13198.4 0.00156720
13372.2 0.00135691
13459.0 0.00133756
13545.9 0.00147824
13632.8 0.00260252
13676.2 0.00730422
13687.1 0.0121604
13697.9 0.0258842
13703.4 0.0448090
13708.8 0.0975927
13711.5 0.169418
13712.9 0.239760
13714.2 0.364136
13715.6 0.621088
13716.3 0.865674
13716.9 1.28040
13717.6 2.09833
13718.0 2.83410
13718.3 4.03005
13718.6 6.15575
13718.8 7.88994
13719.0 10.4388
13719.2 14.3659
13719.3 20.7542
13719.5 31.7285
13719.7 49.5497
13719.8 80.1871
13720.0 99.1073
13720.2 78.3736
13720.4 49.5490
13720.5 33.4786
13720.6 23.3718
13720.8 16.9687
13720.9 12.7705
13721.2 7.89044
13721.5 5.38618
13721.7 3.85446
13722.0 2.91717
13722.6 1.81927
13723.1 1.24036
13723.7 0.898987
13724.8 0.533881
13725.9 0.353240
13727.0 0.250952
13729.2 0.145448
13733.6 0.0668489
13738.0 0.0385403
13746.8 0.0178749
13755.6 0.0105309
13790.8 0.00333807
13861.3 0.00148524
13931.7 0.00111326
14002.2 0.000964076
14284.0 0.000752077
14847.7 0.000600728
15975.1 0.000472734
17102.4 0.000417287
17666.1 0.000405907
17947.9 0.000410479
18088.8 0.000438091
18159.3 0.000546980
18194.5 0.000976692
18212.1 0.00266571
18221.0 0.00921087
18225.4 0.0337009
18227.6 0.119518
18228.7 0.384216
18229.2 1.03393
18229.5 2.19515
18229.6 3.55767
18229.8 6.16462
18229.9 9.89580
18230.0 12.3290
18230.1 9.89584
18230.2 6.16468
18230.4 3.42771
18230.5 2.12732
18230.8 1.01069
18231.4 0.368229
18232.5 0.113958
18234.8 0.0320589
18239.3 0.00874847
18248.4 0.00254703
18266.5 0.000948289
18302.7 0.000542898
18375.1 0.000443050
18520.0 0.000425709
18809.8 0.000463873
18954.7 0.000527208
19099.6 0.000709345
19172.0 0.000963403
19244.5 0.00168553
19280.7 0.00269130
19316.9 0.00554426
19335.0 0.00950225
19353.1 0.0206517
19362.2 0.0359907
19366.7 0.0511727
19371.2 0.0785334
19375.8 0.136002
19378.0 0.192100
19380.3 0.291162
19382.6 0.493754
19383.7 0.683851
19384.8 1.00853
19385.9 1.63103
19386.5 2.18688
19387.1 3.05742
19387.6 4.58997
19388.2 7.49123
19388.5 10.1295
19388.8 14.0979
19389.1 20.4820
19389.3 30.8705
19389.7 49.8050
19390.0 61.9803
19390.3 49.2083
19390.7 30.8695
19391.0 19.9144
19391.3 13.4130
19391.6 9.48658
19391.9 7.00342
19392.5 4.21783
19393.1 2.81507
19393.7 1.99516
19394.3 1.49219
19395.4 0.919562
19396.6 0.622247
19397.8 0.448665
19400.2 0.264681
19402.6 0.174403
19405.0 0.123549
19409.7 0.0713377
19414.5 0.0464541
19419.2 0.0326890
19428.8 0.0187811
19447.8 0.00866772
19466.8 0.00507848
19543.0 0.00158145
19695.3 0.000705735
20000.0 0.000516818
20308.7 0.000554759
20463.0 0.000628119
20617.4 0.000774847
20771.7 0.00110056
20848.9 0.00142924
20926.1 0.00203170
20964.7 0.00254071
21003.2 0.00331891
21041.8 0.00459584
21080.4 0.00690730
21099.7 0.00884079
21119.0 0.0117683
21138.3 0.0165107
21157.6 0.0249446
21167.2 0.0318746
21176.9 0.0421924
21186.5 0.0585174
21196.2 0.0865368
21205.8 0.140817
21210.6 0.189187
21215.5 0.267089
21220.3 0.404092
21225.1 0.674087
21227.5 0.916365
21229.9 1.30204
21232.3 1.94629
21234.7 3.04318
21237.4 4.87100
21240.0 6.08914
21242.6 4.86887
21245.3 3.04179
21248.0 1.83273
21250.8 1.17329
21253.5 0.800842
21256.3 0.576469
21259.0 0.432855
21261.8 0.336113
21267.3 0.218841
21272.8 0.153321
21278.3 0.113259
21289.2 0.0689976
21300.2 0.0463934
21311.2 0.0333551
21322.2 0.0251501
21333.2 0.0196649
21355.2 0.0130082
21377.2 0.00927920
21399.2 0.00698276
21421.2 0.00546963
21465.2 0.00366092
21509.1 0.00266284
21553.1 0.00205410
21597.1 0.00165573
21685.0 0.00118286
21773.0 0.000923439
21948.9 0.000662702
22124.8 0.000540395
22300.7 0.000473144
22652.5 0.000405204
23356.1 0.000356334
23707.9 0.000350544
23883.8 0.000366806
23971.8 0.000445311
24015.8 0.000763123
24037.8 0.00202054
24048.8 0.00691419
24054.3 0.0254804
24057.0 0.0922322
24058.4 0.306451
24059.1 0.879153
24059.4 1.96375
24059.6 3.34357
24059.7 6.49450
24059.9 10.2640
24060.0 12.9632
24060.1 10.2640
24060.3 6.46897
24060.4 3.71482
24060.5 2.34119
24060.8 1.10637
24061.4 0.411861
24062.6 0.127196
24064.9 0.0356571
24069.5 0.00965982
24078.7 0.00273206
24097.1 0.000943672
24133.8 0.000488883
24207.4 0.000373322
24354.6 0.000342787
24648.9 0.000332923
25237.6 0.000328377
26415.0 0.000329177
27592.3 0.000337488
28181.0 0.000347369
28475.3 0.000366987
28622.5 0.000433243
28696.1 0.000690357
28732.9 0.00170410
28751.3 0.00566921
28760.5 0.0208381
28765.1 0.0763243
28767.4 0.262020
28768.5 0.786838
28769.1 1.88225
28769.4 3.47134
28769.6 7.22092
28769.8 11.5533
28770.0 14.4416
28770.2 11.5534
28770.4 7.22098
28770.5 4.67932
28770.7 3.16182
28771.0 1.65722
28771.6 0.664233
28772.9 0.216576
28775.5 0.0626359
28780.6 0.0170531
28790.8 0.00468001
28811.2 0.00145222
28852.1 0.000628874
28933.8 0.000421811
29097.2 0.000371936
29424.0 0.000364265
30077.6 0.000374011
31384.9 0.000411160
32692.2 0.000484445
33345.8 0.000574372
33672.6 0.000713470
33836.0 0.000995469
33917.7 0.00165509
33958.6 0.00344580
33979.0 0.00931655
33989.2 0.0302809
33994.3 0.103047
33996.9 0.325602
33998.1 0.869484
33998.8 1.80176
33999.1 2.85853
33999.4 4.78593
33999.7 7.68860
34000.0 9.56146
34000.3 7.68866
34000.6 4.77789
34001.0 2.56794
34001.4 1.52456
34002.1 0.684246
34003.7 0.243951
34006.7 0.0751824
34012.9 0.0228737
34025.1 0.00899639
34049.7 0.00888065
34062.0 0.0135446
34074.2 0.0274026
34080.4 0.0461427
34083.5 0.0642269
34086.5 0.0959311
34089.6 0.159203
34091.1 0.217763
34092.7 0.314856
34094.2 0.495726
34095.0 0.649845
34095.7 0.882658
34096.5 1.26728
34097.3 1.93665
34098.0 3.25014
34098.4 4.35127
34098.8 5.93223
34099.4 9.52305
34100.0 11.8647
34100.6 9.45979
34101.2 5.93190
34101.8 3.80797
34102.3 2.57218
34102.8 1.82330
34103.4 1.34841
34104.5 0.810804
34105.6 0.539217
34106.6 0.382233
34107.7 0.285407
34109.9 0.176276
34112.1 0.119396
34114.2 0.0863657
34118.5 0.0512723
34127.2 0.0243619
34135.9 0.0144022
34153.2 0.00701885
34170.5 0.00435513
34205.2 0.00241504
34239.8 0.00173195
34378.4 0.00113706
34517.0 0.00116831
34655.5 0.00141480
34794.1 0.00200690
34863.4 0.00260221
34932.7 0.00368019
34967.3 0.00458011
35002.0 0.00594055
35036.6 0.00814021
35071.3 0.0120395
35088.6 0.0152346
35105.9 0.0199755
35123.2 0.0274476
35140.6 0.0402194
35157.9 0.0647361
35166.5 0.0864174
35175.2 0.121029
35183.9 0.180943
35192.5 0.296746
35196.9 0.398375
35201.2 0.556507
35205.5 0.812720
35209.8 1.23300
35214.9 1.97334
35220.0 2.46665
35225.1 1.97074
35230.2 1.23110
35233.9 0.859892
35237.6 0.616724
35241.3 0.457105
35245.0 0.349729
35252.4 0.221016
35259.8 0.151191
35267.2 0.109550
35274.7 0.0829476
35289.5 0.0522469
35304.3 0.0359346
35319.1 0.0262800
35333.9 0.0201011
35348.8 0.0159124
35378.4 0.0107637
35408.1 0.00784323
35437.7 0.00603011
35467.4 0.00482902
35497.0 0.00399271
35526.7 0.00338784
35585.9 0.00259181
35645.2 0.00210836
35704.5 0.00179489
35823.1 0.00143175
35941.7 0.00124435
36060.3 0.00114255
36178.9 0.00108838
36416.1 0.00105949
36653.2 0.00109455
36890.4 0.00117779
37127.6 0.00131196
37364.8 0.00151382
37602.0 0.00181987
37839.1 0.00230521
38076.3 0.00313644
38194.9 0.00379403
38313.5 0.00473923
38432.1 0.00616743
38550.7 0.00847040
38669.2 0.0125245
38728.5 0.0158039
38787.8 0.0205862
38847.1 0.0278860
38906.4 0.0396175
38965.7 0.0594752
39025.0 0.0938254
39087.5 0.149305
39150.0 0.185880
39212.5 0.148706
39275.0 0.0932657
39321.8 0.0648175
39368.6 0.0463677
39415.4 0.0343633
39462.2 0.0263321
39555.8 0.0168046
39649.4 0.0116876
39742.9 0.00866441
39836.5 0.00674599
40023.7 0.00456312
40210.9 0.00343732
40398.1 0.00280368
40585.2 0.00243471
40772.4 0.00222783
40959.6 0.00213563
41146.8 0.00214124
41333.9 0.00225260
41521.1 0.00251314
41708.3 0.00305200
41895.5 0.00432347
41989.0 0.00578920
42035.8 0.00709128
42082.6 0.00924687
42129.4 0.0133237
42152.8 0.0169501
42176.2 0.0228503
42199.6 0.0334824
42211.3 0.0423316
42223.0 0.0556304
42234.7 0.0768508
42246.4 0.113185
42258.1 0.180581
42269.8 0.312087
42279.9 0.497018
42290.0 0.620365
42300.1 0.496883
42310.2 0.312396
42317.9 0.216384
42325.7 0.154872
42333.4 0.115291
42341.1 0.0890455
42356.6 0.0582627
42372.0 0.0420002
42387.5 0.0325775
42402.9 0.0267716
42433.9 0.0206149
42464.8 0.0180724
42495.7 0.0174040
42557.5 0.0196942
42619.3 0.0272354
42650.2 0.0343479
42681.2 0.0456562
42712.1 0.0646618
42743.0 0.0992633
42758.4 0.127712
42773.9 0.169141
42789.4 0.230881
42804.8 0.322655
42827.4 0.515825
42850.0 0.644445
42872.6 0.514710
42895.2 0.321765
42919.9 0.190429
42944.6 0.120791
42969.3 0.0822490
42993.9 0.0593491
43018.6 0.0448315
43043.3 0.0351191
43092.7 0.0234107
43142.0 0.0169285
43191.4 0.0129881
43240.7 0.0104250
43290.1 0.00867249
43388.8 0.00652119
43487.6 0.00533853
43586.3 0.00466901
43685.0 0.00431808
43882.5 0.00432203
43981.2 0.00472828
44079.9 0.00561570
44178.6 0.00752211
44228.0 0.00930113
44277.4 0.0122520
44326.7 0.0176139
44351.4 0.0220737
44376.1 0.0287508
44400.8 0.0392981
44425.4 0.0570725
44450.1 0.0892226
44474.8 0.149859
44497.4 0.238845
44520.0 0.298112
44542.6 0.238401
44565.2 0.149565
44587.0 0.0943583
44608.8 0.0628844
44630.6 0.0444610
44652.4 0.0330836
44696.0 0.0206019
44739.6 0.0143750
44783.2 0.0108638
44826.7 0.00870474
44913.9 0.00631886
45001.1 0.00512079
45088.3 0.00445555
45262.6 0.00383769
45611.3 0.00367110
45960.1 0.00409513
46308.8 0.00500717
46657.5 0.00678940
46831.8 0.00849024
47006.2 0.0119261
47093.4 0.0155781
47180.6 0.0235043
47224.1 0.0318527
47267.7 0.0482735
47289.5 0.0631234
47311.3 0.0870593
47333.1 0.127879
47354.9 0.199349
47377.5 0.313818
47400.0 0.390078
47422.6 0.313472
47445.2 0.199495
47460.3 0.146636
47475.3 0.110788
47505.4 0.0698098
47535.5 0.0493749
47565.7 0.0381592
47625.9 0.0273765
47686.1 0.0229382
47806.6 0.0203923
47927.0 0.0209307
48333.5 0.0294482
48740.0 0.0358947
49047.4 0.0327196
49201.2 0.0339710
49239.6 0.0378805
49278.0 0.0490549
49297.2 0.0626760
49316.5 0.0925798
49326.1 0.122369
49335.7 0.175127
49345.3 0.277819
49350.1 0.365171
49354.9 0.491183
49362.4 0.772984
49370.0 0.960414
49377.6 0.771775
49385.1 0.490125
49390.4 0.354323
49395.6 0.263387
49406.1 0.160868
49416.6 0.110086
49427.1 0.0819955
49448.1 0.0539357
49469.1 0.0409028
49511.0 0.0292584
49553.0 0.0240545
49664.8 0.0179675
49776.5 0.0149238
50000.0 0.0112104
50354.1 0.00778854
50708.1 0.00578025
51062.2 0.00451441
51416.2 0.00367790
52124.3 0.00270403
52832.4 0.00221521
53540.6 0.00197677
54248.7 0.00189793
54956.8 0.00199879
55310.8 0.00239214
55399.4 0.00276548
55487.9 0.00378532
55532.1 0.00516032
55554.3 0.00650424
55576.4 0.00890214
55598.5 0.0138408
55609.6 0.0185577
55620.6 0.0267368
55631.7 0.0428369
55637.2 0.0574375
55642.8 0.0813979
55648.3 0.124611
55651.1 0.160484
55653.8 0.213829
55656.6 0.298099
55659.4 0.438900
55662.1 0.692779
55664.9 1.16526
55667.4 1.86247
55670.0 2.32679
55672.6 1.85926
55675.1 1.16278
55677.1 0.803900
55679.0 0.572870
55680.9 0.422665
55682.8 0.322157
55686.7 0.202647
55690.5 0.138551
55694.4 0.100485
55698.2 0.0762902
55705.9 0.0484606
55713.6 0.0337137
55721.3 0.0250015
55736.6 0.0156735
55752.0 0.0110493
55767.4 0.00843155
55798.1 0.00573233
55828.9 0.00444304
55859.6 0.00373151
55921.1 0.00301913
56044.1 0.00252436
56167.1 0.00237848
56413.0 0.00237920
56536.0 0.00260779
56597.5 0.00344733
56628.3 0.00663304
56643.6 0.0184126
56651.3 0.0589360
56655.2 0.179201
56657.1 0.455788
56658.0 0.894540
56659.0 2.16217
56660.0 4.32204
56661.0 2.16220
56661.6 1.17313
56662.3 0.704420
56663.5 0.323271
56666.1 0.117243
56671.1 0.0371434
56681.2 0.0119673
56701.4 0.00489562
56741.8 0.00303443
56822.5 0.00258267
56984.0 0.00253239
57307.0 0.00268355
57629.9 0.00291495
57952.9 0.00322618
58275.9 0.00367246
58598.9 0.00446326
58760.3 0.00526332
58921.8 0.00710159
59002.6 0.00931841
59043.0 0.0113486
59083.3 0.0147623
59123.7 0.0212147
59143.9 0.0268563
59164.1 0.0357683
59184.3 0.0510028
59204.4 0.0798774
59214.5 0.104759
59224.6 0.142706
59234.7 0.202680
59244.8 0.298222
59257.4 0.475254
59270.0 0.593404
59282.6 0.474929
59295.2 0.298064
59309.0 0.177213
59322.8 0.113308
59336.7 0.0779985
59350.5 0.0570805
59364.3 0.0438372
59378.1 0.0350022
59405.7 0.0243802
59433.4 0.0185290
59461.0 0.0149908
59516.2 0.0111488
59626.7 0.00821795
59737.3 0.00725829
60179.3 0.00721923
60621.4 0.00867843
60842.4 0.0100352
60952.9 0.0121159
60980.5 0.0137473
61008.2 0.0177736
61022.0 0.0226762
61028.9 0.0270836
61035.8 0.0342583
61042.7 0.0471227
61049.6 0.0733842
61053.1 0.0979683
61056.5 0.138671
61060.0 0.210716
61063.4 0.342755
61066.7 0.542177
61070.0 0.675115
61073.3 0.542109
61076.6 0.342757
61079.5 0.226572
61082.4 0.156937
61085.3 0.114561
61088.2 0.0876168
61094.1 0.0572426
61099.9 0.0416951
61105.7 0.0327823
61111.5 0.0272347
61123.2 0.0210188
61146.4 0.0159832
61169.7 0.0141011
61262.8 0.0125462
61449.0 0.0132066
61886.8 0.0164874
62324.5 0.0203513
63200.0 0.0248691
63637.8 0.0231873
64075.5 0.0195953
64951.0 0.0122423
65723.2 0.00803349
66495.4 0.00555490
67267.6 0.00419952
67653.6 0.00422481
67750.2 0.00464111
67846.7 0.00596040
67895.0 0.00778603
67919.1 0.00955482
67943.2 0.0126532
67967.3 0.0188083
67979.4 0.0244487
67991.5 0.0337838
68003.5 0.0508651
68009.6 0.0652008
68015.6 0.0868913
68021.6 0.121749
68027.7 0.181725
68033.7 0.293783
68039.7 0.514583
68044.9 0.821925
68050.0 1.02625
68055.1 0.821061
68060.3 0.514426
68063.7 0.372057
68067.1 0.274909
68073.9 0.163007
68080.7 0.106349
68087.5 0.0747227
68094.3 0.0554730
68101.0 0.0429999
68114.6 0.0284040
68128.2 0.0205450
68141.8 0.0158534
68169.0 0.0107744
68196.1 0.00823621
68223.3 0.00679281
68277.6 0.00531085
68386.3 0.00429444
68495.0 0.00416428
68603.7 0.00466422
68658.0 0.00532808
68712.4 0.00661601
68766.7 0.00939544
68793.9 0.0121122
68821.1 0.0169061
68848.2 0.0265285
68861.8 0.0354409
68875.4 0.0503638
68889.0 0.0781484
68895.8 0.101897
68902.6 0.138500
68909.4 0.198852
68916.2 0.306720
68923.0 0.520157
68926.4 0.705569
68929.7 0.976422
68934.9 1.56123
68940.0 1.95102
68945.1 1.56080
68950.3 0.976124
68954.0 0.685332
68957.7 0.494184
68961.3 0.367976
68965.0 0.282491
68972.4 0.179748
68979.8 0.123777
68987.2 0.0903413
68994.6 0.0689044
69009.3 0.0441176
69024.1 0.0309208
69038.8 0.0230972
69068.4 0.0146769
69097.9 0.0104797
69127.4 0.00808826
69186.5 0.00559647
69245.5 0.00438204
69304.5 0.00369278
69422.6 0.00296433
69658.8 0.00237184
69895.0 0.00212547
70367.4 0.00213041
70485.5 0.00239625
70603.6 0.00323421
70662.6 0.00440201
70692.1 0.00554294
70721.7 0.00756136
70751.2 0.0116368
70765.9 0.0154330
70780.7 0.0218399
70795.5 0.0338921
70802.8 0.0443216
70810.2 0.0605944
70817.6 0.0878442
70825.0 0.137883
70828.7 0.179527
70832.4 0.241018
70836.1 0.334160
70839.7 0.475386
70844.9 0.759901
70850.0 0.949540
70855.1 0.759701
70860.3 0.475247
70864.5 0.317582
70868.7 0.220155
70873.0 0.159066
70877.2 0.119498
70885.7 0.0738845
70894.1 0.0500756
70902.6 0.0362146
70911.1 0.0275027
70928.0 0.0176002
70944.9 0.0124161
70961.9 0.00937537
70995.7 0.00613379
71029.6 0.00453146
71063.5 0.00362259
71131.2 0.00267797
71266.6 0.00195385
71402.1 0.00167123
71943.9 0.00130913
73027.5 0.00110423
74111.2 0.00117094
74382.1 0.00134118
74653.0 0.00184892
74788.5 0.00254198
74856.2 0.00321373
74923.9 0.00439522
74991.6 0.00676415
75025.5 0.00895738
75059.4 0.0126356
75093.2 0.0194934
75110.2 0.0253699
75127.1 0.0344489
75144.0 0.0494413
75160.9 0.0764021
75177.9 0.130172
75186.3 0.177203
75194.8 0.246496
75207.4 0.394351
75220.0 0.492980
75232.6 0.394110
75245.2 0.246334
75258.9 0.146046
75272.5 0.0925927
75286.2 0.0629196
75299.9 0.0452577
75313.6 0.0340488
75327.2 0.0265451
75354.6 0.0174965
75381.9 0.0124810
75409.2 0.00942681
75463.9 0.00606416
75518.6 0.00435598
75573.3 0.00337413
75682.6 0.00235179
75792.0 0.00186499
75901.3 0.00160464
76120.0 0.00138654
76338.7 0.00139815
76557.4 0.00172231
76666.8 0.00221741
76721.4 0.00270057
76776.1 0.00354473
76830.8 0.00521041
76858.1 0.00672396
76885.5 0.00920862
76912.8 0.0136953
76926.5 0.0174154
76940.1 0.0229729
76953.8 0.0317313
76967.5 0.0464485
76981.1 0.0729644
76994.8 0.122664
77007.4 0.195891
77020.0 0.244734
77032.6 0.195778
77045.2 0.122593
77055.0 0.0840773
77064.7 0.0595449
77074.5 0.0438112
77084.3 0.0333958
77103.8 0.0211661
77123.3 0.0146615
77142.8 0.0108343
77162.4 0.00840983
77201.4 0.00563994
77240.5 0.00418808
77279.5 0.00334035
77357.6 0.00245719
77435.7 0.00205442
77513.8 0.00186854
77670.0 0.00184091
77826.2 0.00222348
77904.3 0.00268170
77982.4 0.00353350
78060.5 0.00529671
78099.6 0.00695967
78138.6 0.00979039
78177.7 0.0151735
78197.2 0.0198829
78216.7 0.0273062
78236.2 0.0399343
78255.8 0.0636533
78265.5 0.0838885
78275.3 0.114435
78285.0 0.162072
78294.8 0.236768
78307.4 0.378763
78320.0 0.473481
78332.6 0.378537
78345.2 0.236612
78354.6 0.163943
78364.1 0.116934
78373.5 0.0863779
78382.9 0.0659352
78401.8 0.0416675
78420.7 0.0286196
78439.5 0.0208848
78458.4 0.0159567
78496.1 0.0102880
78533.9 0.00728737
78571.6 0.00551334
78647.0 0.00361148
78722.5 0.00266839
78798.0 0.00213426
78948.9 0.00158603
79250.7 0.00119686
79552.5 0.00109851
79854.3 0.00113437
80156.2 0.00135772
80307.1 0.00166442
80382.5 0.00195632
80458.0 0.00246748
80533.5 0.00350932
80571.2 0.00450752
80608.9 0.00626385
80646.6 0.00982594
80665.5 0.0131848
80684.4 0.0189433
80703.2 0.0300856
80712.7 0.0400215
80722.1 0.0560372
80731.5 0.0841679
80741.0 0.139824
80745.7 0.189969
80750.4 0.269849
80755.1 0.404099
80759.8 0.633249
80764.9 1.01267
80770.0 1.26478
80775.1 1.01166
80780.2 0.632506
80783.4 0.466565
80786.5 0.350607
80792.8 0.212148
80799.1 0.139755
80805.4 0.0984367
80811.6 0.0729019
80817.9 0.0561819
80830.5 0.0364063
80843.1 0.0256658
80855.6 0.0192249
80880.8 0.0122403
80905.9 0.00876019
80931.1 0.00680316
80981.4 0.00485519
81031.7 0.00403917
81081.9 0.00372972
81182.5 0.00394366
81283.1 0.00521667
81333.4 0.00653550
81383.7 0.00879658
81434.0 0.0130594
81459.1 0.0167628
81484.3 0.0226033
81509.4 0.0326583
81534.6 0.0522653
81547.1 0.0699030
81559.7 0.0982822
81572.3 0.146831
81584.8 0.232606
81597.4 0.365966
81603.7 0.429168
81610.0 0.456861
81622.6 0.375370
81635.2 0.253186
81642.6 0.204611
81650.1 0.173816
81657.6 0.157116
81665.0 0.151996
81672.5 0.157620
81679.9 0.174890
81687.4 0.206388
81694.8 0.255795
81707.4 0.380013
81720.0 0.462437
81726.3 0.434205
81732.6 0.370109
81745.2 0.235109
81760.6 0.134467
81776.1 0.0842138
81791.6 0.0573982
81807.0 0.0417377
81828.2 0.0291051
81849.3 0.0216164
81891.6 0.0135154
81934.0 0.00942315
81976.3 0.00705412
82060.9 0.00453732
82145.5 0.00328791
82230.2 0.00257435
82314.8 0.00212770
82484.1 0.00162066
82822.6 0.00120274
83161.1 0.00105154
83838.1 0.00104988
84007.4 0.00115046
84176.7 0.00145216
84261.3 0.00187234
84345.9 0.00304732
84388.2 0.00464602
84409.4 0.00621324
84430.6 0.00901413
84451.7 0.0147917
84462.3 0.0203130
84472.9 0.0299061
84483.5 0.0487998
84488.7 0.0659749
84494.0 0.0942138
84499.3 0.145287
84502.0 0.187813
84504.6 0.251223
84507.3 0.351804
84509.9 0.520763
84512.5 0.826317
84515.2 1.40233
84517.6 2.24338
84520.0 2.80403
84522.4 2.24316
84524.8 1.40218
84527.3 0.851734
84529.8 0.548570
84532.3 0.376076
84534.7 0.271956
84537.2 0.204742
84539.7 0.159503
84544.6 0.104280
84549.6 0.0733995
84554.5 0.0544759
84564.4 0.0335125
84574.3 0.0227911
84584.2 0.0166027
84604.0 0.0101027
84623.9 0.00693898
84643.7 0.00516761
84683.3 0.00335806
84762.5 0.00202894
84841.7 0.00155663
85000.1 0.00122391
85158.6 0.00111886
85792.3 0.00112883
86109.2 0.00125691
86426.0 0.00157258
86584.5 0.00194979
86663.7 0.00229518
86742.9 0.00288638
86822.1 0.00406666
86861.7 0.00518296
86901.3 0.00713198
86940.9 0.0110624
86960.7 0.0147608
86980.5 0.0211027
87000.4 0.0334022
87010.3 0.0444102
87020.2 0.0622338
87030.1 0.0937627
87040.0 0.156882
87044.9 0.214413
87049.9 0.307515
87054.8 0.466593
87059.8 0.745197
87064.9 1.19173
87070.0 1.48860
87075.1 1.19060
87080.3 0.745121
87085.2 0.464982
87090.2 0.305997
87095.2 0.213202
87100.2 0.155977
87105.2 0.118734
87110.1 0.0933379
87120.1 0.0621421
87130.1 0.0445654
87140.0 0.0337557
87159.9 0.0217868
87179.9 0.0157348
87199.8 0.0123295
87239.6 0.00906996
87279.5 0.00807279
87319.3 0.00870296
87339.2 0.0101183
87359.1 0.0140240
87369.1 0.0191553
87379.1 0.0328977
87384.0 0.0509634
87389.0 0.0983852
87391.5 0.158195
87394.0 0.304191
87395.3 0.472577
87396.5 0.828351
87397.1 1.18190
87397.7 1.79009
87398.4 2.94496
87399.0 5.27228
87399.5 8.43056
87400.0 10.5361
87400.5 8.43048
87401.0 5.27229
87401.4 3.62521
87401.8 2.56753
87402.6 1.43185
87403.4 0.897189
87404.1 0.614156
87405.7 0.336799
87407.2 0.214005
87413.5 0.0696596
87425.9 0.0265834
87450.7 0.0166426
87475.6 0.0176165
87500.4 0.0221418
87525.3 0.0310599
87550.1 0.0487445
87562.5 0.0642498
87575.0 0.0881696
87587.4 0.126436
87599.8 0.188198
87614.9 0.300171
87630.0 0.374806
87645.1 0.299879
87660.2 0.187858
87671.4 0.131011
87682.6 0.0940235
87693.7 0.0698626
87704.9 0.0536338
87727.2 0.0342914
87749.6 0.0238351
87771.9 0.0176164
87794.3 0.0136392
87838.9 0.00904705
87883.6 0.00660340
87928.3 0.00515189
88017.7 0.00358734
88107.0 0.00280812
88196.4 0.00236725
88375.1 0.00192142
88732.6 0.00163774
89090.0 0.00162067
89447.5 0.00175190
89804.9 0.00214238
89983.6 0.00263005
90073.0 0.00308309
90162.4 0.00386104
90251.7 0.00539470
90296.4 0.00680630
90341.1 0.00917521
90385.8 0.0136197
90408.1 0.0174674
90430.4 0.0234840
90452.8 0.0336028
90475.1 0.0523286
90486.3 0.0680455
90497.5 0.0914499
90508.6 0.127286
90519.8 0.182306
90534.9 0.290751
90550.0 0.363056
90565.1 0.290626
90580.2 0.182289
90589.7 0.134009
90599.3 0.100483
90618.4 0.0609977
90637.4 0.0406159
90656.5 0.0290856
90675.6 0.0220292
90694.7 0.0174451
90732.8 0.0121154
90771.0 0.00933123
90809.1 0.00778510
90847.3 0.00694402
90885.4 0.00658147
90961.7 0.00712111
90999.9 0.00827505
91038.0 0.0106395
91076.2 0.0157908
91095.3 0.0207914
91114.3 0.0294987
91123.9 0.0364786
91133.4 0.0466064
91143.0 0.0620678
91152.5 0.0872677
91157.3 0.106277
91162.0 0.132344
91166.8 0.169327
91171.6 0.223996
91176.3 0.308909
91181.1 0.448694
91185.9 0.693253
91190.6 1.13337
91195.3 1.81289
91200.0 2.26452
91204.7 1.81100
91209.4 1.13312
91212.7 0.802747
91216.0 0.582616
91219.2 0.435961
91222.5 0.335914
91229.1 0.214769
91235.7 0.148290
91242.3 0.108384
91248.9 0.0827122
91262.0 0.0529309
91275.2 0.0370336
91288.3 0.0275820
91314.7 0.0173922
91341.0 0.0123080
91367.3 0.00940997
91419.9 0.00639788
91472.6 0.00494236
91525.2 0.00412988
91630.5 0.00330699
91735.8 0.00293006
91841.0 0.00274055
92051.6 0.00261396
92262.1 0.00267668
92472.7 0.00297723
92577.9 0.00337717
92683.2 0.00444110
92735.9 0.00585299
92762.2 0.00722451
92788.5 0.00966313
92814.8 0.0146692
92828.0 0.0194366
92841.1 0.0276943
92854.3 0.0438885
92860.9 0.0585455
92867.4 0.0825337
92874.0 0.125624
92877.3 0.161172
92880.6 0.214010
92883.9 0.296706
92887.2 0.434303
92890.5 0.678699
92893.8 1.12666
92896.9 1.80237
92900.0 2.25088
92903.1 1.79986
92906.3 1.12653
92908.9 0.742786
92911.6 0.509718
92914.3 0.365303
92916.9 0.272835
92922.2 0.167221
92927.6 0.112652
92932.9 0.0810536
92938.2 0.0612627
92948.9 0.0389025
92959.5 0.0272443
92970.2 0.0204327
92991.5 0.0132044
93012.8 0.00965757
93034.1 0.00766567
93076.7 0.00563537
93161.9 0.00418062
93247.1 0.00371556
93417.6 0.00353243
93588.0 0.00371389
93758.5 0.00421568
93843.7 0.00469327
93928.9 0.00550931
94014.1 0.00710547
94056.8 0.00856670
94099.4 0.0110082
94142.0 0.0155619
94163.3 0.0194814
94184.6 0.0255681
94205.9 0.0357150
94227.2 0.0542166
94237.9 0.0695338
94248.5 0.0920021
94259.2 0.125793
94269.8 0.176622
94284.9 0.280740
94300.0 0.350157
94315.1 0.280605
94330.2 0.176565
94343.0 0.117923
94355.7 0.0820705
94368.5 0.0598552
94381.3 0.0455559
94406.8 0.0292216
94432.3 0.0207604
94457.9 0.0158747
94483.4 0.0128198
94534.4 0.00938384
94636.6 0.00660581
94738.7 0.00558511
94942.9 0.00495400
95147.2 0.00489605
95555.6 0.00527265
95964.1 0.00593828
96781.1 0.00791917
97598.0 0.0109232
98522.4 0.0156820
98984.6 0.0183108
99215.8 0.0197705
99331.3 0.0215573
99389.1 0.0266464
99403.5 0.0314292
99418.0 0.0438930
99425.2 0.0595047
99428.8 0.0737424
99432.4 0.0972451
99436.0 0.140022
99437.8 0.175916
99439.6 0.229708
99441.4 0.315996
99443.2 0.462653
99445.1 0.735077
99446.9 1.26033
99448.4 2.00699
99450.0 2.50054
99451.6 2.00185
99453.2 1.26028
99454.2 0.907639
99455.3 0.669431
99457.4 0.398112
99459.6 0.262705
99461.7 0.187904
99463.8 0.142441
99466.0 0.113179
99470.2 0.0789697
99474.5 0.0605996
99478.8 0.0496863
99487.3 0.0379098
99504.4 0.0287106
99521.5 0.0252836
99589.9 0.0219276
99726.6 0.0212834
100000 0.0212424
100745 0.0193008
101117 0.0179693
101304 0.0192096
101350 0.0211733
101397 0.0267458
101420 0.0339557
101432 0.0406289
101443 0.0515999
101455 0.0718190
101467 0.113937
101472 0.154248
101478 0.222976
101484 0.349375
101490 0.592966
101495 0.938465
101500 1.16818
101505 0.938242
101510 0.592738
101514 0.427305
101517 0.315884
101524 0.189459
101531 0.126605
101538 0.0922147
101545 0.0710852
101552 0.0576033
101566 0.0417133
101580 0.0331565
101594 0.0280244
101622 0.0224106
101677 0.0178268
101733 0.0159153
101955 0.0131071
102400 0.0105913
103196 0.00765870
103991 0.00581047
104787 0.00502776
104986 0.00526157
105184 0.00631134
105284 0.00786775
105334 0.00940106
105383 0.0121163
105433 0.0175844
105458 0.0226758
105483 0.0312036
105508 0.0472318
105520 0.0609786
105532 0.0822960
105545 0.118060
105557 0.182558
105564 0.235586
105570 0.312987
105576 0.428540
105582 0.600878
105591 0.960513
105600 1.19632
105609 0.955983
105618 0.600711
105624 0.435337
105630 0.323795
105641 0.192979
105653 0.126432
105665 0.0893317
105676 0.0664920
105688 0.0516573
105711 0.0343534
105735 0.0250079
105758 0.0194674
105805 0.0135217
105851 0.0106522
105898 0.00914722
105992 0.00809005
106085 0.00874619
106132 0.00988759
106178 0.0120438
106225 0.0162667
106248 0.0199505
106272 0.0256413
106295 0.0350884
106318 0.0519693
106342 0.0854098
106353 0.114570
106365 0.156905
106383 0.247611
106400 0.307711
106418 0.247606
106435 0.157091
106456 0.0898465
106478 0.0566046
106499 0.0392516
106521 0.0294588
106563 0.0199951
106606 0.0166852
106649 0.0170754
106692 0.0226156
106713 0.0298259
106735 0.0448482
106745 0.0586742
106756 0.0810369
106767 0.119028
106777 0.184097
106789 0.291740
106800 0.362725
106811 0.290383
106823 0.183544
106831 0.127561
106840 0.0919990
106849 0.0687581
106857 0.0534620
106875 0.0352605
106892 0.0255415
106909 0.0197506
106926 0.0160838
106961 0.0118763
106995 0.00970926
107030 0.00852639
107099 0.00770785
107168 0.00844057
107202 0.00962391
107237 0.0118652
107271 0.0162952
107289 0.0201957
107306 0.0262545
107323 0.0364141
107340 0.0547415
107358 0.0919220
107366 0.124558
107375 0.173015
107387 0.275024
107400 0.343070
107413 0.274845
107425 0.172809
107439 0.104513
107452 0.0676502
107465 0.0469873
107479 0.0346737
107505 0.0214500
107532 0.0149945
107559 0.0113931
107586 0.00918791
107639 0.00674890
107746 0.00482977
107853 0.00425299
107960 0.00436439
108066 0.00555501
108120 0.00730648
108146 0.00896972
108173 0.0117838
108200 0.0170492
108213 0.0215850
108227 0.0285336
108240 0.0400733
108253 0.0605878
108267 0.101554
108273 0.137183
108280 0.188532
108290 0.300316
108300 0.373644
108310 0.299028
108320 0.187524
108328 0.126720
108337 0.0891662
108345 0.0654103
108353 0.0498472
108369 0.0317666
108385 0.0222355
108401 0.0166361
108418 0.0131262
108450 0.00912786
108483 0.00703091
108515 0.00581218
108580 0.00454550
108709 0.00373179
108839 0.00379527
108969 0.00459687
109034 0.00549186
109099 0.00708377
109164 0.0101860
109196 0.0129190
109228 0.0172431
109261 0.0246383
109293 0.0385176
109309 0.0503483
109326 0.0682260
109342 0.0961141
109358 0.139885
109379 0.223766
109400 0.279996
109421 0.223588
109442 0.139733
109458 0.0959917
109474 0.0682514
109491 0.0503243
109507 0.0385150
109539 0.0245761
109571 0.0171555
109603 0.0127623
109636 0.00996893
109700 0.00676295
109765 0.00505851
109829 0.00404622
109958 0.00294451
110217 0.00205049
110475 0.00168402
110991 0.00136676
111508 0.00123675
112024 0.00121464
112540 0.00138083
112799 0.00167892
112928 0.00198541
113057 0.00254273
113186 0.00370317
113251 0.00481915
113315 0.00676414
113380 0.0106292
113412 0.0141732
113444 0.0200327
113476 0.0308092
113493 0.0399317
113509 0.0537102
113525 0.0760890
113541 0.114749
113549 0.145391
113557 0.187804
113565 0.248858
113573 0.334089
113573 0.335337
113574 0.339109
113574 0.341647
113574 0.346779
113575 0.357266
113577 0.380521
113580 0.429155
113587 0.536235
113600 0.668512
113613 0.534439
113627 0.333948
113636 0.240009
113645 0.176324
113663 0.103727
113681 0.0671985
113699 0.0468382
113717 0.0344351
113734 0.0264529
113770 0.0171315
113806 0.0121206
113842 0.00914922
113914 0.00596333
113985 0.00441061
114057 0.00357844
114200 0.00291388
114343 0.00307353
114415 0.00353169
114487 0.00448130
114558 0.00652527
114594 0.00846002
114630 0.0117323
114666 0.0178825
114684 0.0231526
114702 0.0312988
114720 0.0447495
114738 0.0689177
114755 0.117026
114764 0.159260
114773 0.220708
114787 0.352735
114800 0.439669
114813 0.351522
114827 0.219756
114835 0.161451
114844 0.120852
114860 0.0728553
114877 0.0479629
114894 0.0338107
114911 0.0251094
114928 0.0194151
114961 0.0126968
114995 0.00905047
115028 0.00685767
115096 0.00446635
115163 0.00325850
115230 0.00256353
115364 0.00183476
115499 0.00148126
115633 0.00128858
115902 0.00112598
116170 0.00115290
116439 0.00148828
116574 0.00200979
116641 0.00252847
116708 0.00344996
116775 0.00531756
116809 0.00705946
116842 0.0100001
116876 0.0155317
116893 0.0203172
116909 0.0277813
116926 0.0402727
116943 0.0631871
116951 0.0822354
116960 0.110329
116968 0.152811
116977 0.216158
116988 0.346400
117000 0.432320
117012 0.345095
117024 0.216068
117034 0.138202
117045 0.0925657
117056 0.0652875
117067 0.0481691
117088 0.0291095
117110 0.0194598
117132 0.0139604
117153 0.0105466
117196 0.00671857
117240 0.00473918
117283 0.00358614
117369 0.00236562
117456 0.00176686
117542 0.00142947
117715 0.00108402
118060 0.000839352
118406 0.000784693
118751 0.000833102
119097 0.00104614
119270 0.00131284
119442 0.00192484
119529 0.00261738
119572 0.00322598
119615 0.00422934
119658 0.00613698
119680 0.00786179
119702 0.0107427
119723 0.0161822
119734 0.0209606
119745 0.0285809
119756 0.0418112
119766 0.0676134
119772 0.0905186
119777 0.126607
119783 0.186080
119788 0.283315
119794 0.452596
119800 0.565899
119806 0.452688
119812 0.283606
119818 0.185149
119823 0.126414
119828 0.0908085
119834 0.0685846
119844 0.0432711
119855 0.0303901
119866 0.0230994
119877 0.0186626
119898 0.0139817
119919 0.0119894
119941 0.0113463
119984 0.0124514
120027 0.0165888
120069 0.0260191
120091 0.0348866
120112 0.0492346
120134 0.0736663
120155 0.116080
120178 0.184524
120200 0.229871
120223 0.184280
120245 0.115750
120262 0.0808894
120278 0.0580869
120295 0.0431461
120311 0.0330878
120345 0.0210725
120378 0.0145622
120411 0.0106836
120444 0.00819942
120511 0.00532902
120577 0.00379485
120643 0.00288232
120776 0.00189280
120909 0.00139448
121041 0.00110791
121307 0.000805588
121838 0.000571119
122369 0.000484113
122900 0.000451454
123430 0.000469411
123961 0.000704629
124227 0.00168232
124293 0.00266768
124360 0.00535613
124393 0.00891185
124409 0.0123065
124426 0.0181973
124443 0.0297761
124451 0.0402779
124459 0.0575015
124467 0.0885324
124472 0.114579
124476 0.152474
124480 0.213500
124484 0.313071
124488 0.489757
124492 0.814573
124496 1.30295
124500 1.62839
124504 1.30281
124508 0.814476
124512 0.489717
124516 0.313059
124520 0.213501
124524 0.154775
124528 0.116098
124532 0.0900965
124540 0.0588827
124549 0.0412528
124557 0.0306035
124573 0.0187378
124589 0.0126844
124606 0.00918971
124638 0.00552275
124671 0.00373987
124703 0.00274119
124769 0.00172178
124899 0.000969209
125029 0.000699233
125290 0.000503076
125551 0.000434567
126072 0.000392319
126593 0.000396225
127115 0.000441174
127636 0.000592125
127897 0.000804390
128027 0.00101458
128157 0.00139325
128288 0.00218469
128353 0.00295191
128418 0.00430402
128483 0.00703964
128516 0.00959717
128548 0.0139160
128581 0.0221188
128597 0.0292738
128614 0.0405318
128630 0.0596137
128646 0.0953067
128654 0.125802
128662 0.171093
128671 0.241092
128679 0.349726
128689 0.560108
128700 0.700575
128711 0.559943
128721 0.349613
128729 0.247564
128736 0.179578
128744 0.134283
128751 0.103379
128766 0.0659517
128781 0.0454091
128796 0.0330767
128811 0.0251429
128841 0.0159402
128871 0.0110296
128901 0.00811193
128961 0.00497408
129021 0.00340928
129081 0.00252070
129201 0.00160373
129321 0.00116567
129441 0.000925051
129681 0.000688101
130161 0.000543247
130641 0.000544081
131120 0.000641700
131360 0.000747517
131600 0.000931080
131840 0.00128554
131960 0.00160622
132080 0.00214213
132200 0.00316869
132260 0.00409472
132320 0.00562543
132380 0.00846969
132410 0.0109177
132440 0.0147347
132470 0.0211448
132500 0.0330101
132515 0.0429830
132530 0.0578616
132545 0.0807005
132560 0.115573
132580 0.184088
132600 0.229726
132620 0.184105
132640 0.115740
132652 0.0862490
132665 0.0656021
132689 0.0407516
132713 0.0276106
132737 0.0201302
132762 0.0155259
132786 0.0125618
132834 0.00919087
132883 0.00757065
132931 0.00684925
133028 0.00697805
133125 0.00895539
133174 0.0109553
133222 0.0141319
133271 0.0193450
133319 0.0284059
133368 0.0453342
133392 0.0591403
133416 0.0784006
133458 0.125165
133500 0.156353
133542 0.124938
133584 0.0781302
133623 0.0500598
133661 0.0336140
133700 0.0237806
133738 0.0176177
133815 0.0107296
133893 0.00722926
133970 0.00522404
134047 0.00397555
134201 0.00256565
134355 0.00182865
134510 0.00139521
134818 0.000930032
135126 0.000697702
135435 0.000564903
136052 0.000426689
137286 0.000326388
138519 0.000300994
139753 0.000313520
140987 0.000388455
141604 0.000498232
141913 0.000607045
142221 0.000802988
142529 0.00121229
142684 0.00160945
142838 0.00231260
142992 0.00374266
143069 0.00508785
143146 0.00738616
143223 0.0117962
143262 0.0157011
143301 0.0219171
143339 0.0327030
143378 0.0534852
143397 0.0717602
143416 0.100200
143436 0.146283
143455 0.221372
143477 0.354539
143500 0.442760
143523 0.353715
143545 0.221237
143569 0.133613
143593 0.0857288
143616 0.0586422
143640 0.0423616
143663 0.0318796
143687 0.0248161
143734 0.0162530
143781 0.0114661
143828 0.00854417
143922 0.00531177
144017 0.00366181
144111 0.00271190
144299 0.00171952
144488 0.00124440
144676 0.000987087
145053 0.000756990
145431 0.000724392
145619 0.000779187
145808 0.000918173
145996 0.00124422
146090 0.00156976
146185 0.00214583
146279 0.00330096
146326 0.00436379
146373 0.00613231
146420 0.00939553
146444 0.0121573
146467 0.0163461
146491 0.0231561
146514 0.0349940
146538 0.0576562
146550 0.0766278
146562 0.103363
146581 0.165463
146600 0.206589
146619 0.165041
146639 0.103307
146654 0.0700650
146669 0.0491097
146684 0.0358041
146700 0.0270644
146730 0.0168861
146761 0.0115086
146792 0.00835986
146822 0.00636885
146883 0.00409707
146945 0.00290331
147006 0.00220088
147128 0.00145106
147251 0.00108096
147373 0.000872147
147618 0.000659348
148107 0.000513312
148597 0.000486328
149086 0.000523703
149576 0.000674686
149821 0.000881057
149943 0.00107898
150065 0.00142430
150188 0.00211305
150249 0.00274909
150310 0.00381470
150371 0.00580043
150402 0.00750326
150433 0.0101364
150463 0.0144910
150494 0.0223400
150509 0.0287510
150524 0.0380504
150540 0.0518279
150555 0.0720413
150577 0.115072
150600 0.143752
150623 0.115014
150645 0.0720052
150671 0.0416259
150697 0.0260127
150723 0.0175188
150749 0.0125671
150775 0.00944956
150800 0.00738913
150852 0.00492450
150904 0.00356926
150955 0.00275194
151059 0.00186038
151162 0.00141593
151265 0.00116736
151472 0.000926041
151885 0.000814168
152298 0.000905484
152711 0.00121031
152918 0.00152597
153125 0.00209426
153331 0.00326369
153435 0.00437695
153538 0.00630398
153641 0.0100808
153693 0.0135024
153744 0.0190913
153796 0.0291536
153822 0.0374432
153848 0.0497668
153874 0.0691554
153899 0.101351
153925 0.158643
153951 0.264466
153976 0.424313
154000 0.531359
154025 0.424080
154049 0.264313
154073 0.165607
154096 0.109396
154119 0.0763915
154143 0.0559434
154190 0.0334196
154236 0.0221765
154283 0.0158045
154330 0.0118801
154424 0.00750522
154517 0.00525979
154611 0.00396638
154798 0.00262557
154986 0.00200445
155173 0.00169545
155548 0.00152642
155922 0.00178613
156110 0.00215053
156297 0.00284326
156484 0.00428768
156578 0.00565608
156671 0.00799450
156765 0.0124904
156812 0.0164657
156859 0.0228194
156906 0.0338757
156952 0.0553152
156976 0.0742361
156999 0.103854
157023 0.152247
157046 0.232499
157073 0.372680
157100 0.466532
157127 0.372500
157154 0.232436
157179 0.147651
157204 0.0984885
157230 0.0693494
157255 0.0511815
157280 0.0392678
157305 0.0311048
157356 0.0210662
157406 0.0154207
157456 0.0120169
157507 0.00987369
157557 0.00853435
157607 0.00776836
157658 0.00749772
157708 0.00776780
157758 0.00880825
157784 0.00979271
157809 0.0112794
157834 0.0135516
157859 0.0171183
157884 0.0230538
157910 0.0336177
157922 0.0420824
157935 0.0541145
157947 0.0714846
157960 0.0961917
157980 0.152304
158000 0.189650
158020 0.152097
158040 0.0958672
158057 0.0641108
158074 0.0447399
158091 0.0326950
158108 0.0249035
158142 0.0159356
158176 0.0112639
158210 0.00852918
158243 0.00680285
158311 0.00481568
158379 0.00375673
158446 0.00312530
158582 0.00244952
158717 0.00213670
158852 0.00200434
158988 0.00199033
159123 0.00207905
159259 0.00228315
159394 0.00264621
159529 0.00326532
159597 0.00373005
159665 0.00435527
159732 0.00521953
159800 0.00645110
159868 0.00827950
159935 0.0111367
160003 0.0159368
160037 0.0196364
160071 0.0247615
160105 0.0321210
160138 0.0429541
160172 0.0593425
160206 0.0841387
160253 0.133898
160300 0.166858
160347 0.133748
160394 0.0840210
160438 0.0538366
160481 0.0361529
160525 0.0255924
160568 0.0189827
160655 0.0116152
160742 0.00788559
160829 0.00575969
160916 0.00443961
161089 0.00295851
161263 0.00219243
161437 0.00174662
161785 0.00127757
162132 0.00105271
162480 0.000932641
163175 0.000831373
163870 0.000823329
164566 0.000901782
164913 0.00101691
165261 0.00132008
165435 0.00170970
165522 0.00207679
165608 0.00270772
165695 0.00393394
165739 0.00503643
165782 0.00682246
165826 0.0100026
165847 0.0125913
165869 0.0163956
165891 0.0222933
165913 0.0318696
165934 0.0483920
165956 0.0776918
165978 0.123923
166000 0.154753
166022 0.123867
166044 0.0776569
166069 0.0453150
166094 0.0285673
166119 0.0194024
166143 0.0140390
166168 0.0106523
166193 0.00840949
166243 0.00572058
166292 0.00423805
166342 0.00334191
166441 0.00236049
166541 0.00186706
166640 0.00158688
166839 0.00130223
167236 0.00111070
167633 0.00106782
169222 0.00119942
170811 0.00157861
171208 0.00177755
171606 0.00215587
171804 0.00253691
172003 0.00330436
172102 0.00404677
172201 0.00537799
172301 0.00816161
172350 0.0108693
172400 0.0156329
172437 0.0218874
172473 0.0331805
172510 0.0558598
172528 0.0758211
172546 0.105435
172573 0.167665
172600 0.209119
172627 0.167590
172654 0.105403
172682 0.0636325
172711 0.0411265
172739 0.0285352
172768 0.0210232
172825 0.0129993
172882 0.00911648
172939 0.00696394
172997 0.00566095
173111 0.00424276
173339 0.00316707
173568 0.00284591
173796 0.00283007
174025 0.00315311
174139 0.00365363
174253 0.00501706
174310 0.00678422
174339 0.00843925
174368 0.0112381
174396 0.0165732
174410 0.0212437
174425 0.0285552
174439 0.0410780
174453 0.0646817
174460 0.0850292
174468 0.115431
174475 0.162858
174482 0.237254
174491 0.379229
174500 0.472587
174509 0.377516
174518 0.237211
174527 0.150945
174536 0.100977
174544 0.0713929
174553 0.0531296
174570 0.0327350
174587 0.0224513
174604 0.0165800
174621 0.0129685
174655 0.00892686
174690 0.00683895
174724 0.00563164
174792 0.00436261
174929 0.00341082
175066 0.00308131
175614 0.00286143
176709 0.00306762
178900 0.00341613
180199 0.00342723
180849 0.00342887
181174 0.00349242
181336 0.00373450
181417 0.00465632
181458 0.00816768
181478 0.0210370
181488 0.0648792
181494 0.192384
181496 0.464388
181497 0.885903
181499 1.89016
181499 3.08806
181500 3.76431
181501 2.92708
181502 1.87756
181502 1.19149
181503 0.793052
181504 0.409008
181507 0.167495
181512 0.0573212
181523 0.0188585
181545 0.00758772
181589 0.00451983
181675 0.00373343
181849 0.00356622
182197 0.00366460
182545 0.00423474
182631 0.00475019
182718 0.00611948
182762 0.00792590
182805 0.0126931
182827 0.0188071
182849 0.0339374
182860 0.0517728
182870 0.0905039
182876 0.130387
182881 0.201520
182884 0.259822
182887 0.344684
182889 0.470980
182892 0.658806
182896 1.06004
182900 1.31976
182904 1.04925
182908 0.658762
182912 0.390068
182916 0.249800
182921 0.169756
182925 0.123134
182929 0.0927715
182933 0.0728989
182942 0.0487654
182950 0.0351811
182959 0.0269109
182976 0.0178444
182993 0.0132062
183010 0.0105533
183044 0.00777348
183111 0.00569689
183179 0.00496800
183450 0.00441140
184325 0.00519111
185200 0.00576085
185400 0.00565081
186175 0.00452379
186950 0.00327232
188196 0.00204940
189442 0.00143827
190688 0.00109178
191935 0.000870646
194427 0.000605420
196919 0.000454316
199411 0.000361480
201904 0.000309783
203150 0.000304444
204396 0.000337092
205019 0.000398709
205330 0.000462263
205642 0.000576834
205954 0.000810120
206109 0.00102779
206265 0.00139435
206421 0.00208178
206499 0.00267409
206577 0.00359246
206654 0.00512137
206732 0.00789968
206771 0.0101908
206810 0.0135307
206849 0.0185219
206888 0.0259739
206944 0.0413926
207000 0.0516367
207056 0.0413538
207112 0.0259476
207156 0.0177324
207200 0.0125190
207244 0.00919085
207288 0.00699597
207376 0.00442991
207464 0.00306974
207552 0.00227222
207640 0.00176804
207816 0.00119470
207992 0.000897247
208168 0.000727414
208520 0.000567115
208872 0.000538996
209224 0.000662716
209400 0.000868551
209488 0.00106652
209576 0.00140128
209664 0.00202285
209708 0.00255019
209752 0.00335453
209796 0.00465709
209840 0.00693050
209884 0.0112573
209906 0.0148688
209928 0.0199959
209964 0.0317780
210000 0.0396011
210036 0.0317564
210072 0.0199775
210095 0.0147372
210117 0.0110955
210162 0.00677524
210207 0.00452351
210252 0.00324429
210297 0.00245527
210342 0.00193984
210432 0.00133140
210522 0.00100119
210613 0.000803408
210793 0.000590609
210973 0.000487756
211153 0.000434910
211513 0.000405458
211874 0.000456249
212054 0.000528982
212234 0.000669840
212414 0.000969638
212504 0.00125792
212594 0.00175702
212684 0.00273321
212729 0.00361063
212774 0.00503614
212819 0.00757561
212842 0.00964324
212864 0.0126817
212887 0.0173640
212909 0.0249885
212932 0.0381273
212954 0.0613834
212977 0.0981562
213000 0.122504
213023 0.0979480
213046 0.0613574
213068 0.0380385
213091 0.0248970
213114 0.0172850
213136 0.0126330
213159 0.00960097
213181 0.00754710
213226 0.00502212
213271 0.00360089
213316 0.00272630
213407 0.00175427
213497 0.00125689
213587 0.000970199
213767 0.000673008
213948 0.000535216
214128 0.000467042
214489 0.000433817
214850 0.000507369
215030 0.000606767
215211 0.000795240
215391 0.00118603
215481 0.00155199
215572 0.00216816
215662 0.00331836
215707 0.00430408
215752 0.00582573
215797 0.00833449
215842 0.0128336
215887 0.0217653
215910 0.0295554
215932 0.0409465
215966 0.0654532
216000 0.0817077
216034 0.0653383
216068 0.0409177
216095 0.0277707
216121 0.0195010
216148 0.0142391
216175 0.0107772
216229 0.00673860
216282 0.00460115
216336 0.00334618
216390 0.00255363
216497 0.00164804
216604 0.00117091
216711 0.000889875
216926 0.000588721
217140 0.000438919
217355 0.000353536
217784 0.000264604
218641 0.000198145
219499 0.000177594
220357 0.000177879
221215 0.000206451
221644 0.000250053
221859 0.000292529
222073 0.000367066
222288 0.000516561
222395 0.000655513
222502 0.000890377
222609 0.00133529
222663 0.00172311
222716 0.00233385
222770 0.00337102
222824 0.00531801
222850 0.00697587
222877 0.00947918
222904 0.0133800
222931 0.0194901
222965 0.0310855
223000 0.0388074
223035 0.0310709
223069 0.0194826
223092 0.0142258
223114 0.0106139
223158 0.00638008
223203 0.00421071
223247 0.00298788
223292 0.00224101
223336 0.00175505
223425 0.00118672
223514 0.000881910
223603 0.000702107
223781 0.000514081
223959 0.000429976
224137 0.000394196
224493 0.000402943
224849 0.000514133
225026 0.000637761
225204 0.000859958
225382 0.00130320
225471 0.00170676
225560 0.00236805
225649 0.00355966
225694 0.00454443
225738 0.00600650
225783 0.00830341
225827 0.0121360
225872 0.0189719
225916 0.0315919
225958 0.0505634
226000 0.0632407
226042 0.0505310
226084 0.0315699
226114 0.0223191
226143 0.0161842
226173 0.0121124
226203 0.00934263
226262 0.00599880
226322 0.00416938
226381 0.00307372
226440 0.00237028
226559 0.00155671
226678 0.00112486
226797 0.000870325
227034 0.000601917
227272 0.000476236
227509 0.000414503
227985 0.000387016
228460 0.000457620
228697 0.000548304
228935 0.000715022
229172 0.00104903
229291 0.00135242
229410 0.00184783
229529 0.00273530
229588 0.00346469
229648 0.00454492
229707 0.00622739
229766 0.00900835
229826 0.0139022
229885 0.0227799
229943 0.0362973
230000 0.0452802
230058 0.0362711
230115 0.0227687
230158 0.0158988
230200 0.0114312
230243 0.00850569
230285 0.00654618
230370 0.00421109
230455 0.00295376
230541 0.00221091
230626 0.00174066
230796 0.00121088
230966 0.000947097
231136 0.000811524
231477 0.000742736
231817 0.000880560
231987 0.00105896
232157 0.00137575
232328 0.00196654
232498 0.00319848
232583 0.00435711
232668 0.00628833
232753 0.00972189
232838 0.0160365
232919 0.0255688
233000 0.0319225
233081 0.0255365
233162 0.0160121
233248 0.00968129
233333 0.00625582
233418 0.00433068
233504 0.00317585
233675 0.00194702
233845 0.00135603
234016 0.00103721
234187 0.000855438
234529 0.000706744
234870 0.000755838
235041 0.000875020
235212 0.00111400
235383 0.00160425
235468 0.00204635
235553 0.00275485
235639 0.00397785
235724 0.00631684
235767 0.00834216
235810 0.0114483
235852 0.0163839
235895 0.0242891
235948 0.0387030
236000 0.0482792
236053 0.0386662
236105 0.0242543
236143 0.0170698
236181 0.0123436
236219 0.00921493
236256 0.00710152
236332 0.00455719
236408 0.00317049
236484 0.00234136
236559 0.00180909
236711 0.00119213
236862 0.000862410
237013 0.000665816
237316 0.000452867
237619 0.000346275
237922 0.000286136
238527 0.000228623
239133 0.000215031
239739 0.000246304
240041 0.000302662
240193 0.000358750
240344 0.000457852
240496 0.000656926
240571 0.000841930
240647 0.00115414
240723 0.00174306
240761 0.00225581
240798 0.00305816
240836 0.00441721
240874 0.00694071
240893 0.00908348
240912 0.0122770
240931 0.0171982
240950 0.0248078
240975 0.0395752
241000 0.0494110
241025 0.0395639
241050 0.0248037
241079 0.0143058
241108 0.00893384
241137 0.00603125
241166 0.00433601
241195 0.00327492
241224 0.00257215
241282 0.00173482
241339 0.00127819
241397 0.00100486
241513 0.000714136
241628 0.000579329
241744 0.000516404
241975 0.000503810
242206 0.000615853
242322 0.000743685
242438 0.000966061
242553 0.00138055
242611 0.00173020
242669 0.00225917
242727 0.00310549
242784 0.00455660
242842 0.00724663
242900 0.0124867
242950 0.0198362
243000 0.0247200
243050 0.0198245
243100 0.0124815
243143 0.00829235
243186 0.00574592
243228 0.00417193
243271 0.00316396
243357 0.00201670
243442 0.00142720
243527 0.00108976
243613 0.000882117
243784 0.000658258
243955 0.000557358
244126 0.000517546
244468 0.000547456
244809 0.000724912
244980 0.000908839
245151 0.00122014
245322 0.00178797
245408 0.00225822
245493 0.00295622
245579 0.00404754
245664 0.00585322
245750 0.00904165
245835 0.0148459
245918 0.0236669
246000 0.0295285
246083 0.0236377
246165 0.0148231
246224 0.0104793
246283 0.00760201
246341 0.00569522
246400 0.00439998
246518 0.00283885
246635 0.00198700
246753 0.00147731
246871 0.00115093
247106 0.000775868
247341 0.000580169
247576 0.000469450
248046 0.000371855
248517 0.000375478
248987 0.000521231
249222 0.000743221
249340 0.000957215
249457 0.00132457
249575 0.00202937
249634 0.00264982
249692 0.00363221
249751 0.00531887
249810 0.00852936
249839 0.0113016
249869 0.0155449
249898 0.0222732
249927 0.0329815
249964 0.0527017
250000 0.0657861
250036 0.0526182
250073 0.0329645
250102 0.0222943
250131 0.0156152
250160 0.0113731
250189 0.00860358
250248 0.00538074
250306 0.00368583
250364 0.00269437
250422 0.00206981
250539 0.00136307
250656 0.000998594
250772 0.000792965
251005 0.000606684
251238 0.000593528
251355 0.000654944
251471 0.000796056
251588 0.00110321
251646 0.00138849
251704 0.00185485
251763 0.00268375
251821 0.00433149
251850 0.00582477
251879 0.00820678
251908 0.0122092
251937 0.0190699
251969 0.0304043
252000 0.0379201
252031 0.0303474
252063 0.0190499
252089 0.0127202
252115 0.00883282
252141 0.00640840
252167 0.00483747
252220 0.00302976
252272 0.00208849
252324 0.00154017
252376 0.00119550
252481 0.000802805
252585 0.000595976
252690 0.000473814
252899 0.000342535
253108 0.000277215
253316 0.000240530
253734 0.000205118
254570 0.000194228
255406 0.000225830
256242 0.000314422
256660 0.000402938
257078 0.000556480
257495 0.000852577
257704 0.00111433
257913 0.00153095
258122 0.00224945
258331 0.00362781
258436 0.00482909
258488 0.00565101
258540 0.00668242
258592 0.00799172
258645 0.00965868
258697 0.0117872
258749 0.0144790
258812 0.0185204
258875 0.0231326
259000 0.0288942
259063 0.0271833
259126 0.0231049
259251 0.0144538
259365 0.00929625
259479 0.00625756
259594 0.00443391
259708 0.00328642
259936 0.00200666
260165 0.00135955
260393 0.000992783
260621 0.000768363
261078 0.000530056
261535 0.000438847
261992 0.000472528
262220 0.000585366
262334 0.000701882
262448 0.000903688
262563 0.00128306
262620 0.00160616
262677 0.00209915
262734 0.00289633
262791 0.00428248
262848 0.00690283
262905 0.0121289
262953 0.0192708
263000 0.0240155
263048 0.0192542
263095 0.0121112
263125 0.00894562
263154 0.00674094
263214 0.00412205
263273 0.00275703
263332 0.00197818
263391 0.00149794
263450 0.00118286
263569 0.000809901
263687 0.000606629
263806 0.000483993
264042 0.000350229
264279 0.000283839
264516 0.000248101
264990 0.000222909
265463 0.000243449
265700 0.000278361
265937 0.000346518
266174 0.000487319
266292 0.000616808
266410 0.000829572
266529 0.00121143
266647 0.00198983
266706 0.00271188
266766 0.00390140
266825 0.00598402
266884 0.00974466
266942 0.0155145
267000 0.0193488
267058 0.0155021
267116 0.00973490
267175 0.00596866
267235 0.00388659
267294 0.00269865
267354 0.00197887
267472 0.00120173
267591 0.000819821
267710 0.000606375
267828 0.000475851
268066 0.000332384
268303 0.000261015
268541 0.000222471
269015 0.000192989
269490 0.000205501
269965 0.000286012
270203 0.000400318
270321 0.000508255
270440 0.000690909
270559 0.00103401
270618 0.00133020
270677 0.00178961
270737 0.00255536
270796 0.00394536
270826 0.00509243
270856 0.00677054
270885 0.00928292
270915 0.0130265
270957 0.0207806
271000 0.0259442
271043 0.0207694
271085 0.0130186
271122 0.00854413
271159 0.00584477
271197 0.00419312
271234 0.00313857
271308 0.00194475
271382 0.00133105
271456 0.000978132
271530 0.000757908
271679 0.000510395
271827 0.000382718
271976 0.000309308
272272 0.000234977
272866 0.000192651
273459 0.000206510
274053 0.000272435
274349 0.000342081
274646 0.000464904
274943 0.000705000
275091 0.000919381
275240 0.00126376
275388 0.00186557
275536 0.00304293
275611 0.00409065
275685 0.00574324
275759 0.00846983
275833 0.0130344
275917 0.0208398
276000 0.0260431
276084 0.0208179
276167 0.0130187
276242 0.00843330
276316 0.00571119
276391 0.00406281
276466 0.00302081
276615 0.00185004
276764 0.00125313
276913 0.000911236
277063 0.000698715
277361 0.000460411
277660 0.000338079
277958 0.000268262
278555 0.000199954
279152 0.000179338
279749 0.000202277
280048 0.000252020
280346 0.000395093
280496 0.000580989
280570 0.000753390
280645 0.00104237
280720 0.00158073
280757 0.00204041
280794 0.00274837
280831 0.00391212
280869 0.00599038
280906 0.0100900
280925 0.0136456
280943 0.0188133
280972 0.0300527
281000 0.0375034
281028 0.0299998
281057 0.0188055
281080 0.0126761
281103 0.00885944
281126 0.00645027
281148 0.00487500
281194 0.00304883
281240 0.00208828
281286 0.00152653
281332 0.00117301
281423 0.000770463
281515 0.000559286
281607 0.000435501
281790 0.000303952
281973 0.000239664
282156 0.000204058
282523 0.000169596
283256 0.000152947
283989 0.000163323
284722 0.000197300
285455 0.000285800
285822 0.000394326
286005 0.000494450
286188 0.000664935
286372 0.000996524
286463 0.00129653
286555 0.00179011
286647 0.00268860
286692 0.00343987
286738 0.00457373
286784 0.00638701
286830 0.00949999
286876 0.0152889
286898 0.0200189
286921 0.0266242
286961 0.0424963
287000 0.0530318
287039 0.0424387
287079 0.0266207
287109 0.0182299
287140 0.0129055
287171 0.00948560
287201 0.00723289
287263 0.00458914
287324 0.00318794
287385 0.00236493
287446 0.00184612
287569 0.00125765
287691 0.000954617
287814 0.000782862
288059 0.000617646
288549 0.000557528
289039 0.000652551
289529 0.000895019
290019 0.00142111
290264 0.00191067
290387 0.00225904
290509 0.00270989
290632 0.00330135
290754 0.00408613
290877 0.00513272
290999 0.00651548
291124 0.00831449
291250 0.0103680
291500 0.0129264
291625 0.0121621
291751 0.0103445
292001 0.00649212
292217 0.00428893
292433 0.00295445
292649 0.00213502
292864 0.00161073
293296 0.00101707
293728 0.000713455
294159 0.000541373
294591 0.000437160
295454 0.000331494
296317 0.000301202
297180 0.000341478
297612 0.000419939
297828 0.000497752
298044 0.000633819
298259 0.000902089
298367 0.00114620
298475 0.00154859
298583 0.00228053
298637 0.00289357
298691 0.00381656
298745 0.00529402
298799 0.00782175
298853 0.0125202
298907 0.0216719
298953 0.0345262
299000 0.0430868
299047 0.0345120
299093 0.0216671
299137 0.0138359
299180 0.00929439
299224 0.00659241
299267 0.00491007
299355 0.00304584
299442 0.00210937
299529 0.00158019
299616 0.00125528
299790 0.000899575
299964 0.000726219
300138 0.000636742
300487 0.000579554
300835 0.000624365
301183 0.000808170
301358 0.00102884
301532 0.00150783
301619 0.00198995
301706 0.00286937
301793 0.00467710
301837 0.00630847
301880 0.00878458
301940 0.0137280
302000 0.0170185
302060 0.0137446
302120 0.00882934
302194 0.00516164
302269 0.00337488
302343 0.00245333
302418 0.00193866
302566 0.00144058
302715 0.00124316
303013 0.00116842
303310 0.00127891
303608 0.00151135
303905 0.00187565
304054 0.00211949
304203 0.00241357
304351 0.00276613
304500 0.00318351
304750 0.00403499
305000 0.00500897
305500 0.00621485
305750 0.00584438
306000 0.00497294
306500 0.00312975
306918 0.00210011
307335 0.00146567
307753 0.00107053
308171 0.000814856
309006 0.000521850
309842 0.000370022
310677 0.000283006
311512 0.000229714
313183 0.000174224
314854 0.000154664
316525 0.000161256
317360 0.000179876
318195 0.000228053
318613 0.000286032
318822 0.000338399
319031 0.000425350
319240 0.000587740
319344 0.000728350
319448 0.000949027
319553 0.00132299
319657 0.00202454
319709 0.00262219
319762 0.00352550
319814 0.00493516
319866 0.00714700
319933 0.0113190
320000 0.0140930
320067 0.0113148
320134 0.00714871
320184 0.00502361
320234 0.00364352
320283 0.00274151
320333 0.00213799
320433 0.00142021
320532 0.00103490
320631 0.000807477
320731 0.000663803
320930 0.000502203
321328 0.000377540
321726 0.000342610
322521 0.000357301
323317 0.000429611
324113 0.000561838
324909 0.000791658
325306 0.000967514
325505 0.00107771
325704 0.00120637
325903 0.00135695
326102 0.00153291
326301 0.00173792
326500 0.00197497
326875 0.00251034
327250 0.00312094
328000 0.00387862
328375 0.00365264
328750 0.00311695
329500 0.00198984
330339 0.00123136
331178 0.000903655
331597 0.000883132
332016 0.00105397
332226 0.00132909
332436 0.00199023
332541 0.00268499
332645 0.00397483
332698 0.00505454
332750 0.00665402
332803 0.00908352
332855 0.0127754
332928 0.0201770
333000 0.0250952
333073 0.0201478
333145 0.0127359
333205 0.00863859
333264 0.00609507
333324 0.00449561
333383 0.00345545
333502 0.00225145
333621 0.00161852
333740 0.00124739
333859 0.00101213
334098 0.000741604
334574 0.000514460
335050 0.000433212
335526 0.000419715
336002 0.000488390
336479 0.000913062
336598 0.00130789
336717 0.00227867
336776 0.00340744
336806 0.00437174
336836 0.00585093
336866 0.00828987
336895 0.0126295
336925 0.0212201
336940 0.0286540
336955 0.0394371
336977 0.0628777
337000 0.0784923
337023 0.0628667
337045 0.0394334
337069 0.0239730
337092 0.0155086
337116 0.0107153
337139 0.00783265
337163 0.00597640
337186 0.00472578
337233 0.00321095
337280 0.00236609
337327 0.00185243
337421 0.00128956
337515 0.00100904
337609 0.000854274
337796 0.000711732
338172 0.000678554
338547 0.000797798
338923 0.00107195
339298 0.00163743
339486 0.00213958
339674 0.00291959
339768 0.00347139
339861 0.00417530
339955 0.00507594
340049 0.00621437
340162 0.00792306
340275 0.00987408
340500 0.0123060
340613 0.0115789
340726 0.00984952
340951 0.00618250
341136 0.00416127
341321 0.00290598
341507 0.00211878
341692 0.00160650
342062 0.00101516
342433 0.000705328
342803 0.000524967
343173 0.000411871
343914 0.000286772
344655 0.000231987
345396 0.000232744
345766 0.000273407
345951 0.000319061
346136 0.000401501
346322 0.000563274
346414 0.000706298
346507 0.000932426
346599 0.00131633
346692 0.00203320
346738 0.00263904
346785 0.00354636
346831 0.00494465
346877 0.00710012
346939 0.0112864
347000 0.0140690
347062 0.0112771
347123 0.00709008
347173 0.00480239
347223 0.00337041
347272 0.00246677
347322 0.00187599
347422 0.00119091
347521 0.000830080
347621 0.000618889
347721 0.000485142
347920 0.000331738
348119 0.000250144
348318 0.000201289
348717 0.000147394
349513 0.000101956
350310 8.22917E-05
351904 6.49220E-05
353497 5.91817E-05
355091 6.21147E-05
355887 6.86865E-05
356684 8.23451E-05
357481 0.000112172
357879 0.000141123
358278 0.000191794
358676 0.000292980
358875 0.000386741
359074 0.000544807
359274 0.000843074
359373 0.00110277
359473 0.00151125
359572 0.00220413
359672 0.00350336
359722 0.00460876
359772 0.00627690
359821 0.00887482
359871 0.0129326
359936 0.0206813
360000 0.0258535
360065 0.0206727
360129 0.0129316
360172 0.00934237
360215 0.00690294
360300 0.00409388
360385 0.00267716
360471 0.00188769
360556 0.00141023
360642 0.00110271
360812 0.000749571
360983 0.000569036
361154 0.000472553
361496 0.000411129
361837 0.000478937
362008 0.000579493
362179 0.000765134
362350 0.00112392
362435 0.00143307
362520 0.00190815
362606 0.00268255
362691 0.00404336
362777 0.00665597
362819 0.00885455
362862 0.0119977
362931 0.0191763
363000 0.0239657
363069 0.0191594
363138 0.0119796
363209 0.00729137
363280 0.00471463
363280 0.00899992
400000 0.00859012
450000 0.00813583
500000 0.00777138
550000 0.00747686
600000 0.00723431
650000 0.00703717
700000 0.00687408
750000 0.00674238
800000 0.00663153
850000 0.00654557
900000 0.00647488
908820 0.00596926
908820 0.00596924
950000 0.00412538
1.00000E+06 0.00364245
1.10000E+06 0.00322311
1.20000E+06 0.00301841
1.25000E+06 0.00295586
1.30000E+06 0.00289699
1.40000E+06 0.00281463
1.50000E+06 0.00276166
1.60000E+06 0.00272088
1.61972E+06 0.00271623
1.70000E+06 0.00269794
1.75000E+06 0.00268818
1.80000E+06 0.00267872
1.90000E+06 0.00267456
2.00000E+06 0.00267021
2.05390E+06 0.00267172
2.05391E+06 0.00267172
2.05392E+06 0.00267172
2.05392E+06 0.00267172
2.25000E+06 0.00267690
2.50000E+06 0.00268290
2.66852E+06 0.00266418
3.00000E+06 0.00263090
3.02700E+06 0.00257520
3.02702E+06 0.00257517
3.02702E+06 0.00257516
3.12560E+06 0.00238541
3.12563E+06 0.00238536
3.12564E+06 0.00238535
3.12564E+06 0.00238535
3.23774E+06 0.00219282
3.23774E+06 0.00219281
3.28383E+06 0.00212003
3.28383E+06 0.00212002
3.30680E+06 0.00208503
3.30683E+06 0.00208499
3.30683E+06 0.00208498
3.37141E+06 0.00199086
3.37141E+06 0.00199086
3.50000E+06 0.00182061
3.64730E+06 0.00159268
3.92630E+06 0.00125391
4.00000E+06 0.00118049
4.50000E+06 0.000920982
5.00000E+06 0.000826098
5.50000E+06 0.000769491
6.00000E+06 0.000761786
6.50000E+06 0.000768181
7.00000E+06 0.000780216
7.50000E+06 0.000786972
8.00000E+06 0.000786988
8.18852E+06 0.000787862
8.30571E+06 0.000788395
8.50000E+06 0.000789264
9.00000E+06 0.000793381
9.50000E+06 0.000809287
9.73122E+06 0.000819018
1.00000E+07 0.000830185
1.00342E+07 0.000832564
1.00342E+07 0.000832566
1.05000E+07 0.000864836
1.05791E+07 0.000870293
1.05791E+07 0.000870296
1.10000E+07 0.000899221
1.15000E+07 0.000934115
1.20000E+07 0.000968793
1.25000E+07 0.00100247
1.30000E+07 0.00103592
1.34800E+07 0.00106781
1.34865E+07 0.00106824
1.35000E+07 0.00106913
1.40000E+07 0.00110215
1.45000E+07 0.00112124
1.50000E+07 0.00114000
1.55000E+07 0.00114596
1.60000E+07 0.00115175
1.65000E+07 0.00114644
1.70000E+07 0.00114131
1.75000E+07 0.00109844
1.80000E+07 0.00105832
1.85000E+07 0.000974078
1.90000E+07 0.000898529
1.95000E+07 0.000810902
2.00000E+07 0.000733724