Cr-54(n,tot) ENDF/B-VII.1
Energy(eV) XS(b)
1.00000E-05 23.1969
1.25000E-05 21.0140
1.50000E-05 19.4027
2.00000E-05 17.1409
2.75000E-05 14.9888
3.50000E-05 13.5724
4.25000E-05 12.5500
5.00000E-05 11.7672
6.25000E-05 10.7910
7.50000E-05 10.0704
0.000100000 9.05886
0.000125000 8.36857
0.000150000 7.85902
0.000200000 7.14377
0.000275000 6.46322
0.000350000 6.01533
0.000425000 5.69200
0.000500000 5.44446
0.000625000 5.13576
0.000750000 4.90788
0.00100000 4.58801
0.00125000 4.36972
0.00150000 4.20859
0.00200000 3.98241
0.00275000 3.76720
0.00350000 3.62556
0.00425000 3.52332
0.00500000 3.44504
0.00625000 3.34742
0.00750000 3.27536
0.0100000 3.17421
0.0125000 3.10518
0.0150000 3.05422
0.0200000 2.98269
0.0253000 2.93142
0.0314750 2.88890
0.0376500 2.85732
0.0500000 2.81276
0.0625000 2.78189
0.0750000 2.75909
0.100000 2.72710
0.125000 2.70527
0.150000 2.68915
0.200000 2.66653
0.275000 2.64499
0.350000 2.63082
0.500000 2.61274
0.750000 2.59573
1.00000 2.58557
1.50000 2.57349
2.00000 2.56625
2.75000 2.55932
3.50000 2.55472
5.00000 2.54877
7.50000 2.54299
10.0000 2.53939
15.0000 2.53478
20.0000 2.53170
27.5000 2.52833
35.0000 2.52570
50.0000 2.52147
75.0000 2.51575
100.000 2.51074
150.000 2.50158
200.000 2.49297
275.000 2.48056
350.000 2.46853
500.000 2.44517
750.000 2.40777
999.999 2.37187
1000.00 2.37187
1000.01 2.37186
1000.02 2.37186
1000.03 2.37186
1000.06 2.37186
1000.12 2.37185
1000.25 2.37183
1000.49 2.37180
1000.98 2.37173
1001.96 2.37159
1003.91 2.37132
1007.81 2.37077
1015.63 2.36967
1031.25 2.36747
1062.50 2.36310
1125.00 2.35441
1250.00 2.33725
1500.00 2.30380
2000.00 2.23997
2750.00 2.15081
3500.00 2.06807
5000.00 1.91674
7500.00 1.68862
8750.00 1.57847
9375.00 1.52300
9687.50 1.49500
10000.0 1.46684
10134.4 1.45498
10201.6 1.45034
10235.2 1.45314
10243.6 1.45834
10252.0 1.47422
10256.2 1.49643
10260.4 1.55753
10262.5 1.63822
10263.6 1.71505
10264.6 1.84790
10265.7 2.10743
10266.2 2.34404
10266.7 2.72193
10267.2 3.40908
10267.5 3.96149
10267.8 4.77296
10268.0 6.02287
10268.3 8.05722
10268.5 11.5614
10268.8 17.7648
10269.1 27.8131
10269.3 34.2061
10269.6 27.4163
10269.9 17.7642
10270.1 11.5599
10270.4 8.15709
10270.6 6.08180
10270.9 4.84872
10271.1 4.01139
10271.4 3.46159
10271.9 2.76863
10272.4 2.37701
10272.9 2.13530
10273.9 1.86573
10275.0 1.72707
10276.0 1.64659
10278.0 1.56197
10282.1 1.49685
10286.2 1.47271
10294.3 1.45440
10302.5 1.44735
10335.0 1.43817
10400.2 1.43059
10530.6 1.41813
10791.3 1.39370
11312.8 1.34404
12355.8 1.23991
12877.2 1.18487
13398.7 1.12775
13659.4 1.09887
13789.8 1.08477
13920.2 1.07157
14050.5 1.06103
14115.7 1.05843
14180.9 1.06038
14213.5 1.06488
14246.1 1.07401
14278.7 1.09179
14311.3 1.12773
14327.6 1.15949
14343.9 1.20902
14360.2 1.29136
14376.5 1.44112
14384.6 1.56620
14392.8 1.75477
14400.9 2.05757
14409.1 2.58707
14417.2 3.64141
14421.3 4.61043
14425.4 6.21478
14429.4 9.16379
14431.5 11.6491
14433.5 15.3992
14435.5 21.4611
14437.6 31.8922
14439.6 51.5893
14441.6 90.4869
14443.4 144.483
14445.1 180.306
14446.8 144.389
14448.5 90.7912
14450.0 60.0979
14451.4 41.5196
14452.9 30.0359
14454.4 22.6455
14457.3 14.2110
14460.2 9.83902
14463.1 7.30951
14466.0 5.72282
14471.9 3.92548
14477.7 2.98573
14483.6 2.43579
14489.4 2.08595
14495.2 1.84965
14506.9 1.55966
14518.6 1.39513
14530.3 1.29239
14542.0 1.22380
14565.4 1.14003
14588.7 1.09203
14612.1 1.06137
14635.5 1.04011
14682.2 1.01214
14728.9 0.993745
14775.7 0.979735
14799.0 0.973690
14810.7 0.972733
14816.6 0.983405
14819.5 1.03579
14820.9 1.22526
14821.7 1.76440
14822.0 2.89930
14822.2 4.41105
14822.4 7.88644
14822.5 12.3398
14822.7 15.0936
14822.8 12.1860
14822.9 8.15248
14823.0 5.19564
14823.2 3.71998
14823.4 2.32985
14824.0 1.49964
14825.1 1.14858
14827.2 1.02633
14831.5 0.986848
14840.0 0.972808
14857.2 0.965170
14891.5 0.957000
14960.0 0.944166
15097.1 0.921713
15371.3 0.880098
15919.6 0.796718
17016.3 0.612501
18113.0 0.397871
18661.4 0.280174
18935.5 0.220205
19072.6 0.190407
19141.2 0.176118
19175.4 0.171925
19192.6 0.183274
19201.1 0.244342
19203.3 0.308205
19205.4 0.484221
19206.5 0.716212
19207.6 1.31392
19208.1 2.05282
19208.6 3.72853
19208.9 5.55610
19209.2 9.13860
19209.3 12.4726
19209.4 17.3473
19209.6 25.2184
19209.7 38.3357
19209.9 62.0246
19210.0 76.8504
19210.2 62.2438
19210.3 38.6307
19210.4 28.8308
19210.5 21.3757
19210.7 13.0068
19210.9 8.45240
19211.1 6.00671
19211.5 3.44665
19211.9 2.27884
19212.6 1.24222
19213.4 0.816755
19214.9 0.478164
19216.5 0.348487
19219.6 0.249141
19222.6 0.212001
19235.0 0.171719
19259.7 0.155867
19309.0 0.142383
19407.7 0.121158
19605.2 0.0826052
19802.6 0.0486974
20000.0 0.0216366
20086.7 0.0127582
20173.3 0.00622827
20260.0 0.00250046
20346.6 0.00211363
20433.3 0.00571032
20519.9 0.0140581
20606.6 0.0280814
20693.3 0.0488882
20779.9 0.0778283
20866.6 0.116535
21039.9 0.231685
21213.2 0.416557
21386.5 0.705579
21559.8 1.15368
21733.1 1.85133
21906.4 2.95374
22079.8 4.73908
22253.1 7.73184
22426.4 12.9715
22599.7 22.5951
22773.0 40.8084
23149.0 112.943
23242.8 115.720
23336.5 106.240
23524.0 75.4644
23730.9 49.8871
23937.7 34.9654
24144.5 26.1362
24351.4 20.5845
24558.2 16.8780
24765.1 14.2754
25178.8 10.9276
25592.4 8.90810
26006.1 7.57709
26833.5 5.95227
27660.9 5.00835
28488.3 4.39508
30143.0 3.64693
31797.8 3.20550
33452.5 2.91138
36762.0 2.53642
43381.0 2.12878
50000.0 1.88503
50572.4 1.86766
50858.6 1.85906
51001.7 1.85456
51073.2 1.85196
51109.0 1.85046
51126.9 1.85144
51135.8 1.86351
51140.3 1.92278
51142.5 2.16176
51143.7 2.99136
51144.2 5.34433
51144.5 10.2401
51144.6 17.0252
51144.8 31.8548
51144.9 50.7871
51145.0 62.4091
51145.0 51.3339
51145.1 32.5385
51145.3 19.1520
51145.4 12.1543
51145.6 6.67485
51146.1 3.63760
51147.0 2.42305
51148.8 2.02450
51152.5 1.90445
51159.9 1.86855
51174.6 1.85692
51204.2 1.85222
51263.2 1.84906
51381.2 1.84511
51617.3 1.83833
52089.4 1.82581
52561.5 1.81468
53033.6 1.80622
53505.7 1.80445
53741.8 1.80991
53977.9 1.82601
54213.9 1.86883
54332.0 1.91480
54450.0 2.00023
54568.0 2.17971
54627.0 2.35113
54686.0 2.64537
54745.1 3.20898
54774.6 3.70359
54804.1 4.48406
54833.6 5.81003
54863.1 8.29076
54877.9 10.3923
54892.6 13.5427
54907.4 18.4068
54922.1 25.9439
54941.8 40.6921
54961.4 50.7206
54981.1 41.1852
55000.7 26.5636
55012.8 20.1150
55025.0 15.5825
55049.2 10.1589
55073.5 7.30877
55097.8 5.67245
55122.0 4.65850
55146.3 3.99056
55194.8 3.19611
55243.3 2.76053
55291.8 2.49613
55388.9 2.20414
55485.9 2.05387
55583.0 1.96560
55777.0 1.86953
55971.1 1.81935
56165.2 1.78851
56553.4 1.75134
56941.5 1.72800
57329.7 1.71048
58106.0 1.68295
59658.7 1.63864
61211.3 1.59915
64316.6 1.52475
65869.3 1.48792
66645.6 1.46864
67033.8 1.45864
67227.9 1.45904
67276.4 1.46614
67324.9 1.49255
67349.2 1.53320
67361.3 1.57486
67373.4 1.65098
67385.5 1.80932
67391.6 1.95982
67397.7 2.21635
67403.7 2.70401
67406.8 3.12679
67409.8 3.78601
67412.8 4.88989
67415.9 6.89137
67417.4 8.54246
67418.9 10.9320
67420.4 14.5126
67421.9 19.7999
67424.2 31.1375
67426.4 38.9279
67428.7 31.7210
67430.9 20.5700
67433.1 13.4914
67435.3 9.43453
67437.4 7.05155
67439.6 5.57315
67441.8 4.60523
67444.0 3.94129
67448.3 3.12013
67452.7 2.65031
67457.0 2.35811
67465.7 2.02714
67474.5 1.85332
67483.2 1.75055
67500.6 1.63913
67518.0 1.58245
67535.4 1.54933
67570.3 1.51338
67640.0 1.48349
67709.7 1.47047
67849.1 1.45775
67988.5 1.45054
68267.3 1.44063
68546.0 1.43267
69103.6 1.41845
69661.2 1.40498
71891.5 1.35239
74121.8 1.29891
75236.9 1.27079
75794.5 1.25731
75933.9 1.25611
76073.3 1.26216
76143.0 1.27633
76177.9 1.29252
76212.7 1.32401
76247.5 1.39360
76265.0 1.46284
76282.4 1.58601
76299.8 1.83343
76308.5 2.06027
76317.2 2.43410
76326.0 3.10798
76330.3 3.66430
76334.7 4.48660
76339.0 5.76798
76343.4 7.87021
76347.7 11.5429
76352.1 18.1161
76356.5 28.5649
76360.9 35.7592
76365.2 29.1589
76369.6 18.9058
76374.1 12.1468
76378.6 8.37548
76383.0 6.20125
76387.5 4.87017
76391.9 4.00692
76396.4 3.41885
76405.3 2.69521
76414.2 2.28494
76423.2 2.03024
76441.0 1.74305
76458.8 1.59256
76476.7 1.50352
76512.4 1.40676
76548.1 1.35726
76583.7 1.32805
76655.1 1.29581
76726.5 1.27853
76797.8 1.26764
76940.6 1.25411
77226.1 1.23868
77511.5 1.22806
78082.5 1.21072
78653.4 1.19500
80937.2 1.13435
85504.8 1.00651
90072.3 0.861361
92356.1 0.783275
92927.1 0.767657
93498.0 0.765590
93783.5 0.783997
93926.2 0.808176
94069.0 0.856302
94211.7 0.961080
94283.1 1.06229
94354.4 1.23636
94425.8 1.56912
94461.5 1.86018
94497.2 2.31785
94532.9 3.09196
94568.5 4.53205
94586.4 5.74629
94604.2 7.56208
94622.1 10.3581
94639.9 14.6844
94663.6 23.1544
94687.3 29.0868
94711.0 23.6693
94734.7 15.0883
94751.8 10.7686
94768.9 7.91918
94786.1 6.04073
94803.2 4.77066
94837.4 3.24725
94871.7 2.41859
94905.9 1.92347
94940.1 1.60542
95008.6 1.23549
95077.1 1.03555
95145.6 0.913876
95282.5 0.775165
95419.5 0.698064
95488.0 0.673037
95556.4 0.659892
95624.9 0.674391
95659.2 0.708254
95693.4 0.786742
95727.6 0.973115
95744.7 1.15843
95761.9 1.47617
95779.0 2.06214
95796.1 3.25851
95804.7 4.34279
95813.2 6.06039
95821.8 8.87822
95830.3 13.5233
95841.0 22.3971
95851.7 28.5271
95862.4 23.4869
95873.1 15.6119
95881.1 11.4229
95889.2 8.63812
95897.2 6.77729
95905.3 5.49877
95921.4 3.92666
95937.5 3.04020
95953.7 2.49160
95969.8 2.12723
96002.0 1.68466
96034.3 1.43249
96066.5 1.27277
96131.0 1.08490
96195.5 0.979206
96260.0 0.911660
96388.9 0.829709
96517.9 0.780774
96646.9 0.747288
96904.8 0.702272
97420.7 0.646882
97936.5 0.607776
98968.3 0.544014
100000 0.484984
100671 0.446869
100838 0.439318
101006 0.439840
101090 0.453295
101132 0.471158
101174 0.508088
101215 0.593243
101236 0.680251
101257 0.836805
101278 1.15803
101289 1.45718
101299 1.95077
101310 2.86250
101315 3.63518
101320 4.77533
101326 6.61925
101331 9.67395
101336 15.1647
101341 25.4169
101346 40.9590
101351 51.8737
101356 42.2740
101361 26.9817
101365 18.7753
101368 13.6003
101372 10.2191
101376 7.94564
101383 5.22860
101390 3.75196
101398 2.86818
101405 2.29909
101420 1.63537
101435 1.27692
101450 1.06071
101479 0.822228
101509 0.698920
101538 0.625901
101598 0.545481
101657 0.502828
101716 0.476457
101835 0.444707
101953 0.425081
102071 0.410729
102308 0.388952
102782 0.355355
103256 0.325982
105151 0.217468
107046 0.117915
107993 0.0758302
108940 0.0443740
109414 0.0348262
109888 0.0310962
110362 0.0349227
110835 0.0485699
111309 0.0750076
111783 0.118127
112257 0.183106
112730 0.276861
113204 0.408733
113678 0.591294
114151 0.841804
114625 1.18390
115099 1.65018
115573 2.28489
116520 4.31747
117193 6.68963
117865 10.1169
119210 19.0570
119883 21.9876
120555 22.2747
121900 17.9419
122811 14.5846
123721 11.9058
124631 9.88295
125542 8.34955
127363 6.17374
128273 5.30984
128728 4.88553
128956 4.67693
129013 4.63657
129070 4.63116
129098 4.67798
129112 4.73903
129127 4.85958
129141 5.12034
129148 5.36573
129155 5.77640
129162 6.52552
129166 7.15789
129169 8.07246
129173 9.54211
129176 11.9006
129180 16.1542
129183 23.6169
129187 35.8053
129191 44.2443
129194 36.8072
129198 25.1246
129202 16.4908
129206 11.9988
129210 9.54911
129214 8.10494
129218 7.19176
129222 6.58014
129230 5.83792
129239 5.42029
129247 5.16023
129263 4.86287
129280 4.69837
129296 4.59402
129329 4.46487
129394 4.31707
129460 4.21320
129722 3.86271
129983 3.48748
130245 3.03321
130507 2.43844
130638 2.05781
130769 1.59864
130900 1.04507
131031 0.428559
131097 0.165244
131129 0.0839043
131162 0.0708630
131195 0.171482
131211 0.285507
131228 0.456253
131244 0.700761
131260 1.03401
131293 2.06245
131313 3.01579
131334 4.26435
131374 7.78924
131415 12.4192
131455 16.9195
131496 19.7366
131536 20.4367
131617 18.3662
131685 15.9825
131753 14.0066
131821 12.4869
131889 11.3239
132025 9.70433
132160 8.64852
132296 7.91028
132432 7.36464
132704 6.60697
132975 6.09839
133247 5.72670
133790 5.20507
134333 4.84343
134876 4.57557
135148 4.47674
135284 4.44365
135420 4.43419
135555 4.48078
135623 4.55390
135691 4.70428
135759 5.02989
135793 5.33622
135827 5.83993
135861 6.73749
135895 8.50014
135912 10.0650
135929 12.5088
135946 16.4726
135963 22.9266
135983 34.9283
136004 43.5318
136025 36.4098
136045 24.8016
136065 17.2073
136086 12.8640
136106 10.2929
136126 8.69969
136146 7.64609
136167 6.92262
136207 6.01425
136248 5.48675
136288 5.15088
136369 4.75677
136450 4.53613
136531 4.39477
136693 4.21961
136855 4.10897
137017 4.02740
137341 3.90471
137989 3.72534
138637 3.58305
139933 3.35117
141229 3.16135
143821 2.85717
146413 2.61576
151596 2.23400
154188 2.07043
154836 2.03191
155484 1.99647
155808 1.98266
155970 1.97875
156132 1.97977
156294 1.99292
156375 2.01057
156456 2.04598
156537 2.12397
156578 2.20043
156618 2.33439
156659 2.59833
156679 2.83773
156699 3.22611
156719 3.92213
156730 4.48880
156740 5.32285
156750 6.61058
156760 8.71270
156770 12.3475
156780 18.8110
156790 28.9909
156800 35.7994
156811 29.0113
156821 18.8339
156829 13.4787
156837 10.0963
156844 7.91487
156852 6.46414
156868 4.75263
156883 3.83665
156899 3.29280
156915 2.94926
156946 2.55415
156977 2.34395
157008 2.21952
157071 2.08426
157133 2.01532
157196 1.97458
157321 1.92877
157446 1.90279
157571 1.88491
157821 1.85913
158321 1.82046
158821 1.78634
159821 1.72035
160821 1.65343
162821 1.50973
163321 1.47030
163821 1.42834
164321 1.38255
164571 1.36548
164633 1.37245
164696 1.41250
164727 1.47978
164743 1.54939
164758 1.67570
164774 1.93185
164782 2.16677
164789 2.55132
164797 3.23400
164805 4.58830
164809 5.80019
164813 7.71483
164817 10.8712
164821 16.1568
164825 25.5700
164830 32.4998
164834 27.0864
164839 17.8760
164841 13.6830
164844 10.7986
164849 7.26403
164855 5.35687
164860 4.23956
164866 3.53574
164871 3.06552
164882 2.49645
164893 2.17761
164903 1.98031
164925 1.75700
164947 1.63839
164968 1.56672
165011 1.48597
165098 1.41415
165184 1.37970
165357 1.34115
165530 1.31528
165876 1.27367
166222 1.23566
166913 1.15972
167605 1.07920
168296 0.991885
168988 0.899220
169334 0.857272
169507 0.843358
169680 0.843705
169853 0.883026
169939 0.939658
170025 1.05541
170112 1.30823
170155 1.54729
170198 1.94372
170242 2.65100
170285 4.04675
170306 5.28068
170328 7.20003
170350 10.2931
170371 15.3273
170398 24.9759
170425 32.0954
170452 26.6608
170479 17.4781
170499 12.6509
170519 9.45247
170538 7.32127
170558 5.86413
170598 4.08723
170637 3.09719
170677 2.48982
170717 2.09118
170796 1.61103
170875 1.33836
170954 1.16481
171113 0.955057
171271 0.828533
171430 0.739146
171747 0.609361
172064 0.507584
172381 0.417677
173015 0.256766
173648 0.131338
173965 0.0999952
174124 0.0991725
174282 0.112859
174441 0.146053
174599 0.205476
174758 0.300229
174916 0.442535
175075 0.649268
175233 0.942636
175392 1.35293
175550 1.91841
175810 3.31228
176070 5.48186
176590 11.8564
176850 14.4328
177110 15.3273
177630 13.4065
178019 11.2577
178408 9.48163
178796 8.13771
179185 7.13137
179963 5.77386
180740 4.92488
181517 4.35216
182295 3.94175
183072 3.63245
183461 3.50222
183656 3.43776
183753 3.39941
183801 3.37394
183826 3.37672
183838 3.49649
183844 3.99752
183847 5.26759
183848 7.34679
183849 9.75182
183850 14.0121
183851 21.2538
183852 26.5322
183852 22.6953
183853 15.8476
183854 11.0532
183855 8.60128
183856 6.21781
183860 4.61332
183866 3.86685
183880 3.57334
183906 3.45767
183959 3.40109
184064 3.35551
184275 3.29451
184697 3.19324
185541 3.02428
187228 2.76868
188072 2.67002
188494 2.62709
188916 2.58931
189338 2.55971
189549 2.55095
189760 2.55114
189971 2.57238
190076 2.60173
190182 2.66053
190234 2.71152
190287 2.78910
190340 2.91366
190393 3.12922
190445 3.54715
190472 3.91819
190498 4.50876
190524 5.53519
190551 7.50974
190564 9.24687
190577 11.9490
190590 16.3253
190603 23.4308
190619 36.0406
190634 44.4810
190650 36.0638
190665 23.4196
190678 16.3769
190691 12.0615
190704 9.34725
190717 7.60210
190743 5.58745
190768 4.53962
190794 3.92788
190819 3.54419
190871 3.10636
190922 2.87558
190973 2.73918
191025 2.65121
191076 2.59073
191179 2.51395
191281 2.46754
191487 2.41291
191692 2.37956
191897 2.35504
192308 2.31729
192718 2.28624
193129 2.25845
193950 2.20831
195592 2.12069
197234 2.04390
198877 1.97440
200519 1.90942
202161 1.84475
202982 1.81352
203188 1.81197
203290 1.81682
203393 1.83188
203496 1.87336
203547 1.91807
203598 1.99974
203650 2.16278
203675 2.30831
203701 2.53679
203727 2.92031
203752 3.60800
203778 4.96325
203791 6.11616
203803 7.78254
203825 11.8394
203846 14.9106
203867 12.7454
203888 8.94288
203912 6.13876
203936 4.63070
203960 3.78186
203984 3.26846
204008 2.93570
204032 2.70983
204080 2.42957
204128 2.26752
204176 2.16484
204271 2.04467
204367 1.97787
204463 1.93574
204654 1.88534
204845 1.85545
205037 1.83488
205419 1.80648
205802 1.78595
206185 1.76913
206950 1.74095
207715 1.71687
208481 1.69664
208863 1.68973
209246 1.69091
209437 1.70218
209533 1.71593
209629 1.74268
209724 1.80079
209772 1.85740
209820 1.95635
209868 2.15163
209892 2.32787
209916 2.61508
209939 3.12674
209951 3.54692
209963 4.16010
209975 5.11466
209987 6.65858
209999 9.34751
210011 14.0759
210023 21.5432
210035 26.5294
210047 21.5845
210060 14.1351
210067 10.7824
210075 8.45538
210090 5.71700
210106 4.30366
210121 3.50256
210137 3.01090
210152 2.68948
210183 2.31046
210214 2.10468
210244 1.98076
210306 1.84528
210367 1.77611
210429 1.73582
210552 1.69211
210798 1.65494
211045 1.63716
211537 1.61591
212030 1.60018
213015 1.57308
213999 1.54797
215969 1.50010
217939 1.45396
219909 1.40890
221879 1.36457
223849 1.32093
224834 1.30021
225327 1.29362
225573 1.30436
225635 1.31902
225696 1.36110
225727 1.41773
225758 1.56689
225773 1.75418
225788 2.20692
225796 2.71979
225804 3.79440
225808 4.84127
225812 6.58351
225815 9.77391
225819 16.0810
225823 24.8431
225826 30.8945
225829 24.8643
225833 16.0769
225835 11.1382
225838 8.06677
225841 6.15467
225844 4.91803
225849 3.50049
225855 2.76316
225866 2.06767
225877 1.76390
225900 1.51261
225922 1.41421
225967 1.33786
226012 1.30906
226190 1.27736
226548 1.26240
227264 1.24480
228695 1.21245
231557 1.14772
237282 1.01262
240144 0.939722
243006 0.859999
244438 0.816175
245869 0.770545
246584 0.751910
246942 0.748547
247300 0.757336
247658 0.799768
247837 0.852985
248016 0.957217
248194 1.17730
248284 1.38058
248373 1.70915
248463 2.27541
248552 3.33031
248642 5.49885
248686 7.42929
248731 10.3185
248800 17.0008
248869 22.2497
248938 18.9241
249006 12.7299
249055 9.46711
249105 7.24425
249154 5.73705
249203 4.69386
249302 3.40028
249400 2.66830
249499 2.21710
249597 1.92455
249646 1.82206
249696 1.75660
249720 1.75364
249745 1.81633
249757 1.92484
249770 2.21639
249776 2.56938
249782 3.33423
249785 4.11882
249788 5.55006
249791 8.47201
249793 10.9849
249794 14.8990
249796 22.6423
249799 28.0016
249801 22.5464
249803 14.6444
249805 9.19730
249808 6.36576
249812 3.83659
249817 2.83078
249821 2.34281
249831 1.90517
249840 1.71912
249858 1.56042
249877 1.48992
249950 1.36898
250098 1.24557
250245 1.16132
250393 1.09873
250540 1.05251
250688 1.02520
250762 1.02682
250835 1.06427
250872 1.12805
250909 1.30638
250928 1.53445
250946 2.07732
250955 2.67796
250964 3.89270
250969 5.01028
250974 6.83552
250978 9.99310
250983 15.6121
250987 24.5878
250992 30.4478
250997 24.4493
251001 15.6871
251005 10.6226
251009 7.60955
251013 5.69780
251017 4.49833
251025 3.10730
251033 2.39237
251049 1.70998
251064 1.40968
251096 1.15692
251127 1.05465
251190 0.969575
251253 0.932197
251379 0.894034
251504 0.870840
251756 0.837898
252008 0.812461
252511 0.772078
253014 0.739520
254020 0.686470
255026 0.641704
257038 0.562466
259050 0.488078
263075 0.337963
265087 0.252125
265590 0.225288
266093 0.191950
266596 0.150019
266722 0.147281
266848 0.182418
266911 0.258736
266942 0.342202
266974 0.494089
267005 0.794575
267021 1.05606
267037 1.45792
267052 2.10451
267068 3.20265
267084 5.17611
267099 8.83080
267116 15.0914
267132 20.0703
267148 17.1060
267164 11.4500
267179 7.72577
267194 5.47920
267209 4.09357
267224 3.19827
267255 2.16179
267285 1.60842
267315 1.27678
267345 1.06076
267406 0.802318
267466 0.656488
267526 0.564254
267647 0.455338
267768 0.393343
267889 0.353164
268131 0.303207
268614 0.250245
269097 0.219349
271030 0.155821
272963 0.141869
273930 0.154572
274413 0.162625
274655 0.162238
274775 0.170537
274836 0.251479
274851 0.339079
274866 0.554590
274874 0.790330
274881 1.23250
274889 2.17946
274893 3.04676
274896 4.33234
274902 7.28026
274907 9.66317
274913 8.26947
274919 5.54795
274925 3.52908
274931 2.42604
274937 1.78213
274943 1.39349
274956 0.960661
274968 0.741143
274992 0.530384
275017 0.434425
275066 0.349665
275115 0.313876
275213 0.285535
275311 0.276844
275507 0.277859
275703 0.288649
276096 0.326884
276292 0.368403
276341 0.394716
276390 0.456238
276414 0.531324
276439 0.715975
276451 0.934518
276463 1.41578
276469 1.91837
276476 2.83425
276482 4.73645
276485 6.50343
276488 9.16788
276492 14.4433
276496 18.0398
276500 14.4985
276504 9.23733
276509 5.61681
276514 3.67208
276518 2.59922
276523 1.97440
276532 1.30276
276541 0.977858
276559 0.687777
276577 0.568654
276614 0.475418
276650 0.442625
276796 0.424148
277088 0.460382
277380 0.512393
277672 0.573430
278840 0.914478
280155 1.55354
281470 2.60257
282785 4.20607
284100 6.31470
285415 8.36914
286730 9.46882
289360 8.35910
291084 6.87413
292808 5.59572
294531 4.60703
295393 4.20712
295824 4.03328
296040 3.97320
296094 3.97652
296148 4.01896
296175 4.08912
296201 4.27992
296215 4.51673
296228 5.05968
296235 5.64979
296242 6.78249
296245 7.80025
296249 9.34667
296252 11.9552
296255 16.1580
296259 23.4396
296263 28.3277
296267 23.4228
296270 16.0143
296275 10.7481
296279 8.06507
296284 6.62723
296288 5.79286
296297 4.92999
296306 4.52191
296323 4.16356
296341 4.01445
296376 3.89061
296411 3.83684
296552 3.74582
296833 3.63621
297396 3.44398
298522 3.10261
300774 2.54503
303026 2.10310
303589 2.00609
304152 1.91504
304434 1.87360
304715 1.84077
304856 1.83515
304997 1.85835
305067 1.90666
305138 2.04701
305173 2.22448
305190 2.38287
305208 2.63594
305226 3.07204
305243 3.90448
305252 4.62364
305261 5.72370
305270 7.46506
305278 10.2024
305289 15.3341
305300 18.7873
305311 15.3999
305322 10.2875
305332 7.35016
305341 5.58253
305351 4.48101
305360 3.78078
305379 2.97676
305398 2.55918
305417 2.31645
305436 2.16307
305473 1.98704
305549 1.83385
305624 1.76643
305776 1.70030
305927 1.66162
306229 1.60527
306531 1.55750
307135 1.46965
307739 1.38633
310156 1.07432
312572 0.776392
313176 0.699187
313780 0.616242
314385 0.524400
314536 0.508273
314687 0.527525
314762 0.591991
314800 0.666143
314838 0.802966
314876 1.07342
314913 1.66189
314932 2.22525
314951 3.16015
314970 4.78605
314989 7.65616
315010 12.9475
315031 17.3676
315052 15.0625
315073 10.2655
315097 6.54841
315122 4.52505
315146 3.37488
315170 2.67195
315194 2.21285
315218 1.89610
315267 1.49661
315315 1.26015
315364 1.10676
315461 0.921140
315557 0.812932
315654 0.741445
315848 0.650036
316235 0.546927
316622 0.480918
317397 0.385866
318172 0.313698
318946 0.258571
319721 0.225576
320108 0.224547
320302 0.232383
320496 0.251636
320689 0.295902
320786 0.338979
320883 0.413508
320980 0.559026
321028 0.690361
321077 0.905998
321125 1.29791
321149 1.62681
321174 2.12592
321198 2.93237
321222 4.34267
321246 7.05122
321258 9.34026
321270 12.6302
321289 19.9442
321308 24.8551
321327 19.8703
321346 12.3551
321365 7.63352
321383 4.98050
321402 3.45152
321420 2.52353
321439 1.92202
321457 1.51597
321494 1.02473
321531 0.751835
321568 0.587165
321642 0.408690
321716 0.321043
321789 0.273159
321937 0.228579
322085 0.213000
322233 0.209920
322528 0.221442
323119 0.281214
323710 0.379290
324469 0.567825
325228 0.842936
325986 1.22538
326745 1.73550
328263 3.18318
329780 5.07365
331146 6.71608
331829 7.34265
332170 7.59320
332256 7.66834
332341 7.80358
332384 7.95555
332405 8.09107
332426 8.30863
332448 8.68913
332469 9.41179
332490 10.9473
332501 12.3638
332512 14.5178
332528 19.5736
332544 23.8266
332560 21.7283
332576 17.2610
332592 14.0827
332608 12.2248
332625 11.1105
332641 10.4062
332673 9.60958
332706 9.20076
332771 8.82152
332836 8.67020
332965 8.59899
333095 8.66775
333225 8.86750
333290 9.05309
333355 9.35262
333420 9.87727
333485 10.9153
333517 11.8552
333549 13.3628
333582 15.9331
333614 20.4016
333648 27.5113
333681 32.3122
333715 27.5208
333748 20.2308
333781 15.6173
333814 13.0347
333847 11.5415
333879 10.6334
333945 9.64934
334011 9.16523
334076 8.89406
334142 8.72695
334274 8.53767
334405 8.43381
334536 8.36527
334799 8.26790
335325 8.10428
335850 7.92805
336895 7.52586
337940 7.09110
340031 6.24976
342121 5.52293
344212 4.91435
346302 4.39178
348392 3.89978
349438 3.62736
349960 3.46697
350483 3.27256
351005 3.01225
351267 2.83631
351528 2.60605
351789 2.28405
351920 2.06743
352051 1.79486
352181 1.44460
352312 0.995442
352442 0.472199
352508 0.260105
352540 0.211308
352573 0.238018
352599 0.338626
352624 0.537045
352650 0.861500
352675 1.33738
352726 2.77334
352777 4.62881
352828 6.31227
352879 7.36498
352981 7.79037
353069 7.40756
353157 6.92575
353245 6.49416
353333 6.13575
353509 5.60122
353685 5.23217
353861 4.96489
354037 4.76268
354389 4.47621
354741 4.28193
355093 4.14144
355797 3.95870
356501 3.87647
356853 3.88244
357205 3.94475
357557 4.12162
357733 4.29870
357909 4.59536
358085 5.12387
358261 6.16122
358349 7.07687
358437 8.50531
358525 10.8258
358613 14.6463
358715 21.3223
358817 25.8174
358919 21.2797
359020 14.4330
359090 11.1500
359160 8.95752
359230 7.49055
359300 6.48898
359440 5.27151
359580 4.60002
359720 4.19304
359860 3.92792
360141 3.61142
360421 3.43224
360701 3.31663
361261 3.17150
361821 3.07739
362381 3.00588
363502 2.89404
364622 2.80253
365743 2.72199
367983 2.58094
370224 2.45793
372465 2.34830
374706 2.25007
375826 2.20561
376386 2.19149
376527 2.19649
376667 2.22308
376737 2.26432
376807 2.37241
376842 2.49752
376877 2.75554
376894 2.99421
376912 3.38313
376929 4.05146
376947 5.23777
376984 9.20394
376993 9.10993
377003 8.30008
377021 6.18923
377035 5.05972
377048 4.29373
377061 3.77953
377074 3.42917
377101 2.99921
377127 2.75985
377180 2.51768
377233 2.40348
377340 2.29999
377446 2.25408
377658 2.21258
377870 2.19336
378294 2.17648
378719 2.17532
379143 2.19404
379355 2.21798
379568 2.26275
379780 2.35327
379886 2.43601
379992 2.57275
380098 2.82428
380151 3.03928
380204 3.37240
380257 3.93273
380310 4.97759
380337 5.87073
380363 7.23318
380390 9.39693
380416 12.8833
380447 18.9296
380478 23.0469
380509 18.7425
380540 12.1498
380561 9.02485
380582 6.96297
380603 5.60689
380624 4.69503
380667 3.61452
380709 3.03996
380752 2.70583
380794 2.49757
380879 2.26670
380964 2.15084
381048 2.08621
381218 2.02212
381387 1.99359
381557 1.97889
381896 1.96519
382574 1.95734
383252 1.96109
383930 1.97976
384608 2.02735
384947 2.07174
385286 2.14157
385456 2.19246
385625 2.26358
385710 2.31548
385795 2.39998
385837 2.47944
385880 2.64703
385901 2.82980
385922 3.22019
385933 3.61163
385943 4.32325
385954 5.77531
385959 7.07592
385964 8.99032
385972 12.9797
385979 15.6825
385987 13.0726
385994 9.10353
386000 7.01115
386006 5.69271
386017 4.27368
386029 3.60191
386040 3.24917
386063 2.91515
386086 2.77663
386132 2.68280
386177 2.67224
386269 2.72752
386360 2.82730
386543 3.12350
386726 3.58410
386909 4.32136
387092 5.56935
387275 7.82785
387458 12.0643
387629 18.4041
387800 22.6642
387971 18.5600
388142 12.3544
388263 9.30390
388383 7.26254
388504 5.89620
388624 4.95954
388866 3.81723
389107 3.18390
389348 2.79992
389589 2.55064
390072 2.25908
390554 2.10438
391036 2.01751
392001 1.95464
392966 2.00475
393931 2.21479
394895 2.77780
395378 3.34319
395860 4.25417
397260 8.23559
397444 8.29971
397627 8.16252
397719 8.05204
397811 7.98577
397857 8.04399
397880 8.14151
397903 8.33659
397926 8.73118
397948 9.57135
397960 10.3497
397971 11.5798
397983 13.6245
397994 16.9786
398008 23.2320
398022 27.4146
398050 17.6998
398060 14.8678
398069 12.9377
398088 10.6518
398108 9.44846
398127 8.74156
398146 8.27960
398165 7.95686
398203 7.52423
398241 7.23508
398279 7.01563
398355 6.67667
398431 6.40176
398508 6.16004
398660 5.73378
399006 4.94395
399353 4.33649
400045 3.50162
400738 2.98264
401430 2.64083
402816 2.22811
404201 1.98929
406971 1.71578
409742 1.55078
412512 1.42994
415282 1.33126
416667 1.28717
418053 1.24594
419438 1.20959
419784 1.20357
420130 1.20445
420304 1.21404
420477 1.24834
420563 1.29680
420650 1.42273
420693 1.57446
420736 1.91484
420758 2.26652
420780 2.91465
420791 3.45738
420801 4.26314
420812 5.49168
420823 7.36859
420838 11.1189
420853 13.6615
420867 11.2122
420882 7.46908
420894 5.44085
420906 4.16007
420918 3.34601
420929 2.81083
420953 2.18668
420977 1.85612
421024 1.53875
421071 1.39724
421165 1.27704
421260 1.22762
421449 1.18595
421637 1.16713
422015 1.14682
422392 1.13330
423903 1.09280
424658 1.07597
425413 1.06278
425791 1.05981
426168 1.06510
426357 1.07750
426546 1.11388
426640 1.16104
426735 1.27903
426782 1.42055
426829 1.74829
426853 2.10642
426876 2.83183
426888 3.50645
426900 4.62767
426912 6.62606
426923 10.2979
426934 15.6752
426945 19.2926
426956 15.6113
426966 10.0242
426975 6.99807
426983 5.13126
426992 3.94542
427000 3.18461
427018 2.30622
427035 1.85388
427069 1.43016
427103 1.25026
427171 1.10679
427239 1.05367
427376 1.01533
427512 1.00183
428059 0.985335
429151 0.973805
429697 0.977851
429970 0.986888
430243 1.00685
430516 1.05233
430653 1.09706
430790 1.17491
430926 1.32674
430994 1.46270
431063 1.68221
431131 2.07069
431165 2.38593
431199 2.84813
431233 3.56191
431267 4.72166
431302 6.72562
431336 10.2966
431369 15.8272
431403 19.6000
431437 15.8907
431471 10.1953
431508 6.31552
431544 4.27045
431581 3.14493
431618 2.48046
431654 2.06191
431691 1.78362
431765 1.45082
431838 1.26833
431911 1.15808
432058 1.03749
432205 0.976240
432352 0.940538
432645 0.901515
433233 0.866474
433820 0.847729
434407 0.834870
434994 0.827881
435288 0.829679
435581 0.844089
435728 0.866783
435875 0.928709
435948 1.00736
436022 1.20068
436058 1.42601
436095 1.92156
436114 2.42827
436132 3.35689
436141 4.13888
436150 5.30460
436159 7.09449
436169 9.81898
436181 15.1582
436193 18.7640
436205 15.1604
436217 9.70096
436228 6.38066
436240 4.47419
436251 3.33750
436262 2.63806
436285 1.86517
436307 1.48147
436352 1.13195
436397 0.985825
436487 0.869388
436577 0.825466
436756 0.792224
436936 0.779318
437655 0.761018
438374 0.753641
439093 0.754615
439812 0.774107
440171 0.800129
440530 0.851314
440890 0.960088
441070 1.06240
441249 1.23358
441429 1.54762
441519 1.81116
441609 2.20804
441699 2.84128
441788 3.92014
441878 5.90795
441968 9.74198
442047 15.2117
442126 18.8992
442205 15.2954
442283 9.81442
442373 5.92950
442462 3.91638
442551 2.82191
442641 2.17972
442730 1.77566
442820 1.50715
442998 1.18451
443177 1.00549
443356 0.895670
443714 0.771874
444072 0.705475
444429 0.664087
445145 0.613616
445860 0.581564
446575 0.557555
448006 0.522210
449437 0.503589
450152 0.506755
450868 0.529773
451583 0.600500
451941 0.677222
452298 0.815289
452656 1.08400
452835 1.31771
453014 1.67818
453193 2.26595
453371 3.28985
453550 5.21412
453729 9.00153
453887 14.4724
454044 18.1632
454202 14.7197
454359 9.48699
454510 6.19477
454661 4.27263
454811 3.12246
454962 2.39649
455264 1.57357
455565 1.14048
455867 0.879536
456168 0.713744
456319 0.669460
456470 0.696595
456545 0.791832
456621 1.06056
456658 1.35515
456696 1.89673
456734 2.95980
456753 3.85591
456771 5.14322
456840 12.0845
456874 10.9129
456908 7.61867
456941 5.23849
456975 3.80357
457008 2.92920
457042 2.36951
457109 1.71992
457176 1.36791
457243 1.15079
457310 1.00346
457445 0.812030
457579 0.683689
457713 0.577235
457847 0.478348
457881 0.473838
457914 0.542472
457931 0.679229
457948 1.06104
457956 1.49804
457965 2.34779
457973 4.14850
457977 5.76716
457981 8.10871
457988 13.8639
457992 16.5982
457995 17.6982
458002 14.5984
458009 9.95657
458014 7.64051
458019 6.02520
458028 4.09047
458038 3.05384
458047 2.44462
458066 1.77881
458086 1.43742
458124 1.10072
458162 0.937479
458239 0.775474
458315 0.691593
458468 0.597385
458621 0.539111
458927 0.458280
459233 0.394898
459538 0.338390
459844 0.297455
459997 0.306559
460074 0.336584
460150 0.406957
460227 0.565037
460265 0.709282
460303 0.933318
460341 1.29205
460380 1.88196
460418 2.88405
460456 4.60217
460505 8.31245
460555 11.7675
460604 10.6950
460653 7.61848
460694 5.64272
460736 4.32361
460777 3.44696
460818 2.84651
460900 2.10646
460983 1.68442
461065 1.41791
461147 1.23699
461312 1.00986
461477 0.873954
461642 0.783713
461971 0.670505
462630 0.553631
463289 0.490452
464607 0.418811
465925 0.377488
467243 0.352265
468561 0.343018
469220 0.351715
469550 0.365663
469879 0.395437
470209 0.464200
470373 0.533223
470538 0.654748
470703 0.890999
470785 1.09819
470868 1.42120
470950 1.95686
471032 2.91032
471115 4.75958
471156 6.31798
471197 8.53455
471267 13.9043
471337 17.5184
471407 14.2626
471477 9.32955
471520 7.15127
471562 5.59784
471648 3.69346
471733 2.66084
471819 2.05178
471904 1.66550
471989 1.40581
472160 1.08934
472331 0.910942
472502 0.800702
472843 0.677849
473185 0.616206
473527 0.583180
474210 0.558045
475955 0.592966
476827 0.636674
477263 0.659333
477481 0.664263
477590 0.660653
477645 0.677770
477672 0.814275
477686 1.29880
477692 2.36690
477696 3.83957
477699 7.31907
477702 11.8566
477704 14.9345
477707 12.3582
477709 8.28269
477714 4.28052
477718 2.74410
477728 1.64745
477746 1.09821
477782 0.871839
477854 0.788065
477999 0.764185
478289 0.775100
478869 0.827166
480030 0.967770
482350 1.37671
484670 1.99686
485830 2.40179
486410 2.63209
486700 2.77643
486773 2.83405
486845 2.93255
486881 3.02300
486918 3.18496
486954 3.53469
486972 3.88441
486990 4.51523
487001 5.16332
487012 6.19470
487023 7.90763
487034 10.7551
487046 15.8715
487059 19.3395
487072 16.2340
487084 11.4950
487098 8.18883
487112 6.39855
487126 5.37519
487140 4.75896
487167 4.08918
487195 3.75862
487251 3.46294
487306 3.34608
487417 3.27495
487527 3.27641
487749 3.34347
487970 3.44170
488413 3.67997
488856 3.96819
489299 4.33935
489741 4.90541
489963 5.36262
490184 6.08660
490406 7.37777
490627 9.89683
490810 13.3020
490992 15.6446
491174 13.5849
491356 10.3919
491473 8.94971
491590 7.96261
491824 6.83650
492057 6.29344
492291 6.01752
492759 5.80127
493226 5.75697
494161 5.78958
495096 5.81022
496966 5.63693
497901 5.42414
498135 5.35117
498369 5.26483
498602 5.18290
498661 5.19526
498719 5.29740
498748 5.45143
498778 5.80087
498792 6.13306
498807 6.67092
498821 7.56670
498836 9.07202
498875 15.6387
498894 14.7450
498914 11.9016
498927 10.3079
498941 9.17397
498954 8.36698
498968 7.79210
498995 7.04667
499022 6.60378
499076 6.11603
499130 5.86041
499185 5.70299
499239 5.59550
499347 5.45366
499564 5.28755
499780 5.17650
500472 4.91275
501164 4.68280
502549 4.24230
503241 4.02756
503933 3.82376
504279 3.73904
504625 3.70290
504798 3.73923
504971 3.87545
505144 4.26394
505231 4.66750
505317 5.32960
505449 7.01001
505580 8.62673
505712 8.19250
505843 6.81101
505998 5.61439
506152 4.91322
506307 4.48547
506462 4.20299
506771 3.85040
507080 3.63043
507699 3.34462
508317 3.14323
510791 2.58910
515738 1.86588
520686 1.36989
523160 1.16009
523778 1.10387
524397 1.03819
524706 0.997011
525015 0.944713
525324 0.891755
525402 0.904618
525479 0.994602
525518 1.13110
525556 1.44511
525576 1.75033
525595 2.25002
525614 3.09794
525634 4.55489
525683 10.8516
525708 10.0878
525733 7.39575
525755 5.54779
525777 4.34923
525799 3.57074
525821 3.04716
525864 2.41262
525908 2.05771
525952 1.83593
525996 1.68686
526084 1.50063
526171 1.38988
526259 1.31642
526434 1.22407
526610 1.16696
526785 1.12689
527136 1.07172
527837 1.00314
528539 0.958982
529241 0.933909
529591 0.932616
529942 0.946726
530293 0.995073
530468 1.04786
530644 1.14250
530819 1.32713
530907 1.48931
530994 1.74397
531082 2.17225
531170 2.96139
531214 3.62093
531257 4.59550
531301 6.07759
531345 8.33817
531405 12.8333
531464 15.9236
531524 12.9557
531584 8.35399
531636 5.68120
531688 4.07652
531740 3.09673
531791 2.47471
531895 1.77239
531999 1.41239
532103 1.20465
532207 1.07409
532415 0.924325
532622 0.843147
532830 0.792672
533246 0.732035
533661 0.694728
534076 0.667711
534907 0.629422
535738 0.609153
536154 0.610845
536569 0.630548
536985 0.692988
537192 0.761063
537400 0.883604
537608 1.12162
537712 1.32766
537816 1.64342
537920 2.15354
538023 3.02806
538127 4.63308
538231 7.67967
538329 12.3338
538427 15.5046
538525 12.6806
538623 8.33477
538685 6.36632
538746 4.97445
538870 3.29399
538993 2.39552
539116 1.87056
539240 1.53858
539363 1.31553
539610 1.04176
539857 0.884389
540103 0.783818
540597 0.663454
541090 0.593133
541583 0.545797
542570 0.482996
543738 0.433702
544905 0.397377
547241 0.347599
548408 0.334232
549576 0.335193
550160 0.346805
550743 0.374651
551035 0.399938
551327 0.439194
551619 0.504307
551765 0.555452
551911 0.631562
552047 0.749811
552115 0.845522
552183 0.992562
552251 1.24694
552285 1.45475
552319 1.76536
552353 2.25987
552387 3.10880
552421 4.69128
552455 7.78461
552485 12.3333
552515 15.4388
552546 12.7458
552576 8.60786
552609 5.69432
552643 4.14348
552676 3.28909
552710 2.79321
552777 2.31298
552844 2.14826
552978 2.20776
553112 2.54347
553412 3.99834
553713 5.27401
554013 4.23532
554313 2.67000
554526 1.94848
554739 1.48508
554953 1.18215
555166 0.977178
555592 0.728336
556018 0.589445
556445 0.503847
556871 0.447024
557723 0.377793
558576 0.338025
559428 0.312537
561134 0.281461
562839 0.260420
564544 0.236959
566249 0.203631
566675 0.206128
566888 0.219877
567102 0.255907
567315 0.344687
567421 0.431385
567528 0.573254
567634 0.814186
567741 1.24119
567848 2.03741
567954 3.56346
568068 6.49489
568182 9.46937
568239 9.66286
568296 8.87689
568410 6.39865
568480 5.12739
568550 4.17280
568691 2.94750
568831 2.25179
568971 1.82616
569111 1.54698
569252 1.35378
569532 1.10920
569813 0.964909
570093 0.872253
570654 0.765068
571215 0.711222
571776 0.690782
572057 0.697614
572337 0.737477
572477 0.795656
572618 0.942443
572688 1.11076
572758 1.46125
572793 1.79348
572828 2.34964
572863 3.35108
572898 5.21381
572931 8.02038
572964 9.95855
572997 8.16980
573030 5.38568
573068 3.38435
573106 2.35032
573144 1.78931
573182 1.46018
573258 1.11519
573334 0.949429
573486 0.801177
573637 0.738752
573941 0.688173
574245 0.669148
574853 0.657445
575461 0.657678
576676 0.671625
577284 0.694275
577436 0.713937
577587 0.767380
577663 0.836784
577739 1.00658
577777 1.19729
577815 1.58364
577834 1.93639
577853 2.50425
577872 3.46208
577891 5.09430
577912 7.92454
577934 9.87115
577955 8.14242
577976 5.46560
577993 4.00577
578010 3.07340
578026 2.46688
578043 2.06427
578077 1.58374
578110 1.32308
578177 1.06604
578244 0.948125
578378 0.845584
578512 0.803670
578780 0.771742
579048 0.762034
579583 0.761254
580119 0.768556
582262 0.812422
583334 0.830758
584406 0.836428
584941 0.829627
585477 0.815388
585745 0.813216
586013 0.847955
586147 0.920596
586281 1.12050
586348 1.33895
586415 1.73477
586482 2.48905
586549 3.96275
586620 6.83544
586692 9.77887
586763 9.27275
586835 6.93987
586896 5.33663
586957 4.26561
587019 3.55616
587080 3.07225
587202 2.47944
587325 2.14427
587448 1.93538
587570 1.79597
587816 1.62625
588061 1.53078
588306 1.47257
588797 1.41124
589778 1.37845
590758 1.38967
594682 1.54803
598606 1.76115
600568 1.87595
602530 1.99346
603097 2.02864
603381 2.05395
603522 2.10176
603593 2.24800
603629 2.63917
603646 3.38494
603655 4.32704
603664 6.30850
603671 8.96293
603678 10.7978
603685 9.14323
603692 6.55408
603701 4.49996
603711 3.52542
603729 2.74866
603766 2.32924
603840 2.16419
603989 2.11521
604285 2.11433
604878 2.14432
606063 2.21509
608434 2.35924
610804 2.49482
611397 2.52339
611990 2.54445
612286 2.54835
612582 2.54139
612879 2.50937
613027 2.50443
613064 2.53998
613101 2.66323
613138 3.13320
613156 3.83283
613166 4.49089
613175 5.50382
613204 10.9416
613219 10.4990
613233 8.23245
613247 6.58420
613260 5.52690
613287 4.39497
613313 3.85342
613340 3.55358
613393 3.24590
613446 3.09575
613553 2.95535
613659 2.89320
613872 2.84453
614085 2.83584
614298 2.85300
614511 2.91701
614617 2.99949
614724 3.19299
614777 3.40116
614830 3.80489
614857 4.15867
614883 4.70648
614910 5.58624
614936 7.01227
614969 9.66430
615002 11.5017
615035 9.86534
615068 7.30972
615091 6.01766
615115 5.16082
615138 4.58951
615162 4.19907
615209 3.72373
615257 3.46191
615351 3.20135
615445 3.08250
615634 2.98275
615823 2.94600
616201 2.92660
616579 2.93028
617334 2.95675
618090 2.99087
619601 3.06149
620357 3.09081
620735 3.09558
620924 3.08491
621018 3.07385
621065 3.11292
621089 3.32079
621101 3.81448
621107 4.50411
621112 6.13806
621121 11.1791
621126 10.6911
621130 8.35210
621136 6.24660
621141 5.14984
621152 4.19318
621175 3.61601
621219 3.34921
621307 3.24006
621484 3.20016
621837 3.19490
622544 3.21774
623251 3.25539
623605 3.28711
623781 3.31348
623870 3.34849
623914 3.44463
623936 3.72262
623947 4.30954
623953 5.12412
623958 7.05833
623966 11.0948
623973 7.39171
623978 5.70415
623982 4.82867
623991 4.08853
624010 3.66027
624046 3.48563
624119 3.44179
624266 3.48079
624412 3.56861
624558 3.71135
624704 3.94460
624851 4.33889
624997 5.03246
625143 6.27739
625323 8.98682
625503 11.8427
625683 11.4950
625863 9.37127
625998 8.05008
626134 7.11829
626269 6.47579
626404 6.02773
626674 5.47900
626945 5.18777
627486 4.97017
628027 5.02076
628567 5.30285
629108 5.94747
629379 6.52418
629649 7.41574
629920 8.84569
630190 11.1739
630720 16.8591
630985 13.8564
631250 8.27383
631398 5.93951
631546 4.43889
631619 4.08662
631693 4.15988
631767 4.93998
631841 6.87325
631966 13.0751
632028 15.8332
632090 16.8226
632214 14.9602
632338 12.2569
632462 10.2543
632587 8.88267
632711 7.92493
632835 7.23327
633084 6.31915
633332 5.75676
633829 5.12416
634326 4.79489
634824 4.60395
635321 4.48580
636315 4.35995
637309 4.30620
638303 4.28670
640292 4.29651
642280 4.34517
643274 4.38825
644268 4.45852
645263 4.59209
645760 4.71141
646257 4.90351
646754 5.23599
647251 5.86404
647748 7.17607
647997 8.35393
648245 10.1157
648636 14.1774
649027 16.9417
649809 11.2311
650258 8.66578
650708 7.24693
650932 6.77268
651157 6.38426
651381 6.03395
651494 5.90255
651550 6.05289
651578 6.53967
651592 7.16586
651606 8.40941
651637 13.6565
651652 13.3547
651667 11.3187
651681 9.78469
651696 8.78186
651724 7.67606
651752 7.12472
651780 6.80447
651837 6.44874
651894 6.25038
652007 6.02011
652120 5.87628
652346 5.68195
652573 5.54241
653478 5.18202
654383 4.94078
655289 4.72501
657099 4.16227
658910 3.00596
660700 1.04020
661148 0.653525
661595 0.440093
661819 0.407947
662043 0.424075
662490 0.580284
664030 1.69912
665028 2.52847
665527 3.08254
666026 3.99334
666953 7.00281
667416 7.02117
667879 6.19656
668515 5.35860
668832 5.11853
668991 5.03463
669150 4.97863
669277 4.96698
669404 5.02953
669468 5.13765
669531 5.39521
669563 5.65570
669595 6.10929
669627 6.95967
669658 8.60918
669687 11.0505
669716 12.7534
669744 11.2492
669773 8.88086
669805 7.17195
669838 6.27176
669871 5.77190
669903 5.47180
669969 5.14594
670034 4.98054
670164 4.81811
670295 4.73764
670556 4.65324
670817 4.60613
671338 4.55211
671860 4.52225
673948 4.48304
678123 4.46925
682298 4.41934
683342 4.39229
684386 4.35104
684907 4.32092
685429 4.28221
685690 4.26393
685951 4.26877
686082 4.30934
686212 4.44333
686277 4.60163
686343 4.90376
686408 5.51331
686473 6.79648
686598 11.7741
686660 11.5516
686723 9.54401
686775 8.15386
686827 7.21174
686879 6.58271
686931 6.15149
687035 5.62021
687139 5.31710
687243 5.12581
687347 4.99598
687555 4.83248
687763 4.73407
687971 4.66804
688387 4.58302
688803 4.52776
689219 4.48734
689428 4.47405
689636 4.47927
689740 4.50902
689844 4.61370
689896 4.75549
689948 5.08809
689974 5.43181
690000 6.05287
690026 7.26985
690052 9.78175
690074 13.4315
690096 15.9688
690141 10.6118
690156 8.99685
690172 7.88493
690202 6.58514
690233 5.90861
690264 5.51818
690325 5.10854
690386 4.90690
690509 4.71685
690632 4.62864
690878 4.54468
691123 4.50232
691615 4.45464
692106 4.42402
693088 4.37870
694071 4.34077
696036 4.26986
698000 4.19689
701930 4.02349
702913 3.96820
703895 3.90193
704878 3.81874
705123 3.80162
705369 3.81166
705492 3.85640
705615 3.99387
705676 4.15129
705737 4.44788
705799 5.04175
705860 6.29359
705974 11.0571
706003 11.3890
706031 10.8627
706088 8.84502
706154 7.03992
706220 6.01564
706285 5.42437
706351 5.05889
706417 4.81739
706483 4.64941
706615 4.43512
706746 4.30758
706878 4.22612
707141 4.14050
707404 4.13313
707536 4.16910
707668 4.25475
707799 4.43951
707931 4.85616
707997 5.25885
708062 5.93178
708128 7.11108
708194 9.21579
708265 12.7995
708335 15.2951
708477 9.95431
708562 7.48315
708647 6.19264
708732 5.47936
708817 5.05077
708902 4.77361
708987 4.58328
709157 4.34315
709327 4.19942
709497 4.10378
709837 3.98221
710177 3.90465
710517 3.84763
711196 3.76201
712556 3.63242
713916 3.51819
716635 3.28890
719355 3.03620
722075 2.74971
724794 2.43768
726154 2.29576
727514 2.22352
728193 2.26468
728873 2.43829
729553 2.92822
729893 3.43519
730233 4.28980
730596 5.81538
730959 7.66735
731176 7.73910
731393 6.09453
731684 3.23371
731766 2.85347
731847 2.77964
732074 3.65480
732300 3.97874
732486 3.72670
732673 3.53039
733045 3.74680
734460 8.71795
735168 8.46321
735521 7.69633
735698 7.31233
735787 7.15924
735875 7.10188
735919 7.17610
735962 7.45071
735984 7.76632
736006 8.34417
736028 9.46202
736050 11.6964
736069 14.9505
736088 17.2293
736107 15.1495
736126 11.8596
736138 10.3698
736150 9.32267
736173 8.04759
736197 7.35030
736220 6.93007
736268 6.44824
736315 6.16941
736409 5.81797
736504 5.56674
736693 5.16510
736882 4.82393
737638 3.75633
738394 2.99280
739150 2.44014
739925 2.06312
740700 1.90040
741475 2.02107
742250 2.51014
743388 3.81768
743957 4.51475
744099 4.70434
744241 4.96703
744312 5.18297
744384 5.55495
744419 5.86444
744455 6.33080
744490 7.06963
744526 8.25198
744570 10.4585
744614 12.0196
744658 10.7040
744702 8.59224
744742 7.28941
744783 6.51886
744823 6.05246
744864 5.75729
744945 5.42085
745026 5.24128
745188 5.04724
745350 4.92342
745741 4.66052
746133 4.37201
746915 3.74738
747698 3.19604
748480 2.90803
748856 2.97558
749232 3.33335
749608 4.30314
749796 5.23260
749984 6.64811
750542 11.9052
750821 9.76818
751100 6.33961
751337 4.34789
751574 3.11895
751811 2.35455
752049 1.86242
752523 1.31346
752997 1.06599
753471 0.993963
753946 1.11065
754183 1.31282
754420 1.75971
754538 2.17313
754657 2.82439
754776 3.86943
754894 5.52501
755081 9.53349
755175 11.4199
755268 12.2376
755620 8.27544
755642 8.01081
755689 7.48796
755736 7.02323
755830 6.25153
756019 5.18805
756207 4.53638
756395 4.12480
756772 3.68340
757148 3.49737
757901 3.43335
758654 3.52456
759407 3.66149
760160 3.80499
760913 3.95488
761101 4.00895
761289 4.10535
761383 4.20420
761477 4.41197
761524 4.61930
761571 4.99250
761619 5.74276
761642 6.39993
761666 7.37222
761701 9.53401
761737 11.0626
761773 9.78607
761809 7.74150
761839 6.57465
761868 5.84434
761898 5.38189
761928 5.07853
761987 4.72509
762047 4.53918
762166 4.36360
762285 4.28960
762522 4.23686
762760 4.22543
763983 4.25412
765206 4.26215
767652 4.15766
770099 3.92363
771322 3.76818
771933 3.68130
772239 3.63461
772392 3.60948
772468 3.59817
772506 3.60824
772526 3.67965
772535 3.90437
772540 4.36098
772545 6.18364
772548 9.09067
772552 6.50138
772557 4.62318
772562 4.09944
772571 3.79669
772590 3.66392
772627 3.60953
772703 3.57995
772853 3.54929
773154 3.49795
773756 3.39568
774960 3.17870
775387 3.10415
775813 3.05557
776026 3.06930
776240 3.16975
776346 3.30080
776453 3.55462
776560 4.06188
776666 5.10792
776876 9.44207
776928 9.82144
776981 9.39733
777085 7.55155
777173 6.23807
777260 5.34759
777348 4.75561
777435 4.35009
777610 3.84619
777785 3.55008
778134 3.21147
778484 3.00908
778833 2.85995
779183 2.73273
779533 2.60505
779707 2.53446
779795 2.55453
779838 2.82189
779860 3.52249
779871 4.54496
779882 6.97050
779890 10.3289
779899 12.6613
779915 8.15640
779926 5.91284
779937 4.75316
779959 3.73207
779980 3.31130
780002 3.09427
780045 2.87739
780088 2.76968
780174 2.65838
780260 2.59592
780605 2.45863
780950 2.36483
781295 2.28327
782674 2.01876
783364 1.94151
784054 1.96746
784399 2.06902
784743 2.29495
785088 2.75567
785433 3.66126
786230 7.95062
786429 8.31637
786629 7.89257
787027 6.03347
787444 4.38876
787861 3.34284
788278 2.67134
788696 2.21019
789530 1.60548
790364 1.20677
791198 0.923136
792033 0.768141
792450 0.780522
792867 0.912779
793284 1.26119
793701 1.98984
794027 2.95625
794353 4.29874
794679 5.78543
795005 6.90811
795657 7.00099
796308 5.70995
796728 4.91535
797148 4.26792
797988 3.34775
798828 2.75429
799668 2.34834
800508 2.05417
801348 1.82952
801768 1.73530
802188 1.65447
802398 1.62697
802608 1.63661
802713 1.69081
802818 1.86445
802871 2.07579
802923 2.50915
802950 2.89899
802976 3.50453
803002 4.47837
803028 6.03318
803064 9.23405
803099 11.4917
803135 9.75435
803170 6.97196
803208 5.03046
803245 3.92027
803283 3.26307
803320 2.84879
803395 2.37679
803470 2.12560
803620 1.87066
803770 1.74223
804070 1.60735
804370 1.53035
804970 1.43213
805569 1.36296
806769 1.25887
807368 1.21690
807668 1.20117
807818 1.20064
807968 1.26977
807988 1.35068
808009 1.83137
808019 3.76432
808024 1.90311
808029 1.18598
808050 1.05780
808172 1.12234
808294 1.12540
808538 1.11437
809026 1.07942
810003 0.985610
810491 0.919250
810979 0.823841
811223 0.755233
811467 0.662828
811711 0.568857
811772 0.583058
811833 0.681652
811894 1.04271
811925 1.47941
811955 2.28392
811997 4.33889
812039 6.76328
812080 6.87811
812122 5.44925
812148 4.59460
812175 3.92551
812228 3.03326
812282 2.50196
812335 2.16267
812442 1.76477
812548 1.54241
812655 1.40122
812761 1.30420
812975 1.18601
813188 1.14519
813295 1.16406
813401 1.23190
813508 1.39563
813614 1.77507
813668 2.13543
813721 2.71617
813774 3.67517
813828 5.25575
813898 8.47628
813968 10.7346
814038 9.02037
814109 6.29926
814159 4.89646
814209 3.92901
814309 2.78384
814409 2.17667
814509 1.81916
814710 1.44039
814910 1.27535
815111 1.24218
815311 1.34720
815512 1.65305
815712 2.28023
815890 3.22707
816067 4.57413
816245 6.08202
816422 7.22562
816777 7.42089
817131 6.32561
817385 5.58180
817638 4.99457
818146 4.19956
818653 3.71852
819160 3.40949
819847 3.14217
820534 2.97356
821908 2.78746
822595 2.73667
823282 2.70323
823969 2.68694
824312 2.70516
824484 2.79364
824570 3.04823
824613 3.55896
824634 4.23729
824656 5.75222
824671 7.67293
824686 9.04646
824702 7.87508
824717 5.97112
824735 4.55648
824753 3.83854
824790 3.22602
824826 2.99096
824862 2.87854
825007 2.73504
825297 2.68479
825877 2.66809
827038 2.66881
828198 2.68153
829359 2.70062
831679 2.75004
834000 2.80816
834000 3.13903
834318 3.11662
834734 3.08732
835378 3.18193
835989 3.27170
836479 3.26963
837340 3.26628
837484 3.58005
838354 5.47761
838494 5.34725
839514 4.39370
839589 4.32526
840534 7.78479
840622 8.10394
841570 6.52573
841694 6.32138
842629 4.54964
842932 3.97614
843690 3.42251
843990 3.20349
844720 3.19014
845639 3.17342
845871 3.22542
846917 3.45991
847250 3.53704
847935 6.13376
848274 7.41357
848969 4.97057
849422 3.38117
850020 3.28155
850615 3.18290
850616 3.18266
851044 3.34470
852098 3.74415
852245 3.80598
853127 4.35511
853278 4.43644
854158 3.69204
854391 3.50475
855248 3.12605
855438 3.04214
856345 3.21697
856478 3.24260
857446 3.25137
858112 3.25742
858766 3.08762
859809 2.81690
860086 2.80235
861242 2.74165
861297 2.73695
862727 2.61469
862968 2.59408
864048 2.64946
864627 2.67915
865148 2.68200
866248 2.68802
866349 2.68857
867404 2.64697
868091 2.61990
868449 2.67749
869219 2.80147
869549 3.02112
870320 3.53440
870595 3.80241
871387 4.57393
871662 4.47264
872454 4.18025
872735 4.10018
873566 3.86369
873813 3.94108
874678 4.21254
874879 4.66688
875745 6.62477
875955 6.44255
876893 5.62427
877037 5.45673
878044 4.28647
878130 4.20016
879252 3.07589
879282 3.04584
880345 2.72369
880784 2.59074
881525 2.77090
882133 2.91933
882597 2.81528
883200 2.68811
883664 3.07374
884321 3.60075
884754 3.43073
885420 3.18197
885820 3.14155
886553 3.06066
886898 2.96229
887856 2.69371
888018 2.73827
889097 3.03533
890166 7.67107
890180 7.61445
891269 3.18617
891304 3.04464
892345 2.95438
892608 2.93158
893512 2.77802
894122 2.67439
894716 2.71871
895819 2.80102
895951 2.81088
897324 2.89840
897726 2.92403
898529 2.89416
899506 2.85781
899868 2.87191
900000 2.87705
901984 2.93770
903197 3.31340
904413 3.12102
905631 3.02048
906852 3.30800
908075 3.74381
909300 3.52301
910528 3.54560
911759 2.84821
912992 2.63145
914228 2.41033
915466 2.29167
916706 2.47524
917950 2.42076
919040 2.49908
919975 2.28740
920912 2.79907
921593 3.38964
922477 3.90590
923418 4.33254
924361 4.23124
925304 3.47313
926249 2.73737
927196 2.82352
928144 2.84038
929094 2.98444
930045 2.95760
930998 2.61058
931664 2.22663
932589 2.29861
933545 2.13199
934503 1.90147
935462 2.11774
936423 2.01220
937386 2.20363
938350 2.43281
939315 2.08455
940282 2.52319
941199 2.70765
941896 2.74949
942867 2.61493
943839 2.71558
944813 2.14820
945789 2.65188
946766 2.75672
947744 2.57664
948724 2.48396
949705 2.52602
950000 2.36669
950688 1.99509
951485 2.52187
952330 2.04123
953317 2.31989
954305 2.55594
955295 2.91321
956287 3.90182
957280 4.86907
958275 4.84785
959271 3.97746
960269 3.25842
961218 3.09897
961935 3.54176
962937 3.74979
963941 3.43264
964946 3.10540
965953 2.50525
966961 2.16541
967971 2.14498
968982 2.00912
969995 2.16263
971010 2.01498
971727 1.68093
972705 1.92401
973723 2.68970
974744 2.71625
975766 2.43030
976790 2.09841
977815 2.11980
978842 2.76555
979871 2.87376
980901 3.44745
981667 3.63326
982621 3.40219
983655 3.55710
984692 2.66787
985903 2.24536
987289 2.37114
988679 2.12674
990072 2.00789
991343 1.96131
992515 2.16254
993916 2.44310
995319 2.23172
996726 2.20311
998136 1.71782
999548 1.90975
1.00000E+06 1.87644
1.00096E+06 1.80570
1.00203E+06 1.90875
1.00345E+06 1.96842
1.00487E+06 2.18364
1.00630E+06 2.09230
1.00773E+06 2.31184
1.00916E+06 2.77495
1.01060E+06 3.30384
1.01178E+06 3.66130
1.01312E+06 3.78546
1.01456E+06 3.99803
1.01601E+06 4.09841
1.01746E+06 3.64479
1.01892E+06 4.07511
1.02037E+06 3.97343
1.02162E+06 3.57068
1.02293E+06 4.01488
1.02440E+06 3.38625
1.02586E+06 3.46899
1.02734E+06 3.21042
1.02881E+06 3.12039
1.03029E+06 2.85687
1.03158E+06 2.59494
1.03288E+06 3.07659
1.03437E+06 3.07124
1.03586E+06 3.38439
1.03735E+06 2.95182
1.03885E+06 2.21386
1.04035E+06 2.07619
1.04164E+06 1.59557
1.04298E+06 1.88630
1.04449E+06 1.76456
1.04600E+06 1.68882
1.04752E+06 1.93423
1.04904E+06 2.35563
1.05056E+06 3.48820
1.05190E+06 3.66833
1.05304E+06 3.60891
1.05419E+06 3.43055
1.05534E+06 3.91391
1.05649E+06 4.59330
1.05764E+06 5.43133
1.05880E+06 6.21813
1.05996E+06 7.00052
1.06112E+06 6.28432
1.06192E+06 5.25143
1.06305E+06 4.03290
1.06422E+06 3.52576
1.06538E+06 3.12430
1.06655E+06 3.39688
1.06772E+06 4.46495
1.06889E+06 4.75392
1.07007E+06 4.58187
1.07124E+06 4.02176
1.07242E+06 3.82400
1.07360E+06 3.90387
1.07478E+06 4.18870
1.07596E+06 4.20978
1.07715E+06 3.89887
1.07834E+06 3.61276
1.07953E+06 4.38262
1.08072E+06 3.63057
1.08169E+06 2.99903
1.08271E+06 2.99617
1.08391E+06 2.61324
1.08510E+06 3.01080
1.08630E+06 2.72495
1.08750E+06 2.91680
1.08871E+06 2.96511
1.08992E+06 3.04365
1.09113E+06 3.28520
1.09197E+06 3.93311
1.09314E+06 5.05734
1.09436E+06 6.09603
1.09558E+06 6.85098
1.09679E+06 6.86469
1.09801E+06 5.90103
1.09924E+06 5.17737
1.10046E+06 4.25760
1.10154E+06 3.20318
1.10250E+06 3.37407
1.10374E+06 2.96058
1.10497E+06 2.73937
1.10620E+06 2.32089
1.10743E+06 2.55209
1.10867E+06 3.35395
1.10991E+06 4.01426
1.11115E+06 3.53042
1.11240E+06 2.72697
1.11365E+06 2.17105
1.11490E+06 2.09122
1.11615E+06 2.00859
1.11740E+06 2.00711
1.11865E+06 2.41091
1.11991E+06 2.70949
1.12117E+06 2.55610
1.12204E+06 2.44756
1.12327E+06 2.20003
1.12454E+06 2.55066
1.12580E+06 2.98516
1.12707E+06 2.14880
1.12834E+06 2.17165
1.12962E+06 2.27675
1.13089E+06 2.36974
1.13217E+06 2.90838
1.13345E+06 3.74508
1.13473E+06 4.75371
1.13602E+06 5.37553
1.13730E+06 4.67823
1.13859E+06 4.13846
1.13988E+06 3.42247
1.14117E+06 3.68070
1.14207E+06 3.22295
1.14333E+06 2.30711
1.14463E+06 2.27203
1.14593E+06 1.92763
1.14724E+06 1.87699
1.14854E+06 1.84266
1.14985E+06 1.67605
1.15116E+06 1.98553
1.15247E+06 2.23581
1.15378E+06 1.96357
1.15510E+06 1.80988
1.15642E+06 1.96665
1.15774E+06 2.39536
1.15906E+06 2.38037
1.16039E+06 2.52553
1.16158E+06 2.81683
1.16260E+06 3.77579
1.16393E+06 4.86879
1.16527E+06 4.26587
1.16661E+06 3.40570
1.16794E+06 3.02022
1.16928E+06 3.24556
1.17063E+06 2.86269
1.17197E+06 2.59394
1.17332E+06 2.47258
1.17467E+06 2.51665
1.17603E+06 2.82944
1.17738E+06 2.80901
1.17873E+06 3.55751
1.18010E+06 3.95241
1.18141E+06 3.60647
1.18237E+06 3.10049
1.18373E+06 3.01784
1.18510E+06 3.09841
1.18647E+06 2.99399
1.18784E+06 2.87872
1.18922E+06 2.54001
1.19060E+06 2.46107
1.19198E+06 2.57762
1.19336E+06 2.73948
1.19474E+06 2.29176
1.19613E+06 2.44715
1.19752E+06 2.58447
1.19891E+06 2.84085
1.20031E+06 3.05005
1.20158E+06 3.50322
1.20264E+06 2.95840
1.20404E+06 2.67989
1.20568E+06 2.86878
1.20755E+06 3.02133
1.20943E+06 3.42569
1.21131E+06 3.60415
1.21320E+06 3.79726
1.21510E+06 3.77851
1.21700E+06 3.61351
1.21890E+06 3.62415
1.22081E+06 3.47755
1.22232E+06 3.32077
1.22415E+06 3.40622
1.22583E+06 3.02932
1.22727E+06 3.47866
1.22872E+06 4.01842
1.23017E+06 4.66201
1.23161E+06 4.96597
1.23307E+06 4.90845
1.23452E+06 4.54443
1.23598E+06 4.28291
1.23744E+06 4.02437
1.23890E+06 3.94869
1.24036E+06 4.00520
1.24185E+06 4.25295
1.24355E+06 4.57101
1.24552E+06 5.90895
1.24748E+06 6.12429
1.24946E+06 6.01279
1.25000E+06 5.89556
1.25136E+06 5.60032
1.25292E+06 5.03778
1.25491E+06 4.84671
1.25690E+06 4.28720
1.25890E+06 3.49402
1.26090E+06 3.39927
1.26247E+06 3.83244
1.26441E+06 4.01361
1.26618E+06 3.87609
1.26769E+06 3.58434
1.26921E+06 4.15822
1.27073E+06 4.36834
1.27197E+06 4.84997
1.27326E+06 4.24718
1.27480E+06 3.81392
1.27632E+06 3.18547
1.27785E+06 3.27846
1.27939E+06 3.04835
1.28092E+06 3.15157
1.28212E+06 2.95905
1.28349E+06 3.12838
1.28504E+06 2.88923
1.28653E+06 3.15408
1.28762E+06 3.21192
1.28917E+06 3.34302
1.29073E+06 3.37308
1.29200E+06 3.94512
1.29332E+06 4.46859
1.29489E+06 4.61166
1.29645E+06 3.85008
1.29750E+06 3.43719
1.29907E+06 2.73279
1.30064E+06 2.81136
1.30196E+06 3.27985
1.30327E+06 2.70472
1.30485E+06 2.57780
1.30643E+06 2.19088
1.30750E+06 2.62358
1.30908E+06 3.45780
1.31067E+06 4.44868
1.31199E+06 4.97088
1.31333E+06 6.21701
1.31493E+06 6.66556
1.31650E+06 5.34162
1.31760E+06 4.25224
1.31921E+06 3.29236
1.32082E+06 3.86104
1.32211E+06 3.67176
1.32351E+06 3.32760
1.32512E+06 2.85629
1.32665E+06 3.11245
1.32783E+06 3.18557
1.32946E+06 4.07163
1.33108E+06 5.57956
1.33230E+06 6.57347
1.33380E+06 7.19307
1.33544E+06 7.81383
1.33708E+06 6.18400
1.33872E+06 5.45056
1.34037E+06 4.53800
1.34184E+06 3.71126
1.34312E+06 3.71576
1.34477E+06 3.85305
1.34643E+06 4.73274
1.34809E+06 4.25420
1.34975E+06 4.08418
1.35142E+06 3.58629
1.35256E+06 3.39412
1.35420E+06 3.14684
1.35588E+06 2.96771
1.35755E+06 3.51932
1.35923E+06 4.06549
1.36092E+06 3.62291
1.36224E+06 3.18519
1.36373E+06 2.22795
1.36543E+06 2.26896
1.36712E+06 2.00789
1.36882E+06 2.27810
1.37052E+06 2.06661
1.37199E+06 2.29153
1.37336E+06 2.18365
1.37508E+06 3.34066
1.37679E+06 3.92165
1.37850E+06 4.03977
1.38022E+06 3.98864
1.38180E+06 4.06965
1.38338E+06 3.84228
1.38569E+06 3.47960
1.38800E+06 3.86797
1.39032E+06 3.28870
1.39229E+06 3.00569
1.39439E+06 3.04475
1.39672E+06 2.94896
1.39906E+06 2.96833
1.40136E+06 2.91501
1.40288E+06 2.95903
1.40464E+06 2.66912
1.40641E+06 2.84746
1.40819E+06 3.57931
1.40996E+06 3.84946
1.41174E+06 4.68222
1.41352E+06 3.86153
1.41530E+06 2.94196
1.41710E+06 2.82775
1.41889E+06 2.67909
1.42069E+06 2.79610
1.42248E+06 2.86920
1.42429E+06 2.19344
1.42609E+06 2.44421
1.42790E+06 2.30483
1.42972E+06 1.89426
1.43153E+06 2.13500
1.43335E+06 1.99890
1.43518E+06 2.38314
1.43700E+06 3.37417
1.43883E+06 3.95856
1.44067E+06 4.28181
1.44250E+06 3.94739
1.44434E+06 3.35559
1.44619E+06 3.24482
1.44804E+06 2.68233
1.44989E+06 2.91328
1.45169E+06 2.90472
1.45298E+06 2.67522
1.45516E+06 2.74795
1.45764E+06 3.57538
1.46014E+06 3.33256
1.46264E+06 3.62553
1.46514E+06 3.82254
1.46766E+06 3.34050
1.47017E+06 3.19725
1.47271E+06 2.55200
1.47524E+06 1.82875
1.47778E+06 2.00251
1.48000E+06 1.82242
1.48192E+06 1.91800
1.48384E+06 2.23355
1.48575E+06 3.48173
1.48768E+06 5.15783
1.48961E+06 5.38106
1.49154E+06 4.67977
1.49348E+06 3.76442
1.49542E+06 2.53762
1.49736E+06 2.18079
1.49931E+06 2.47437
1.50000E+06 2.90682
1.50126E+06 3.69652
1.50268E+06 3.96372
1.50452E+06 3.63664
1.50648E+06 2.98137
1.50844E+06 2.62048
1.51041E+06 2.66215
1.51239E+06 2.85613
1.51437E+06 2.94356
1.51634E+06 3.50222
1.51833E+06 3.27230
1.52032E+06 3.24985
1.52231E+06 2.47501
1.52431E+06 2.72327
1.52630E+06 3.41923
1.52831E+06 3.58911
1.53032E+06 3.38845
1.53232E+06 4.10583
1.53435E+06 3.95469
1.53636E+06 4.44016
1.53839E+06 4.36687
1.54042E+06 3.84350
1.54245E+06 3.87349
1.54448E+06 4.56083
1.54653E+06 4.80922
1.54857E+06 4.58137
1.55061E+06 4.04385
1.55267E+06 2.83131
1.55472E+06 2.46012
1.55678E+06 2.54875
1.55885E+06 2.68690
1.56092E+06 2.10105
1.56299E+06 2.03405
1.56506E+06 2.62582
1.56715E+06 3.12098
1.56923E+06 3.63956
1.57132E+06 4.20984
1.57342E+06 3.87595
1.57551E+06 3.52048
1.57761E+06 3.36746
1.57972E+06 2.90289
1.58100E+06 3.09886
1.58102E+06 3.10238
1.58183E+06 3.22592
1.58395E+06 3.46059
1.58606E+06 3.05756
1.58819E+06 3.10559
1.59031E+06 3.27585
1.59244E+06 4.08907
1.59458E+06 5.25304
1.59672E+06 6.59278
1.59887E+06 7.01581
1.60101E+06 6.64948
1.60268E+06 6.02718
1.60460E+06 5.42289
1.60677E+06 5.23490
1.60893E+06 5.00802
1.61110E+06 4.61399
1.61327E+06 4.23117
1.61545E+06 3.84785
1.61763E+06 3.82932
1.61982E+06 3.52537
1.62191E+06 3.21506
1.62347E+06 2.97734
1.62604E+06 3.21756
1.62898E+06 3.61286
1.63178E+06 4.16365
1.63414E+06 3.83765
1.63710E+06 3.42425
1.64007E+06 3.45857
1.64263E+06 2.93101
1.64452E+06 2.75877
1.64619E+06 2.78501
1.64752E+06 4.08239
1.64885E+06 5.16154
1.64988E+06 6.10947
1.65080E+06 5.76992
1.65171E+06 5.52679
1.65263E+06 3.20000
1.65929E+06 3.00000
1.66105E+06 2.71902
1.66286E+06 2.88724
1.66508E+06 2.83997
1.66754E+06 3.02550
1.67022E+06 2.50968
1.67280E+06 2.10200
1.67558E+06 2.27863
1.67865E+06 3.17760
1.68165E+06 3.16720
1.68406E+06 2.60772
1.68696E+06 2.90508
1.68921E+06 2.78832
1.69090E+06 3.04920
1.69160E+06 2.88831
1.69201E+06 2.80001
1.69234E+06 2.70000
1.69372E+06 2.73482
1.69650E+06 3.43369
1.69963E+06 2.99679
1.70243E+06 2.78118
1.70513E+06 2.66063
1.70790E+06 2.32697
1.71027E+06 2.27323
1.71236E+06 2.80910
1.71424E+06 3.09179
1.71662E+06 3.74677
1.71901E+06 4.34470
1.72141E+06 3.61663
1.72380E+06 3.86254
1.72622E+06 4.54353
1.72862E+06 4.98152
1.73104E+06 4.42462
1.73346E+06 4.29586
1.73589E+06 4.11644
1.73832E+06 4.20468
1.74076E+06 3.37834
1.74320E+06 2.93605
1.74564E+06 3.20184
1.74809E+06 2.86750
1.75000E+06 3.86645
1.75055E+06 4.15410
1.75262E+06 4.61565
1.75466E+06 4.21219
1.75713E+06 2.96518
1.75960E+06 2.25723
1.76208E+06 1.86653
1.76457E+06 2.46107
1.76706E+06 2.48265
1.76956E+06 2.41426
1.77206E+06 2.82208
1.77457E+06 2.95249
1.77708E+06 3.84750
1.77960E+06 4.90165
1.78212E+06 6.00291
1.78465E+06 7.28782
1.78719E+06 7.45821
1.78973E+06 5.38898
1.79228E+06 3.67103
1.79482E+06 3.40715
1.79738E+06 2.86049
1.79994E+06 3.06083
1.80229E+06 3.05295
1.80422E+06 3.14514
1.80680E+06 3.42292
1.80938E+06 3.67077
1.81197E+06 4.53640
1.81456E+06 4.52871
1.81716E+06 5.17049
1.81977E+06 5.34367
1.82221E+06 5.46648
1.82404E+06 5.11830
1.82586E+06 4.14629
1.82762E+06 4.23938
1.82930E+06 4.20615
1.83070E+06 4.63053
1.83218E+06 4.43187
1.83346E+06 4.41743
1.83497E+06 3.81979
1.83631E+06 2.92450
1.83773E+06 2.84810
1.83924E+06 3.11451
1.84109E+06 4.57163
1.84329E+06 4.31142
1.84573E+06 4.52129
1.84812E+06 4.12262
1.85101E+06 3.77014
1.85380E+06 4.37971
1.85726E+06 4.04323
1.85810E+06 3.96699
1.85811E+06 3.96608
1.86085E+06 3.71739
1.86371E+06 3.54083
1.86716E+06 2.73756
1.87078E+06 2.70750
1.87367E+06 2.90909
1.87697E+06 2.86441
1.88033E+06 2.84951
1.88412E+06 2.95070
1.88806E+06 3.51697
1.89200E+06 2.92887
1.89594E+06 3.07533
1.89966E+06 2.74673
1.90363E+06 2.99333
1.90670E+06 2.43464
1.90861E+06 3.52005
1.91082E+06 4.24534
1.91307E+06 4.75220
1.91550E+06 4.21173
1.91786E+06 4.14565
1.92020E+06 4.35227
1.92267E+06 5.61890
1.92492E+06 5.47163
1.92749E+06 4.61515
1.92965E+06 4.06705
1.93233E+06 2.75922
1.93441E+06 3.28187
1.93727E+06 3.50747
1.94013E+06 4.35377
1.94266E+06 4.15917
1.94493E+06 3.37474
1.94781E+06 3.64070
1.95070E+06 3.89061
1.95306E+06 3.60608
1.95553E+06 3.16382
1.95844E+06 2.87410
1.96135E+06 2.75470
1.96351E+06 2.63954
1.96623E+06 3.13366
1.96916E+06 4.39250
1.97210E+06 5.05624
1.97504E+06 4.69194
1.97799E+06 3.55875
1.98095E+06 3.05366
1.98328E+06 2.57328
1.98589E+06 2.01948
1.98887E+06 2.08676
1.99185E+06 2.30004
1.99484E+06 2.41427
1.99784E+06 3.16983
2.00000E+06 3.93224
2.00084E+06 4.22874
2.00324E+06 5.21198
2.00586E+06 4.90127
2.00888E+06 4.98453
2.01191E+06 5.24902
2.01494E+06 4.67280
2.01798E+06 4.47219
2.02103E+06 3.93062
2.02409E+06 3.76242
2.02715E+06 3.02422
2.03124E+06 2.96796
2.03638E+06 3.55570
2.04153E+06 3.49430
2.04670E+06 3.74040
2.05172E+06 3.93431
2.05607E+06 3.95620
2.06129E+06 3.19268
2.06654E+06 3.92165
2.07181E+06 4.20368
2.07710E+06 3.34328
2.08028E+06 3.60001
2.08134E+06 3.90611
2.10288E+06 3.19600
2.10656E+06 3.48163
2.11089E+06 4.21843
2.11524E+06 5.13143
2.11961E+06 4.12015
2.12399E+06 3.50667
2.12838E+06 3.72748
2.13278E+06 3.63743
2.13720E+06 3.18474
2.14163E+06 3.39815
2.14608E+06 2.70824
2.15054E+06 2.82493
2.15415E+06 2.42761
2.15837E+06 2.38216
2.16287E+06 2.52429
2.16739E+06 2.57421
2.17191E+06 3.60232
2.17645E+06 4.15307
2.18101E+06 4.09069
2.18557E+06 4.57396
2.19016E+06 4.63575
2.19476E+06 4.23013
2.19937E+06 3.89816
2.20339E+06 4.08311
2.20747E+06 3.64306
2.21213E+06 3.35110
2.21680E+06 3.53589
2.22148E+06 3.44833
2.22618E+06 4.34951
2.23089E+06 3.74174
2.23562E+06 3.08295
2.24036E+06 2.57673
2.24424E+06 2.92183
2.24869E+06 4.10683
2.25000E+06 3.85586
2.25347E+06 3.19110
2.25827E+06 3.65603
2.26272E+06 3.64671
2.26671E+06 3.20625
2.27155E+06 3.23491
2.27641E+06 2.85154
2.28128E+06 2.91068
2.28503E+06 2.76609
2.28985E+06 2.62651
2.29476E+06 2.76691
2.29969E+06 2.46884
2.30389E+06 2.65627
2.30837E+06 2.57560
2.31291E+06 2.82076
2.31708E+06 3.14832
2.32197E+06 3.24802
2.32585E+06 2.80447
2.32982E+06 2.81728
2.33391E+06 3.35777
2.33801E+06 3.31118
2.34211E+06 3.26744
2.34608E+06 3.66929
2.34998E+06 4.13051
2.35321E+06 4.55039
2.35630E+06 5.20718
2.35926E+06 5.08651
2.36341E+06 3.27226
2.36756E+06 3.37425
2.37171E+06 2.98190
2.37525E+06 3.33954
2.37880E+06 3.27231
2.38298E+06 3.96029
2.38734E+06 3.65525
2.39234E+06 4.21910
2.39651E+06 4.26254
2.40174E+06 3.81420
2.40573E+06 3.66868
2.41103E+06 3.08899
2.41634E+06 2.84470
2.42166E+06 2.45519
2.42568E+06 2.92608
2.43104E+06 3.02107
2.43642E+06 3.18223
2.44177E+06 2.98306
2.44587E+06 3.59260
2.45130E+06 4.21643
2.45674E+06 4.24794
2.46207E+06 4.08521
2.46632E+06 3.66779
2.47182E+06 3.44999
2.47733E+06 3.95226
2.48257E+06 3.69039
2.48702E+06 3.68860
2.49259E+06 2.77842
2.49818E+06 3.00369
2.50000E+06 3.01885
2.50325E+06 3.04591
2.50799E+06 3.39537
2.51363E+06 4.31289
2.51928E+06 3.45023
2.52496E+06 3.49770
2.53065E+06 3.14231
2.53637E+06 3.63357
2.54210E+06 3.52389
2.54785E+06 3.14824
2.55314E+06 3.32553
2.55796E+06 4.20965
2.56377E+06 3.64104
2.56959E+06 3.59046
2.57544E+06 3.71116
2.58131E+06 3.87825
2.58719E+06 3.70787
2.59310E+06 3.50311
2.59903E+06 2.97762
2.60497E+06 3.16379
2.61094E+06 3.18162
2.61693E+06 3.22814
2.62293E+06 3.01057
2.62896E+06 2.89398
2.63502E+06 3.53278
2.64109E+06 3.61310
2.64718E+06 3.41404
2.65329E+06 2.77800
2.65942E+06 2.67656
2.66558E+06 3.07207
2.66900E+06 3.51865
2.66900E+06 3.51932
2.67176E+06 3.88024
2.67796E+06 3.97085
2.68418E+06 3.75151
2.69041E+06 3.55964
2.69668E+06 3.79194
2.70266E+06 3.44437
2.70769E+06 3.44380
2.71402E+06 3.35787
2.72036E+06 3.80943
2.72673E+06 3.67040
2.73313E+06 4.00278
2.73954E+06 3.74701
2.74597E+06 3.91480
2.75000E+06 3.97305
2.75244E+06 4.00834
2.75891E+06 3.20854
2.76542E+06 3.35791
2.77195E+06 3.27421
2.77850E+06 3.39317
2.78507E+06 3.56523
2.79167E+06 3.31839
2.79829E+06 3.10735
2.80660E+06 3.19233
2.81663E+06 3.64419
2.82670E+06 3.68069
2.83683E+06 3.19235
2.84701E+06 2.93684
2.85605E+06 2.97757
2.86583E+06 3.71695
2.87514E+06 4.07539
2.88190E+06 3.74515
2.88190E+06 3.74505
2.88436E+06 3.62497
2.88992E+06 3.93223
2.89223E+06 3.64642
2.89302E+06 3.49802
2.89362E+06 3.02816
2.89453E+06 3.90109
2.89847E+06 4.21012
2.90627E+06 3.23568
2.91633E+06 3.53594
2.92694E+06 3.45229
2.93762E+06 3.75221
2.94835E+06 4.37477
2.95761E+06 4.23977
2.96818E+06 4.23950
2.97908E+06 3.91634
2.99004E+06 4.48108
3.00000E+06 4.49562
3.00087E+06 4.49689
3.00845E+06 3.76444
3.01080E+06 3.71770
3.01141E+06 3.49997
3.01200E+06 3.59997
3.01280E+06 3.54309
3.01532E+06 3.44052
3.02164E+06 3.96109
3.03061E+06 4.08569
3.04012E+06 3.41809
3.05117E+06 3.69705
3.06469E+06 3.79840
3.08379E+06 3.59898
3.10236E+06 3.72823
3.12057E+06 3.52373
3.13149E+06 3.76477
3.13150E+06 3.76511
3.14020E+06 3.95724
3.15859E+06 4.27551
3.17678E+06 3.80972
3.19476E+06 3.78449
3.20662E+06 4.63498
3.21180E+06 4.02771
3.21363E+06 3.79999
3.21505E+06 3.89999
3.21639E+06 4.00446
3.21874E+06 4.32733
3.22599E+06 3.78865
3.24147E+06 4.28579
3.26030E+06 3.67618
3.28082E+06 4.15583
3.29988E+06 3.71267
3.31906E+06 3.39020
3.34059E+06 3.56901
3.36063E+06 3.86000
3.38209E+06 3.81957
3.40333E+06 3.47586
3.42344E+06 3.74410
3.43799E+06 4.54649
3.44105E+06 4.51083
3.44205E+06 3.50000
3.44305E+06 3.39890
3.44445E+06 3.30000
3.44630E+06 3.17184
3.44995E+06 3.85783
3.46234E+06 3.58723
3.48102E+06 4.33568
3.50000E+06 3.84201
3.50131E+06 3.80793
3.52220E+06 3.52100
3.54422E+06 3.73331
3.56565E+06 3.94845
3.58809E+06 3.72806
3.60925E+06 3.98501
3.62888E+06 4.05500
3.64370E+06 3.77314
3.64626E+06 3.79861
3.64755E+06 4.11156
3.65866E+06 3.94809
3.67986E+06 4.41176
3.70223E+06 4.10917
3.72478E+06 4.58207
3.74678E+06 3.97008
3.76284E+06 4.18158
3.77487E+06 3.18650
3.78967E+06 3.76018
3.80928E+06 3.41586
3.83085E+06 4.08726
3.85345E+06 3.99521
3.87570E+06 3.58367
3.89947E+06 4.09323
3.92369E+06 3.86353
3.94812E+06 3.69333
3.97277E+06 3.54451
3.99720E+06 3.94690
4.00000E+06 3.56085
4.00012E+06 3.54430
4.00564E+06 4.00416
4.01117E+06 3.93118
4.01670E+06 3.56359
4.02225E+06 3.26717
4.02782E+06 3.29476
4.03339E+06 3.27847
4.03897E+06 3.71565
4.04457E+06 3.90865
4.05018E+06 3.81813
4.05580E+06 3.80743
4.06143E+06 3.97031
4.06707E+06 4.09474
4.07273E+06 3.96263
4.07839E+06 3.84018
4.08407E+06 4.03413
4.08976E+06 3.85551
4.09546E+06 3.85614
4.10118E+06 3.82138
4.10691E+06 4.01341
4.11264E+06 4.20626
4.11839E+06 4.04632
4.12416E+06 3.69329
4.12993E+06 3.58123
4.13572E+06 3.75994
4.14152E+06 3.91788
4.14733E+06 3.86606
4.15315E+06 3.58863
4.15899E+06 3.66517
4.16484E+06 3.45426
4.17070E+06 3.27126
4.17657E+06 3.47523
4.18245E+06 3.80487
4.18835E+06 3.83014
4.19426E+06 4.10276
4.20019E+06 4.22003
4.20612E+06 4.00296
4.21207E+06 3.65522
4.21803E+06 3.57162
4.22400E+06 3.63618
4.22999E+06 3.61724
4.23599E+06 3.74196
4.24200E+06 3.79341
4.24802E+06 3.69815
4.25406E+06 3.55162
4.26011E+06 3.62771
4.26618E+06 3.53328
4.27225E+06 3.56754
4.27834E+06 3.71590
4.28444E+06 3.65518
4.29056E+06 3.68699
4.29669E+06 3.65259
4.30283E+06 3.63267
4.30898E+06 3.51145
4.31515E+06 3.53288
4.32133E+06 3.72543
4.32753E+06 3.42618
4.33374E+06 3.48858
4.33996E+06 3.44259
4.34619E+06 3.42911
4.35244E+06 3.89205
4.35870E+06 3.73454
4.36498E+06 3.63251
4.37127E+06 3.62479
4.37757E+06 3.64972
4.38389E+06 3.79052
4.39022E+06 3.47356
4.39656E+06 3.42595
4.40292E+06 3.65704
4.40929E+06 3.84113
4.41568E+06 3.96223
4.42208E+06 3.80579
4.42849E+06 3.68337
4.43492E+06 3.62729
4.44136E+06 3.77707
4.44781E+06 4.28359
4.45428E+06 4.10662
4.46077E+06 3.79793
4.46726E+06 3.61399
4.47378E+06 3.57136
4.48030E+06 3.51785
4.48684E+06 3.97527
4.49340E+06 4.05741
4.49997E+06 3.76170
4.50000E+06 3.76205
4.50655E+06 3.83574
4.51315E+06 3.77341
4.51976E+06 3.57199
4.52639E+06 3.59539
4.53303E+06 3.77309
4.53969E+06 3.88162
4.54636E+06 3.78881
4.55305E+06 3.78991
4.55975E+06 3.79930
4.56646E+06 3.46343
4.57320E+06 3.28624
4.57994E+06 3.35757
4.58670E+06 3.57768
4.59348E+06 3.97409
4.60027E+06 3.93766
4.60707E+06 4.02836
4.61390E+06 3.90365
4.62073E+06 3.68047
4.62758E+06 3.79306
4.63445E+06 3.79159
4.64133E+06 3.76755
4.64823E+06 3.64353
4.65514E+06 3.53391
4.66207E+06 3.54721
4.66901E+06 3.78556
4.67597E+06 3.92637
4.68295E+06 3.83536
4.68994E+06 3.64095
4.69695E+06 3.83801
4.70397E+06 3.80249
4.71101E+06 3.83637
4.71806E+06 3.90919
4.72513E+06 3.70741
4.73222E+06 3.93848
4.73932E+06 3.71119
4.74644E+06 3.61652
4.75357E+06 3.72838
4.76072E+06 3.78360
4.76789E+06 3.79684
4.77507E+06 3.55776
4.78227E+06 3.47346
4.78948E+06 3.38551
4.79671E+06 3.69104
4.80396E+06 3.64593
4.81122E+06 3.83361
4.81851E+06 3.78626
4.82580E+06 3.95365
4.83312E+06 3.82256
4.84045E+06 3.94680
4.84780E+06 3.53823
4.85516E+06 3.72698
4.86254E+06 3.60542
4.86994E+06 3.81831
4.87735E+06 3.89940
4.88479E+06 3.39886
4.89223E+06 3.62563
4.89970E+06 3.63652
4.90718E+06 3.63640
4.91468E+06 3.88790
4.92220E+06 4.08009
4.92974E+06 4.06533
4.93729E+06 3.88126
4.94486E+06 3.74041
4.95245E+06 3.55674
4.96005E+06 3.52597
4.96767E+06 3.68754
4.97531E+06 3.92977
4.98297E+06 3.81578
4.99065E+06 3.75710
4.99834E+06 3.88138
5.00000E+06 3.85844
5.00605E+06 3.77483
5.01378E+06 3.82302
5.02152E+06 3.69094
5.02929E+06 3.47341
5.03707E+06 3.56598
5.04487E+06 3.76763
5.05269E+06 3.68709
5.06053E+06 3.70232
5.06839E+06 3.51341
5.07626E+06 3.48838
5.08415E+06 3.58649
5.09206E+06 3.68856
5.09999E+06 3.66686
5.10794E+06 3.71276
5.11591E+06 3.72520
5.12389E+06 3.65784
5.13190E+06 3.76623
5.13992E+06 3.65346
5.14796E+06 3.52608
5.15602E+06 3.57315
5.16410E+06 3.46381
5.17220E+06 3.67421
5.18032E+06 3.74756
5.18846E+06 3.79791
5.19661E+06 3.79102
5.20479E+06 3.73850
5.21299E+06 3.65541
5.22120E+06 3.61664
5.22943E+06 3.62427
5.23769E+06 3.71329
5.24596E+06 3.79322
5.25425E+06 3.77571
5.26257E+06 3.64412
5.27090E+06 3.54391
5.27925E+06 3.58388
5.28762E+06 3.61639
5.29602E+06 3.72716
5.30443E+06 3.65086
5.31286E+06 3.77793
5.32131E+06 3.55254
5.32979E+06 3.63076
5.33828E+06 3.64618
5.34679E+06 3.63574
5.35533E+06 3.65959
5.36388E+06 3.43240
5.37246E+06 3.43724
5.38105E+06 3.61224
5.38967E+06 3.69435
5.39830E+06 3.59767
5.40696E+06 3.76332
5.41564E+06 3.72311
5.42434E+06 3.66306
5.43306E+06 3.63391
5.44180E+06 3.58417
5.45057E+06 3.59751
5.45935E+06 3.51858
5.46816E+06 3.64794
5.47698E+06 3.65121
5.48583E+06 3.83070
5.49470E+06 3.89179
5.50000E+06 3.85192
5.50359E+06 3.82491
5.51251E+06 3.91845
5.52144E+06 3.51882
5.53040E+06 3.65527
5.53938E+06 3.73662
5.54838E+06 3.65663
5.55740E+06 3.59802
5.56645E+06 3.43908
5.57551E+06 3.51232
5.58460E+06 3.55022
5.59371E+06 3.71784
5.60285E+06 3.76658
5.61200E+06 3.81033
5.62118E+06 3.70245
5.63038E+06 3.68076
5.63961E+06 3.44204
5.64886E+06 3.81358
5.65813E+06 3.80987
5.66742E+06 3.70239
5.67673E+06 3.55420
5.68607E+06 3.39620
5.69543E+06 3.53108
5.70482E+06 3.64860
5.71423E+06 3.60860
5.72366E+06 3.48105
5.73311E+06 3.62541
5.74259E+06 3.58822
5.75210E+06 3.54176
5.76162E+06 3.62071
5.77117E+06 3.50938
5.78074E+06 3.45413
5.79034E+06 3.54034
5.79996E+06 3.63708
5.80961E+06 3.80441
5.81928E+06 3.64198
5.82897E+06 3.60899
5.83869E+06 3.49876
5.84843E+06 3.76953
5.85820E+06 3.64168
5.86799E+06 3.58734
5.87781E+06 3.52100
5.88765E+06 3.42282
5.89752E+06 3.43059
5.90741E+06 3.50931
5.91732E+06 3.56177
5.92726E+06 3.65528
5.93723E+06 3.55340
5.94722E+06 3.53091
5.95724E+06 3.58786
5.96728E+06 3.90337
5.97735E+06 3.68408
5.98744E+06 3.58481
5.99756E+06 3.68083
6.00000E+06 3.68244
6.00770E+06 3.68751
6.01787E+06 3.34108
6.02807E+06 3.41997
6.03829E+06 3.38752
6.04854E+06 3.35882
6.05881E+06 3.41455
6.06911E+06 3.40757
6.07944E+06 3.32074
6.08979E+06 3.45485
6.10017E+06 3.52679
6.11058E+06 3.69898
6.12101E+06 3.58531
6.13147E+06 3.62156
6.14196E+06 3.73596
6.15248E+06 3.85299
6.16302E+06 3.32560
6.17359E+06 3.40185
6.18418E+06 3.59631
6.19481E+06 3.56418
6.20546E+06 3.49587
6.21613E+06 3.54515
6.22684E+06 3.53326
6.23758E+06 3.55445
6.24834E+06 3.60401
6.25913E+06 3.74858
6.26994E+06 3.66032
6.28079E+06 3.76514
6.29166E+06 3.62672
6.30257E+06 3.60802
6.31350E+06 3.49830
6.32446E+06 3.39388
6.33020E+06 3.47107
6.33020E+06 3.47111
6.33545E+06 3.54167
6.34646E+06 3.45612
6.35751E+06 3.52130
6.36858E+06 3.47583
6.37969E+06 3.49021
6.39082E+06 3.33908
6.40198E+06 3.46038
6.41317E+06 3.53899
6.42439E+06 3.45225
6.43565E+06 3.72193
6.44693E+06 3.41572
6.45824E+06 3.36111
6.46958E+06 3.50415
6.48095E+06 3.39075
6.49235E+06 3.41103
6.50000E+06 3.49978
6.50378E+06 3.54363
6.51524E+06 3.44834
6.52673E+06 3.47725
6.53825E+06 3.50361
6.54980E+06 3.33467
6.56139E+06 3.45030
6.57300E+06 3.49854
6.58464E+06 3.64773
6.59632E+06 3.54182
6.60803E+06 3.56026
6.61977E+06 3.54196
6.63154E+06 3.60256
6.64334E+06 3.54169
6.65517E+06 3.32721
6.66703E+06 3.54251
6.67893E+06 3.62078
6.69086E+06 3.45948
6.70282E+06 3.56346
6.71481E+06 3.59846
6.72684E+06 3.59911
6.73890E+06 3.55149
6.75099E+06 3.50367
6.76311E+06 3.50489
6.77527E+06 3.23664
6.78745E+06 3.29804
6.79968E+06 3.38153
6.81193E+06 3.31937
6.82422E+06 3.38657
6.83654E+06 3.53051
6.84890E+06 3.52324
6.86128E+06 3.41821
6.87371E+06 3.36257
6.88616E+06 3.41807
6.89865E+06 3.57507
6.91118E+06 3.49986
6.92374E+06 3.36665
6.93633E+06 3.47047
6.94896E+06 3.54229
6.96162E+06 3.61110
6.97432E+06 3.40771
6.98705E+06 3.42788
6.99982E+06 3.45061
7.00000E+06 3.44958
7.01262E+06 3.37757
7.02546E+06 3.44251
7.04220E+06 3.38161
7.06289E+06 3.42009
7.08367E+06 3.46871
7.10454E+06 3.49206
7.12550E+06 3.44893
7.14656E+06 3.48875
7.16771E+06 3.52961
7.18896E+06 3.32458
7.21030E+06 3.35448
7.23173E+06 3.29151
7.25327E+06 3.45255
7.27489E+06 3.31646
7.29662E+06 3.37787
7.31845E+06 3.36806
7.34037E+06 3.37483
7.36239E+06 3.48536
7.38451E+06 3.23366
7.40673E+06 3.38310
7.42905E+06 3.49415
7.45148E+06 3.33119
7.47400E+06 3.41458
7.49663E+06 3.41072
7.50000E+06 3.41187
7.51937E+06 3.41851
7.54220E+06 3.29742
7.56514E+06 3.26837
7.58819E+06 3.28016
7.61424E+06 3.32788
7.64335E+06 3.32169
7.67262E+06 3.28159
7.70206E+06 3.21736
7.73168E+06 3.31819
7.76146E+06 3.32653
7.79142E+06 3.29148
7.82156E+06 3.17442
7.85187E+06 3.38006
7.88235E+06 3.28803
7.91302E+06 3.29880
7.94386E+06 3.27048
7.97489E+06 3.22136
8.00000E+06 3.33421
8.00610E+06 3.36163
8.03749E+06 3.23104
8.06907E+06 3.18970
8.10084E+06 3.21245
8.13280E+06 3.18185
8.16494E+06 3.11850
8.19728E+06 3.15706
8.22981E+06 3.15977
8.26254E+06 3.21305
8.29546E+06 3.12433
8.32858E+06 3.16562
8.36190E+06 3.18628
8.39542E+06 3.05065
8.42915E+06 3.14567
8.46307E+06 3.15712
8.49721E+06 3.21997
8.50000E+06 3.21195
8.53155E+06 3.12126
8.56610E+06 3.07506
8.60087E+06 3.12242
8.63585E+06 3.08564
8.67104E+06 3.10504
8.70645E+06 3.08358
8.74207E+06 3.12533
8.77792E+06 3.05650
8.81399E+06 3.11461
8.85028E+06 3.02396
8.88680E+06 3.04140
8.92354E+06 3.00381
8.96052E+06 3.12702
8.99772E+06 2.94943
9.00000E+06 2.95433
9.03516E+06 3.02990
9.07284E+06 3.11700
9.11075E+06 3.03894
9.14890E+06 3.15910
9.18730E+06 3.03675
9.22593E+06 2.99508
9.26481E+06 2.98007
9.30394E+06 2.92328
9.34332E+06 3.06489
9.38295E+06 2.95569
9.42284E+06 2.93813
9.46298E+06 2.88333
9.50000E+06 2.93149
9.50338E+06 2.93590
9.54404E+06 2.94241
9.58496E+06 3.01126
9.62615E+06 2.89032
9.66760E+06 2.91901
9.79360E+06 2.89741
9.90070E+06 2.87258
9.90075E+06 2.87257
1.00000E+07 2.84955
1.00092E+07 2.84742
1.02320E+07 2.79066
1.04623E+07 2.78000
1.07006E+07 2.77469
1.09471E+07 2.70161
1.10000E+07 2.70873
1.12024E+07 2.70002
1.14667E+07 2.69611
1.18811E+07 2.59798
1.20000E+07 2.58816
1.24699E+07 2.54933
1.30000E+07 2.52742
1.31039E+07 2.52313
1.37878E+07 2.42336
1.45000E+07 2.40440
1.45271E+07 2.40368
1.53280E+07 2.33662
1.60000E+07 2.28218
1.61976E+07 2.26618
1.71441E+07 2.24130
1.75000E+07 2.21856
1.81769E+07 2.17532
1.93069E+07 2.16831
2.00000E+07 2.14542
2.00000E+07 2.25100
2.00490E+07 2.25174
2.01902E+07 2.25303
2.10000E+07 2.24553
2.20000E+07 2.24081
2.21481E+07 2.24309
2.30000E+07 2.25630
2.40000E+07 2.27032
2.50000E+07 2.27995
2.60000E+07 2.29271
2.70000E+07 2.31205
2.75158E+07 2.32221
2.80000E+07 2.33139
2.80087E+07 2.33154
2.90000E+07 2.34941
2.95815E+07 2.35967
3.00000E+07 2.36700
3.02518E+07 2.37146
3.03418E+07 2.37306
3.05350E+07 2.37655
3.07957E+07 2.38131
3.10000E+07 2.38507
3.13071E+07 2.39078
3.20000E+07 2.40376
3.30000E+07 2.42243
3.34628E+07 2.43091
3.34628E+07 2.43091
3.40000E+07 2.44053
3.50000E+07 2.45757
3.60000E+07 2.47295
3.70000E+07 2.48655
3.71352E+07 2.48827
3.71352E+07 2.48827
3.80000E+07 2.49868
3.90000E+07 2.50963
3.93598E+07 2.51333
3.96868E+07 2.51660
3.96868E+07 2.51660
3.99429E+07 2.51910
4.00000E+07 2.51965
4.08159E+07 2.52668
4.08874E+07 2.52722
4.08874E+07 2.52722
4.10000E+07 2.52805
4.13771E+07 2.53063
4.20000E+07 2.53426
4.30000E+07 2.53863
4.40000E+07 2.54146
4.50000E+07 2.54304
4.60000E+07 2.54330
4.61558E+07 2.54320
4.61558E+07 2.54320
4.70000E+07 2.54206
4.80000E+07 2.53949
4.84036E+07 2.53810
4.84754E+07 2.53783
4.84754E+07 2.53783
4.90000E+07 2.53571
5.00000E+07 2.53084
5.02748E+07 2.52932
5.02748E+07 2.52932
5.03016E+07 2.52917
5.03016E+07 2.52917
5.07112E+07 2.52676
5.07112E+07 2.52676
5.10000E+07 2.52496
5.20000E+07 2.51810
5.25848E+07 2.51366
5.25848E+07 2.51366
5.29303E+07 2.51088
5.29304E+07 2.51088
5.30000E+07 2.51031
5.40000E+07 2.50165
5.50000E+07 2.49217
5.60000E+07 2.48190
5.62098E+07 2.47965
5.62099E+07 2.47965
5.65566E+07 2.47585
5.65566E+07 2.47585
5.70000E+07 2.47086
5.80000E+07 2.45906
5.83860E+07 2.45429
5.85018E+07 2.45284
5.90000E+07 2.44648
6.00000E+07 2.43315
6.10000E+07 2.41926
6.18384E+07 2.40726
6.18384E+07 2.40726
6.18407E+07 2.40723
6.20000E+07 2.40490
6.29304E+07 2.39102
6.29304E+07 2.39102
6.30000E+07 2.38995
6.33239E+07 2.38497
6.33239E+07 2.38497
6.37099E+07 2.37892
6.37099E+07 2.37892
6.40000E+07 2.37430
6.47238E+07 2.36247
6.47239E+07 2.36247
6.50000E+07 2.35784
6.60000E+07 2.34091
6.70000E+07 2.32392
6.80000E+07 2.30697
6.82522E+07 2.30270
6.82522E+07 2.30270
6.86701E+07 2.29565
6.86701E+07 2.29565
6.90000E+07 2.29010
7.00000E+07 2.27338
7.10000E+07 2.25688
7.15485E+07 2.24789
7.15485E+07 2.24789
7.17191E+07 2.24510
7.20000E+07 2.24050
7.30000E+07 2.22413
7.40000E+07 2.20765
7.50000E+07 2.19095
7.60000E+07 2.17382
7.65674E+07 2.16386
7.65675E+07 2.16386
7.66155E+07 2.16301
7.67714E+07 2.16024
7.67714E+07 2.16024
7.70000E+07 2.15615
7.80000E+07 2.13799
7.90000E+07 2.11939
8.00000E+07 2.10038
8.10000E+07 2.08137
8.20000E+07 2.06270
8.30000E+07 2.04439
8.40000E+07 2.02642
8.40000E+07 2.02642
8.40834E+07 2.02494
8.40834E+07 2.02494
8.50000E+07 2.00880
8.60000E+07 1.99155
8.70000E+07 1.97466
8.80000E+07 1.95804
8.90000E+07 1.94162
8.90000E+07 1.94162
9.00000E+07 1.92535
9.10000E+07 1.90841
9.20000E+07 1.89051
9.30000E+07 1.87236
9.40000E+07 1.85461
9.40000E+07 1.85461
9.50000E+07 1.83783
9.60000E+07 1.82214
9.70000E+07 1.80707
9.80000E+07 1.79230
9.90000E+07 1.77754
9.90000E+07 1.77754
1.00000E+08 1.76253
1.02000E+08 1.73245
1.04000E+08 1.70306
1.06000E+08 1.67437
1.08000E+08 1.64637
1.10000E+08 1.61905
1.12000E+08 1.59252
1.14000E+08 1.56688
1.16000E+08 1.54210
1.18000E+08 1.51811
1.20000E+08 1.49489
1.22000E+08 1.47239
1.24000E+08 1.45057
1.26000E+08 1.42942
1.28000E+08 1.40892
1.30000E+08 1.38906
1.32000E+08 1.37038
1.34000E+08 1.35309
1.36000E+08 1.33678
1.38000E+08 1.32106
1.40000E+08 1.30561
1.42000E+08 1.29039
1.44000E+08 1.27555
1.46000E+08 1.26110
1.48000E+08 1.24704
1.50000E+08 1.23337