Zn-68(n,g) ENDF/B-VII.1
Energy(eV) XS(b)
1.00000E-05 53.5658
1.25000E-05 47.9107
1.50000E-05 43.7363
2.00000E-05 37.8768
2.75000E-05 32.3014
3.50000E-05 28.6321
4.25000E-05 25.9832
5.00000E-05 23.9554
6.25000E-05 21.4263
7.50000E-05 19.5595
0.000100000 16.9390
0.000125000 15.1507
0.000150000 13.8306
0.000200000 11.9777
0.000275000 10.2146
0.000350000 9.05429
0.000425000 8.21663
0.000500000 7.57536
0.000625000 6.77561
0.000750000 6.18526
0.00100000 5.35660
0.00125000 4.79109
0.00150000 4.37365
0.00200000 3.78770
0.00275000 3.23017
0.00350000 2.86325
0.00425000 2.59836
0.00500000 2.39558
0.00625000 2.14268
0.00750000 1.95600
0.0100000 1.69396
0.0125000 1.51513
0.0150000 1.38313
0.0200000 1.19785
0.0253000 1.06504
0.0314750 0.954885
0.0376500 0.873093
0.0500000 0.757663
0.0625000 0.677703
0.0750000 0.618682
0.100000 0.535840
0.125000 0.479310
0.150000 0.437585
0.200000 0.379024
0.275000 0.323315
0.350000 0.286661
0.500000 0.239960
0.750000 0.196093
1.00000 0.169965
1.50000 0.139012
2.00000 0.120593
2.75000 0.103105
3.50000 0.0916274
5.00000 0.0770558
7.50000 0.0634594
10.0000 0.0554354
15.0000 0.0460611
20.0000 0.0406028
27.5000 0.0355737
35.0000 0.0324127
50.0000 0.0287005
75.0000 0.0258904
100.000 0.0249482
150.000 0.0258459
200.000 0.0295626
275.000 0.0425250
312.500 0.0555139
350.000 0.0782926
368.750 0.0966289
378.125 0.108671
387.500 0.123389
392.188 0.132008
394.531 0.136689
396.875 0.141643
399.219 0.146892
401.563 0.152461
403.906 0.158376
406.250 0.164667
408.594 0.171365
410.938 0.178507
415.625 0.194291
420.313 0.212401
425.000 0.233320
429.688 0.257665
434.375 0.286231
439.063 0.320059
443.750 0.360533
453.125 0.469608
457.813 0.544428
462.500 0.639243
467.188 0.761889
471.875 0.924456
476.563 1.14637
481.250 1.46043
485.938 1.92559
490.625 2.65616
495.313 3.89737
497.656 4.86975
500.000 6.25040
503.018 9.06547
506.035 14.1782
507.544 18.3876
509.053 24.5398
510.561 33.7409
512.070 47.4834
514.235 75.7503
516.400 94.1780
518.565 74.9384
520.730 46.7010
522.602 30.5595
524.474 20.8015
526.347 14.8178
528.219 10.9913
531.963 6.65325
535.707 4.42082
539.452 3.13634
543.196 2.33436
550.684 1.43103
558.173 0.962762
565.662 0.690022
573.150 0.517700
580.639 0.402094
595.616 0.261713
610.593 0.183163
625.570 0.134938
640.548 0.103286
670.502 0.0657443
700.456 0.0452602
730.411 0.0329215
760.365 0.0249457
820.274 0.0156478
880.183 0.0106727
940.091 0.00772139
1000.00 0.00583701
1125.00 0.00360499
1250.00 0.00245364
1375.00 0.00178698
1500.00 0.00136807
1750.00 0.000892306
2000.00 0.000642954
2450.22 0.000418775
2900.44 0.000313891
3350.66 0.000268022
3575.76 0.000289659
3688.32 0.000432417
3744.60 0.00102127
3772.74 0.00337537
3779.77 0.00580633
3786.80 0.0127061
3790.32 0.0222861
3793.84 0.0492791
3795.60 0.0864181
3796.48 0.123156
3797.36 0.189551
3798.24 0.329033
3798.68 0.464942
3799.12 0.705549
3799.34 0.903129
3799.56 1.19676
3799.78 1.66019
3799.99 2.44908
3800.21 3.97215
3800.32 5.32240
3800.43 7.48345
3800.54 11.2383
3800.65 18.5370
3800.71 24.9796
3800.76 35.0610
3800.82 51.5105
3800.87 78.0733
3800.94 125.322
3801.00 156.168
3801.06 124.533
3801.13 78.0733
3801.20 44.5492
3801.27 27.6117
3801.35 18.4441
3801.42 13.0803
3801.49 9.67990
3801.57 7.45933
3801.71 4.80171
3801.86 3.33266
3802.01 2.44970
3802.30 1.48092
3802.59 0.988942
3802.88 0.706637
3803.47 0.412357
3804.06 0.269684
3804.64 0.190146
3805.81 0.109021
3806.98 0.0706271
3808.15 0.0494802
3810.49 0.0282010
3815.18 0.0127855
3819.86 0.00733096
3829.23 0.00340673
3838.59 0.00202511
3876.06 0.000685970
3950.99 0.000349999
4025.92 0.000290005
4100.85 0.000272814
4250.71 0.000275704
4400.56 0.000309983
4550.42 0.000396296
4625.35 0.000482597
4700.28 0.000634432
4775.21 0.000934948
4812.68 0.00120864
4850.14 0.00165995
4887.61 0.00248324
4906.34 0.00317681
4925.07 0.00423559
4943.80 0.00596977
4962.54 0.00910483
4971.90 0.0117230
4981.27 0.0156859
4990.63 0.0221007
5000.00 0.0334993
5004.65 0.0427787
5006.98 0.0489410
5009.30 0.0565369
5010.47 0.0610186
5011.63 0.0660555
5012.79 0.0717426
5013.95 0.0781908
5015.12 0.0855546
5016.28 0.0940078
5017.44 0.103775
5018.61 0.115132
5019.77 0.128464
5020.93 0.144240
5023.26 0.185862
5025.58 0.248237
5026.75 0.291730
5027.91 0.347465
5029.07 0.420522
5030.23 0.518567
5031.40 0.653934
5032.56 0.846916
5033.72 1.13318
5034.89 1.57554
5036.05 2.28579
5037.21 3.43707
5038.61 5.50230
5040.00 6.87885
5041.40 5.49838
5042.79 3.43329
5043.98 2.26058
5045.17 1.54695
5046.36 1.10641
5047.55 0.823648
5049.93 0.501418
5052.31 0.334768
5054.70 0.238523
5057.08 0.178245
5061.84 0.110099
5066.60 0.0746087
5071.36 0.0538507
5076.12 0.0406835
5080.89 0.0318178
5090.41 0.0209930
5099.93 0.0148921
5109.46 0.0111201
5118.98 0.00862734
5138.03 0.00564188
5157.08 0.00399112
5176.12 0.00298376
5195.17 0.00232438
5233.27 0.00154235
5271.36 0.00111404
5309.46 0.000854338
5347.55 0.000685073
5423.74 0.000485065
5499.93 0.000375766
5652.31 0.000266146
5804.69 0.000214671
5957.07 0.000186273
6261.83 0.000157659
6871.34 0.000142003
7176.10 0.000160723
7328.48 0.000248748
7404.67 0.000602818
7442.77 0.00201487
7452.29 0.00347368
7461.81 0.00761905
7466.58 0.0133825
7471.34 0.0296684
7473.72 0.0521447
7474.91 0.0744722
7476.10 0.114942
7477.29 0.200409
7477.89 0.284102
7478.48 0.433661
7478.78 0.557332
7479.08 0.741694
7479.37 1.03630
7479.67 1.54567
7479.97 2.55016
7480.12 3.46207
7480.27 4.94614
7480.42 7.63587
7480.49 9.88132
7480.56 13.1868
7480.64 18.4594
7480.71 27.1763
7480.79 42.7548
7480.86 71.9422
7480.93 115.282
7481.00 143.900
7481.07 115.280
7481.14 71.9407
7481.19 51.6762
7481.23 38.0440
7481.28 28.6091
7481.32 22.2281
7481.42 14.2942
7481.51 9.91796
7481.60 7.23251
7481.69 5.51069
7481.88 3.48553
7482.07 2.39291
7482.25 1.74503
7482.44 1.32803
7482.62 1.04415
7482.99 0.693034
7483.36 0.493576
7483.73 0.368987
7484.10 0.286414
7484.84 0.186795
7485.58 0.131382
7487.07 0.0751207
7488.55 0.0485782
7490.03 0.0339879
7492.99 0.0193312
7498.92 0.00873443
7504.85 0.00499196
7516.70 0.00230232
7528.56 0.00135642
7575.98 0.000441000
7670.82 0.000212750
7765.65 0.000173330
7860.49 0.000164348
8050.17 0.000197211
8145.01 0.000350010
8192.43 0.000945943
8216.14 0.00329863
8222.06 0.00571837
8227.99 0.0125613
8230.96 0.0220203
8233.92 0.0484964
8235.40 0.0846231
8236.88 0.183763
8237.62 0.315529
8237.99 0.442220
8238.36 0.662818
8238.74 1.10194
8238.92 1.50347
8239.11 2.16925
8239.29 3.38881
8239.38 4.42217
8239.48 5.97269
8239.57 8.49625
8239.66 12.8183
8239.75 21.0480
8239.85 37.2505
8239.92 59.7582
8240.00 74.5079
8240.08 59.4494
8240.16 37.2498
8240.24 21.9270
8240.33 13.8047
8240.41 9.31568
8240.50 6.65224
8240.58 4.96581
8240.67 3.83877
8240.84 2.48164
8241.01 1.73101
8241.18 1.27436
8241.51 0.772903
8241.85 0.517267
8242.19 0.370494
8242.87 0.216544
8244.23 0.100078
8245.59 0.0574545
8248.31 0.0261173
8251.02 0.0149078
8256.45 0.00678414
8261.89 0.00390999
8283.62 0.00111774
8327.08 0.000427389
8414.00 0.000323885
8500.92 0.000690490
8544.38 0.00227595
8566.11 0.00859203
8571.54 0.0150887
8576.97 0.0334381
8579.69 0.0587640
8582.41 0.129460
8583.76 0.225538
8584.44 0.319620
8585.12 0.487636
8585.80 0.833333
8586.14 1.16350
8586.48 1.73388
8586.82 2.85597
8586.99 3.87230
8587.16 5.52404
8587.33 8.50503
8587.41 10.9646
8587.50 14.6208
8587.58 20.3438
8587.67 29.8671
8587.75 46.7834
8587.84 77.6677
8587.92 124.120
8588.00 155.346
8588.08 124.119
8588.16 77.6671
8588.22 53.1272
8588.29 37.5549
8588.35 27.5253
8588.41 20.8636
8588.54 12.9724
8588.66 8.80044
8588.78 6.32310
8588.91 4.76342
8589.16 2.96882
8589.41 2.02294
8589.66 1.46539
8590.15 0.869325
8590.65 0.574552
8591.15 0.407689
8592.14 0.235752
8594.14 0.107710
8596.13 0.0614883
8600.11 0.0277858
8604.09 0.0158042
8612.06 0.00715584
8620.02 0.00410405
8651.88 0.00114107
8715.60 0.000393854
8843.05 0.000206548
9097.93 0.000170462
9352.82 0.000225553
9480.26 0.000472825
9543.98 0.00146001
9559.91 0.00247877
9575.84 0.00536956
9583.81 0.00938038
9591.77 0.0206779
9595.76 0.0362087
9597.75 0.0515676
9599.74 0.0793106
9601.73 0.137488
9602.73 0.194092
9603.72 0.294309
9604.72 0.498230
9605.22 0.690123
9605.71 1.01696
9606.21 1.64422
9606.46 2.19793
9606.71 3.08014
9606.96 4.60292
9607.21 7.53281
9607.33 10.1042
9607.46 14.0529
9607.58 20.3951
9607.70 30.6897
9607.85 49.1745
9608.00 61.3884
9608.15 49.0405
9608.30 30.6887
9608.39 22.3106
9608.49 16.5390
9608.68 9.83208
9608.87 6.37955
9609.06 4.44410
9609.26 3.25499
9609.45 2.48444
9609.83 1.57858
9610.21 1.08797
9610.59 0.794919
9611.36 0.476554
9612.12 0.317005
9612.89 0.225930
9614.42 0.131323
9615.95 0.0857503
9617.48 0.0603724
9620.54 0.0345812
9626.66 0.0157029
9632.78 0.00897019
9645.02 0.00410123
9657.26 0.00238066
9706.22 0.000708781
9804.15 0.000288346
10000.0 0.000185711
10264.0 0.000169205
10528.0 0.000171348
11056.0 0.000192536
11583.9 0.000236708
11847.9 0.000276820
11979.9 0.000312415
12045.9 0.000365368
12078.9 0.000522123
12095.4 0.00111517
12103.7 0.00344192
12107.8 0.0124780
12109.8 0.0466264
12110.9 0.168598
12111.4 0.567774
12111.7 1.64230
12111.8 3.75053
12111.8 6.19968
12111.9 11.6817
12112.0 18.3233
12112.0 23.2425
12112.1 18.3234
12112.1 11.5613
12112.1 7.48628
12112.2 4.76635
12112.3 2.31733
12112.5 0.903240
12112.9 0.289341
12113.6 0.0815163
12115.2 0.0218559
12118.2 0.00589453
12124.4 0.00174835
12136.7 0.000697314
12161.3 0.000438853
12210.5 0.000389103
12308.8 0.000413463
12505.5 0.000534087
12702.2 0.000776574
12800.6 0.000999584
12849.7 0.00116451
12874.3 0.00128393
12886.6 0.00142451
12892.8 0.00179303
12895.8 0.00312064
12897.4 0.00807379
12898.2 0.0255748
12898.5 0.0787944
12898.7 0.207531
12898.9 1.21713
12899.0 2.41883
12899.1 1.20302
12899.2 0.374893
12899.3 0.172258
12899.5 0.0626873
12900.0 0.0196359
12900.9 0.00636827
12902.7 0.00269162
12906.3 0.00173991
12913.5 0.00152823
12927.8 0.00154666
12956.6 0.00172024
13014.0 0.00223932
13071.5 0.00308528
13129.0 0.00459175
13157.7 0.00583152
13186.5 0.00768157
13215.2 0.0106192
13229.6 0.0127830
13244.0 0.0156969
13251.1 0.0175493
13258.3 0.0197503
13265.5 0.0224006
13272.7 0.0256209
13279.9 0.0295977
13287.1 0.0345706
13294.3 0.0409173
13301.4 0.0491619
13308.6 0.0601632
13315.8 0.0752247
13323.0 0.0966204
13330.2 0.128201
13337.4 0.177324
13344.5 0.258090
13348.1 0.318479
13351.7 0.399382
13355.3 0.508498
13358.9 0.654385
13366.0 1.04684
13373.0 1.30788
13380.1 1.04541
13387.1 0.653014
13392.2 0.456256
13397.4 0.327470
13402.5 0.242824
13407.6 0.185698
13417.9 0.117303
13428.2 0.0801871
13438.4 0.0580573
13448.7 0.0439137
13469.2 0.0275936
13489.7 0.0189264
13510.3 0.0137976
13530.8 0.0105167
13551.3 0.00829374
13592.3 0.00556353
13633.4 0.00401691
13674.4 0.00305764
13715.5 0.00242303
13797.6 0.00166339
13879.7 0.00124546
14043.8 0.000830358
14208.0 0.000644663
14372.2 0.000552180
14700.6 0.000485115
15028.9 0.000491678
15357.3 0.000549490
15685.7 0.000726928
15849.9 0.00120098
15890.9 0.00165292
15932.0 0.00290764
15952.5 0.00463243
15962.7 0.00634491
15973.0 0.00945721
15983.3 0.0160501
15988.4 0.0225416
15993.5 0.0342097
15996.1 0.0439188
15998.7 0.0584699
16001.2 0.0819237
16003.8 0.122930
16005.1 0.156445
16006.4 0.205358
16007.6 0.281346
16008.9 0.408581
16010.2 0.647766
16010.8 0.851385
16011.5 1.16557
16012.1 1.68348
16012.8 2.61237
16013.4 4.45737
16013.7 6.06345
16014.0 8.42451
16014.5 13.4898
16015.0 16.8705
16015.5 13.4885
16016.0 8.42367
16016.4 5.43855
16016.8 3.66482
16017.3 2.59282
16017.7 1.91459
16018.5 1.15350
16019.4 0.765354
16020.3 0.543156
16021.1 0.404822
16022.8 0.249299
16024.6 0.168716
16026.3 0.121734
16028.0 0.0919961
16029.7 0.0720965
16033.2 0.0476782
16036.6 0.0339697
16043.5 0.0198767
16050.3 0.0131660
16057.2 0.00945874
16070.9 0.00572847
16084.7 0.00400845
16098.4 0.00315652
16112.2 0.00315596
16119.0 0.00522850
16122.5 0.0139870
16124.2 0.0472217
16125.1 0.164835
16125.5 0.533007
16125.7 1.41261
16125.8 3.02367
16125.9 4.69599
16125.9 8.18186
16126.0 16.2764
16126.1 8.09668
16126.2 4.69602
16126.2 2.79090
16126.3 1.25963
16126.6 0.446358
16127.0 0.138065
16128.0 0.0397343
16129.9 0.0118783
16133.6 0.00439942
16141.2 0.00237149
16156.2 0.00169788
16186.4 0.00134072
16246.6 0.00110124
16367.2 0.000997786
16608.3 0.00108864
17090.5 0.00165095
17331.6 0.00217824
17572.7 0.00303654
17693.2 0.00368130
17753.5 0.00408669
17813.8 0.00456559
17843.9 0.00483874
17874.1 0.00513868
17904.2 0.00547000
17934.3 0.00583960
17964.5 0.00626157
17994.6 0.00677893
18024.7 0.00770602
18039.8 0.00972735
18047.3 0.0167600
18051.1 0.0434158
18053.0 0.141441
18053.9 0.475109
18054.2 0.777363
18054.4 1.44999
18054.5 2.20746
18054.6 3.72643
18054.8 7.34553
18054.8 11.1361
18054.9 16.5754
18054.9 27.1743
18055.0 33.1436
18055.1 27.1742
18055.1 16.5754
18055.2 8.98342
18055.3 5.41041
18055.5 2.38893
18055.6 1.32128
18055.8 0.834771
18056.5 0.257033
18057.8 0.0763245
18060.5 0.0256995
18065.9 0.0124518
18076.6 0.00924227
18098.1 0.00883447
18141.2 0.00966847
18184.2 0.0108973
18227.2 0.0124450
18270.2 0.0144342
18313.2 0.0172415
18356.3 0.0232835
18367.0 0.0274439
18377.8 0.0376601
18383.1 0.0508070
18385.8 0.0634348
18388.5 0.0856172
18391.2 0.130838
18392.6 0.173725
18393.9 0.246779
18395.2 0.389181
18395.9 0.515303
18396.6 0.718110
18397.3 1.07300
18397.9 1.77088
18398.3 2.40625
18398.6 3.38375
18398.9 5.05877
18399.3 7.80626
18399.6 12.4782
18400.0 15.5929
18400.4 12.4774
18400.7 7.80588
18401.0 5.45971
18401.3 3.96775
18401.5 2.97338
18401.8 2.29445
18402.3 1.47124
18402.8 1.01877
18403.4 0.742741
18403.9 0.569039
18404.9 0.367157
18406.0 0.258458
18407.0 0.194566
18409.1 0.125473
18411.2 0.0911946
18413.3 0.0718040
18417.5 0.0519770
18421.6 0.0426575
18425.8 0.0376904
18434.2 0.0331078
18467.6 0.0318155
18534.4 0.0420374
18601.2 0.0604168
18668.0 0.0905108
18748.0 0.144128
18828.0 0.179024
18868.0 0.168002
18908.0 0.142509
18988.0 0.0888937
19051.3 0.0602864
19114.5 0.0422104
19177.8 0.0307088
19241.0 0.0231427
19367.5 0.0143207
19494.0 0.00965811
19620.5 0.00693065
19747.0 0.00521106
20000.0 0.00328986
20114.9 0.00290035
20172.4 0.00326910
20201.1 0.00549645
20215.4 0.0145966
20222.6 0.0499360
20224.4 0.0854903
20226.2 0.182038
20227.1 0.310290
20228.0 0.646442
20228.5 1.06764
20228.9 2.08351
20229.1 3.26597
20229.4 5.62267
20229.5 7.83734
20229.6 11.5447
20229.7 18.2038
20229.8 32.1354
20229.9 51.4412
20230.0 64.1106
20230.1 51.4410
20230.2 31.9763
20230.3 20.8750
20230.4 14.0717
20230.5 9.95579
20230.6 7.35082
20230.7 4.42743
20230.9 2.99858
20231.3 1.60093
20231.6 0.990980
20232.3 0.486408
20233.0 0.288310
20234.4 0.135852
20235.8 0.0793029
20241.4 0.0222182
20252.6 0.00730822
20275.1 0.00344583
20297.5 0.00267456
20320.0 0.00236726
20409.7 0.00192336
20589.2 0.00159482
20678.9 0.00155429
20768.7 0.00172085
20813.6 0.00206452
20836.0 0.00243500
20858.4 0.00313128
20880.9 0.00463948
20892.1 0.00614074
20903.3 0.00885404
20908.9 0.0111189
20914.5 0.0145400
20920.1 0.0200587
20925.7 0.0298102
20928.6 0.0377821
20931.4 0.0495288
20934.2 0.0680122
20937.0 0.0992487
20939.8 0.158717
20941.2 0.210468
20942.6 0.291907
20943.3 0.351196
20944.0 0.429986
20944.7 0.537440
20945.4 0.688412
20945.7 0.787408
20946.1 0.907733
20946.4 1.05529
20946.8 1.23781
20947.1 1.46525
20947.5 1.75004
20947.8 2.10657
20948.2 2.54873
20948.6 3.26834
20949.1 4.09154
20950.0 5.10718
20950.5 4.80232
20950.9 4.07318
20951.8 2.54829
20952.8 1.55540
20953.7 1.00969
20954.6 0.693378
20955.5 0.502921
20956.5 0.378722
20957.4 0.295505
20959.2 0.193671
20961.1 0.136209
20962.9 0.100957
20966.6 0.0619387
20970.3 0.0419096
20974.0 0.0303541
20977.7 0.0230741
20981.4 0.0181952
20988.8 0.0122612
20996.2 0.00893606
21003.5 0.00688200
21010.9 0.00552748
21025.7 0.00390293
21040.5 0.00300118
21070.0 0.00208079
21099.6 0.00163768
21129.1 0.00138580
21188.2 0.00111430
21306.3 0.000874891
21424.5 0.000752896
21897.2 0.000513160
22369.9 0.000396043
22606.2 0.000381654
22724.4 0.000477090
22783.5 0.000919362
22813.0 0.00268661
22820.4 0.00449143
22827.8 0.00952294
22831.5 0.0163808
22835.2 0.0350380
22837.0 0.0597139
22837.9 0.0830992
22838.9 0.123517
22839.8 0.203710
22840.3 0.275565
22840.7 0.392822
22841.2 0.602533
22841.4 0.774770
22841.6 1.02969
22841.9 1.42640
22842.1 2.08143
22842.3 3.23313
22842.6 5.38894
22842.8 8.65538
22843.0 10.7663
22843.2 8.65511
22843.4 5.37668
22843.7 3.23307
22843.9 2.08142
22844.1 1.42641
22844.4 1.02972
22844.6 0.765891
22844.8 0.596396
22845.3 0.389568
22845.8 0.271730
22846.2 0.201268
22847.2 0.122949
22848.1 0.0824685
22849.0 0.0591379
22850.9 0.0347831
22854.6 0.0162469
22858.3 0.00946445
22865.7 0.00445994
22873.1 0.00266594
22887.9 0.00136369
22902.7 0.000901277
22962.0 0.000445851
23080.6 0.000319630
23317.7 0.000269123
23792.0 0.000232977
24266.3 0.000233948
24503.5 0.000309171
24622.0 0.000619747
24681.3 0.00185098
24711.0 0.00669685
24718.4 0.0116419
24725.8 0.0254788
24729.5 0.0443752
24733.2 0.0960076
24735.1 0.164959
24736.0 0.231242
24736.9 0.345482
24737.8 0.574177
24738.3 0.781089
24738.8 1.12230
24739.2 1.76103
24739.5 2.28750
24739.7 3.08151
24739.9 4.34925
24740.1 6.51950
24740.4 10.5373
24740.6 18.4042
24740.8 29.4181
24741.0 36.8099
24741.2 29.4174
24741.4 18.4037
24741.5 12.9985
24741.7 9.42682
24741.8 7.04634
24742.0 5.42171
24742.3 3.40357
24742.5 2.34395
24742.8 1.68808
24743.1 1.28263
24743.7 0.804219
24744.2 0.550071
24744.8 0.399508
24746.0 0.237823
24747.1 0.157539
24748.2 0.111977
24750.5 0.0650311
24755.1 0.0298341
24759.6 0.0171266
24768.7 0.00783812
24777.8 0.00453506
24796.0 0.00214804
24814.2 0.00130581
24887.1 0.000490914
25032.8 0.000295412
25178.5 0.000274011
25324.1 0.000287153
25615.5 0.000391706
25761.2 0.000525888
25834.0 0.000668573
25870.5 0.000888299
25888.7 0.00151852
25897.8 0.00386056
25902.3 0.0128638
25904.6 0.0468778
25905.8 0.168295
25906.3 0.555761
25906.6 1.52460
25906.7 3.26667
25906.8 5.35235
25906.9 9.98064
25907.0 19.9606
25907.1 9.98065
25907.2 4.96024
25907.3 2.88174
25907.5 1.22441
25907.8 0.414967
25908.5 0.123860
25909.8 0.0344034
25912.5 0.00958397
25917.9 0.00305540
25928.6 0.00141371
25950.0 0.00106550
25993.0 0.00115800
26035.9 0.00143742
26078.8 0.00192297
26121.8 0.00285990
26143.2 0.00372232
26164.7 0.00520521
26186.2 0.00818159
26196.9 0.0110007
26207.6 0.0159161
26218.4 0.0257575
26223.7 0.0349281
26229.1 0.0504184
26234.5 0.0798213
26237.1 0.105445
26239.8 0.145803
26242.5 0.214672
26245.2 0.343610
26246.5 0.453397
26247.9 0.619153
26249.2 0.877392
26250.5 1.28176
26252.3 2.04873
26254.0 2.55948
26255.7 2.04831
26257.5 1.28156
26259.3 0.765155
26261.2 0.488158
26263.0 0.332180
26264.8 0.239312
26266.7 0.179811
26268.5 0.140089
26272.2 0.0920028
26275.9 0.0652330
26279.6 0.0489388
26287.0 0.0310739
26294.3 0.0220789
26301.7 0.0170135
26316.5 0.0120136
26331.2 0.0100190
26345.9 0.00941829
26375.4 0.0106989
26404.9 0.0155633
26419.7 0.0204528
26434.4 0.0287409
26441.8 0.0351455
26449.2 0.0440690
26452.9 0.0499068
26456.5 0.0569795
26460.2 0.0656985
26463.9 0.0765321
26467.6 0.0902703
26471.3 0.107942
26475.0 0.131096
26478.7 0.161947
26482.4 0.204140
26486.0 0.262638
26489.7 0.345207
26493.4 0.460345
26499.7 0.735476
26506.0 0.918432
26509.2 0.864408
26512.3 0.734976
26518.6 0.459813
26525.0 0.281606
26531.4 0.182459
26537.7 0.125609
26544.1 0.0910367
26550.5 0.0686960
26556.9 0.0535613
26569.6 0.0350933
26582.4 0.0247267
26595.1 0.0183637
26620.6 0.0112902
26646.2 0.00766083
26671.7 0.00555494
26697.2 0.00422475
26722.7 0.00333096
26773.7 0.00223968
26824.7 0.00162332
26875.7 0.00124086
26926.7 0.000987108
27028.8 0.000681843
27130.8 0.000514222
27232.9 0.000427203
27283.9 0.000461093
27309.4 0.000730207
27322.1 0.00185163
27328.5 0.00627513
27331.7 0.0232802
27333.3 0.0855044
27334.1 0.297691
27334.5 0.915635
27334.7 2.28870
27334.8 4.36451
27334.9 9.45884
27335.0 18.9175
27335.1 9.45885
27335.2 5.07236
27335.3 3.09563
27335.4 1.38006
27335.7 0.497486
27336.3 0.149489
27337.5 0.0412525
27339.8 0.0110505
27344.5 0.00307814
27354.0 0.00102047
27372.8 0.000490171
27410.5 0.000341990
27485.9 0.000281189
27636.6 0.000235029
27938.1 0.000207982
28088.9 0.000228114
28239.6 0.000318872
28315.0 0.000457269
28390.4 0.000859098
28428.1 0.00141930
28465.8 0.00299424
28484.6 0.00514919
28494.1 0.00726928
28503.5 0.0110765
28512.9 0.0189786
28517.6 0.0265836
28522.3 0.0399012
28527.0 0.0664575
28529.4 0.0909889
28531.7 0.131740
28534.1 0.207433
28535.3 0.271860
28536.4 0.369637
28537.6 0.530429
28538.8 0.814876
28540.0 1.36769
28540.6 1.83842
28541.2 2.50369
28542.1 4.00927
28543.0 4.99621
28543.9 3.99158
28544.9 2.50339
28545.7 1.61714
28546.5 1.08993
28547.3 0.771145
28548.2 0.571365
28549.8 0.344883
28551.5 0.229083
28553.1 0.162372
28554.8 0.121096
28558.1 0.0746208
28561.4 0.0504508
28564.7 0.0363980
28568.0 0.0274952
28571.3 0.0215047
28577.9 0.0141895
28584.5 0.0100718
28597.7 0.00584908
28610.9 0.00383555
28624.1 0.00272264
28650.6 0.00159736
28703.4 0.000777962
28756.3 0.000485955
28862.0 0.000273350
28967.7 0.000196537
29179.2 0.000138460
29390.6 0.000115790
29813.5 9.67194E-05
30236.4 8.87110E-05
31082.1 8.50158E-05
31505.0 8.95575E-05
31716.4 0.000101101
31822.1 0.000138673
31875.0 0.000282433
31901.4 0.000850197
31914.6 0.00308738
31921.2 0.0118029
31924.5 0.0447233
31926.2 0.162267
31927.0 0.543152
31927.4 1.52780
31927.6 3.45024
31927.7 5.74543
31927.8 10.4585
31927.9 16.7336
31928.0 20.9170
31928.1 16.7336
31928.2 10.4584
31928.3 5.43630
31928.4 3.29527
31928.6 1.52782
31929.0 0.543166
31929.8 0.165891
31931.4 0.0457756
31934.7 0.0120875
31941.2 0.00316678
31954.2 0.000871779
31980.3 0.000290333
32032.5 0.000145101
32136.8 0.000111778
32345.4 0.000113729
32449.7 0.000123307
32553.9 0.000145986
32658.2 0.000248448
32710.4 0.000632909
32736.5 0.00212586
32749.5 0.00785027
32752.8 0.0135397
32756.0 0.0289279
32757.7 0.0490026
32759.3 0.100430
32760.1 0.163578
32760.9 0.307810
32761.3 0.464518
32761.7 0.761589
32761.9 1.03843
32762.1 1.45402
32762.3 2.13108
32762.5 3.31624
32762.8 5.31068
32763.0 6.63263
32763.2 5.31055
32763.5 3.31616
32763.7 2.21963
32763.8 1.56369
32764.0 1.14356
32764.2 0.865535
32764.6 0.532766
32764.9 0.361621
32765.7 0.194937
32766.4 0.121955
32767.8 0.0602480
32769.3 0.0357901
32772.2 0.0168501
32775.1 0.00979152
32780.9 0.00454196
32786.7 0.00264631
32809.9 0.000774886
32856.3 0.000300603
32949.1 0.000192507
33042.0 0.000188855
33134.8 0.000210891
33227.7 0.000263210
33320.5 0.000402833
33413.3 0.00110455
33436.5 0.00181356
33459.8 0.00380394
33471.4 0.00653930
33483.0 0.0141302
33488.8 0.0243784
33491.7 0.0343554
33494.6 0.0520564
33497.5 0.0880974
33498.9 0.122064
33500.4 0.180172
33501.8 0.291860
33502.5 0.391614
33503.3 0.548898
33504.0 0.825767
33504.7 1.35529
33505.1 1.83593
33505.4 2.56858
33505.8 3.75807
33506.2 5.71392
33506.6 9.14267
33507.0 11.4285
33507.4 9.14228
33507.8 5.71367
33508.3 3.40258
33508.7 2.18015
33509.2 1.47740
33509.6 1.06527
33510.1 0.796077
33510.5 0.619183
33511.4 0.403792
33512.3 0.282281
33513.2 0.208151
33514.9 0.126690
33516.7 0.0849217
33518.5 0.0609625
33522.0 0.0357958
33525.6 0.0235238
33529.1 0.0166560
33536.2 0.00965281
33550.4 0.00449726
33564.6 0.00265420
33593.0 0.00132260
33621.3 0.000857138
33734.8 0.000440385
33848.3 0.000419177
33961.8 0.000487218
34075.3 0.000631959
34188.8 0.000907075
34245.5 0.00114042
34302.3 0.00150839
34330.6 0.00179627
34359.0 0.00227055
34387.4 0.00368476
34401.6 0.00804624
34408.7 0.0240387
34412.2 0.0825666
34414.0 0.279429
34414.4 0.454764
34414.9 0.850485
34415.1 1.27085
34415.3 2.08141
34415.5 3.89226
34415.6 5.67064
34415.7 8.57593
34415.9 13.7200
34416.0 17.1494
34416.1 13.7199
34416.3 8.57587
34416.4 5.27849
34416.5 3.53976
34416.8 1.84228
34417.0 1.08846
34417.2 0.724853
34417.7 0.381508
34418.2 0.236873
34420.2 0.0698704
34424.0 0.0208689
34431.8 0.00772408
34447.3 0.00465351
34478.4 0.00482215
34540.6 0.00890981
34556.1 0.0109525
34571.7 0.0138056
34579.4 0.0156712
34587.2 0.0179393
34595.0 0.0207306
34602.7 0.0242130
34610.5 0.0286243
34618.3 0.0343088
34626.1 0.0417734
34633.8 0.0517795
34641.6 0.0654829
34649.4 0.0846311
34657.1 0.111750
34664.9 0.149924
34671.4 0.191891
34678.0 0.239758
34691.0 0.299523
34697.5 0.281808
34704.1 0.239521
34717.1 0.149693
34725.0 0.110934
34732.9 0.0836235
34748.8 0.0507938
34764.6 0.0334876
34780.4 0.0235489
34796.2 0.0173905
34812.1 0.0133432
34843.7 0.00854528
34875.4 0.00593164
34907.0 0.00435841
34970.3 0.00264354
35033.6 0.00178009
35096.9 0.00128591
35160.2 0.000977024
35223.5 0.000771307
35350.2 0.000523002
35476.8 0.000384737
35730.0 0.000244833
35983.2 0.000180439
36236.4 0.000149282
36489.6 0.000149357
36616.2 0.000205593
36679.5 0.000399292
36711.2 0.00108475
36727.0 0.00369395
36734.9 0.0137999
36738.9 0.0524278
36740.9 0.193734
36741.9 0.666855
36742.4 1.97577
36742.6 4.79133
36742.7 8.60252
36742.8 18.3059
36742.9 28.8565
36743.0 36.4942
36743.1 28.8564
36743.2 18.1885
36743.3 9.08989
36743.4 5.23471
36743.6 2.29718
36744.0 0.798295
36744.9 0.235658
36746.7 0.0646357
36750.3 0.0170833
36757.3 0.00462121
36771.5 0.00149401
36799.9 0.00105209
36828.3 0.00286903
36842.4 0.0104534
36849.5 0.0390015
36851.3 0.0668912
36853.1 0.139782
36854.0 0.231965
36854.8 0.452117
36855.3 0.707968
36855.7 1.23378
36856.0 1.73564
36856.2 2.58915
36856.4 4.15383
36856.6 7.15790
36856.8 11.5699
36857.0 14.3160
36857.2 11.3348
36857.4 7.15781
36857.5 4.90740
36857.7 3.46616
36858.0 1.95733
36858.3 1.23380
36858.6 0.842253
36859.2 0.456213
36859.7 0.286492
36860.9 0.141922
36862.1 0.0843932
36864.4 0.0397286
36866.7 0.0230964
36876.1 0.00615436
36894.8 0.00169920
36932.1 0.000585673
36969.5 0.000592631
36988.2 0.00145233
36997.5 0.00499612
37002.2 0.0186752
37004.5 0.0694824
37005.7 0.244300
37006.3 0.754503
37006.6 1.90365
37006.7 3.78164
37006.8 8.97380
37007.0 17.9475
37007.2 8.97378
37007.3 4.70612
37007.4 2.67959
37007.6 1.19652
37008.0 0.413165
37008.9 0.122667
37010.6 0.0335954
37014.0 0.00894227
37020.9 0.00242652
37034.6 0.000740696
37062.1 0.000297664
37117.0 0.000168047
37226.8 0.000120919
37446.4 0.000102730
37666.0 0.000113364
37775.8 0.000178697
37830.8 0.000442106
37858.2 0.00148086
37871.9 0.00551801
37878.8 0.0207271
37880.5 0.0356251
37882.2 0.0747210
37883.1 0.124456
37883.9 0.246521
37884.4 0.387329
37884.8 0.689394
37885.0 0.995370
37885.2 1.50840
37885.4 2.47986
37885.6 3.33399
37885.7 4.48507
37885.8 7.21950
37886.0 8.95732
37886.2 7.21940
37886.3 4.47208
37886.5 2.82882
37886.7 1.84634
37886.9 1.27640
37887.0 0.926766
37887.4 0.546060
37887.7 0.361421
37888.4 0.187539
37889.0 0.114963
37890.4 0.0555463
37891.7 0.0327255
37897.1 0.00877941
37907.9 0.00233449
37929.4 0.000660804
37972.5 0.000234619
38058.7 0.000128241
38231.1 0.000106206
38575.8 0.000129603
38748.1 0.000173720
38920.5 0.000302367
39006.6 0.000481303
39049.7 0.000659342
39092.8 0.000982626
39135.9 0.00166576
39157.5 0.00233615
39179.0 0.00353520
39189.8 0.00452698
39200.5 0.00601110
39211.3 0.00837816
39222.1 0.0124940
39232.9 0.0206095
39238.2 0.0280045
39243.6 0.0401567
39249.0 0.0622232
39251.7 0.0805622
39254.4 0.108061
39257.1 0.151822
39259.8 0.225691
39262.5 0.360213
39265.2 0.616200
39267.6 0.986265
39270.0 1.23300
39272.4 0.986043
39274.8 0.616052
39277.3 0.376175
39279.8 0.243156
39282.2 0.167065
39284.7 0.120812
39287.1 0.0910157
39289.6 0.0708491
39294.5 0.0462899
39299.4 0.0325012
39304.3 0.0240580
39314.2 0.0146816
39324.0 0.00988065
39333.8 0.00710748
39343.7 0.00536174
39353.5 0.00419255
39373.2 0.00277260
39392.8 0.00197700
39412.5 0.00148657
39432.2 0.00116337
39471.5 0.000777060
39510.8 0.000563835
39589.5 0.000348805
39668.1 0.000247937
39746.8 0.000192693
39904.1 0.000137402
40218.7 9.78971E-05
40533.4 8.46502E-05
41162.6 7.83892E-05
41477.3 8.17452E-05
41634.6 9.14541E-05
41713.2 0.000122868
41752.6 0.000242116
41772.2 0.000711658
41782.0 0.00255901
41787.0 0.00974147
41789.4 0.0368657
41790.7 0.133525
41791.3 0.434894
41791.6 1.21639
41791.7 2.57564
41791.9 7.26197
41792.0 14.5239
41792.1 7.26197
41792.3 2.05752
41792.5 0.919726
41792.9 0.324544
41793.6 0.0965317
41795.1 0.0264243
41798.0 0.00696994
41803.8 0.00184901
41815.5 0.000532356
41838.8 0.000199712
41885.5 0.000118027
41978.8 0.000103310
42072.2 0.000109871
42165.5 0.000127614
42258.9 0.000167909
42305.5 0.000208613
42352.2 0.000283380
42398.9 0.000444089
42422.2 0.000604846
42445.5 0.000898789
42468.9 0.00152782
42480.6 0.00215374
42492.2 0.00329083
42503.9 0.00570147
42509.7 0.00807730
42515.6 0.0123388
42521.4 0.0212100
42527.2 0.0447086
42530.1 0.0746723
42533.1 0.148313
42534.5 0.234090
42536.0 0.420080
42536.7 0.605251
42537.4 0.935532
42537.8 1.20678
42538.2 1.58565
42538.5 2.13703
42538.9 2.94732
42539.2 3.76234
42539.4 4.70760
42540.0 5.89177
42540.3 5.54311
42540.6 4.70745
42541.1 2.94453
42541.6 1.91329
42542.1 1.29842
42542.6 0.917339
42543.1 0.680421
42544.1 0.410517
42545.1 0.273591
42546.1 0.194106
42547.0 0.144615
42549.0 0.0891681
42551.0 0.0602544
42553.0 0.0434732
42556.9 0.0256431
42560.9 0.0169012
42564.8 0.0119794
42572.7 0.00693318
42580.6 0.00452544
42588.5 0.00319424
42604.3 0.00185049
42620.1 0.00121920
42635.9 0.000873490
42667.5 0.000527022
42699.1 0.000365623
42730.7 0.000277654
42793.8 0.000190051
42857.0 0.000149587
42920.2 0.000127765
43046.6 0.000106517
43299.3 9.27726E-05
43552.0 8.97901E-05
44057.4 9.32959E-05
44310.2 0.000100479
44436.5 0.000115856
44499.7 0.000166158
44531.3 0.000358143
44547.1 0.00111265
44555.0 0.00407062
44558.9 0.0154530
44560.9 0.0573187
44561.9 0.201078
44562.4 0.616218
44562.6 1.57283
44562.7 2.98018
44562.9 7.01700
44563.0 14.0339
44563.1 7.01700
44563.3 2.98019
44563.4 1.57284
44563.6 0.616225
44564.1 0.201082
44565.1 0.0578653
44567.1 0.0155302
44571.0 0.00410223
44578.9 0.00112299
44594.6 0.000365081
44626.1 0.000177137
44689.0 0.000145515
44751.9 0.000219584
44783.4 0.000542044
44799.1 0.00181956
44807.0 0.00681139
44810.9 0.0257846
44812.9 0.0948016
44813.9 0.320036
44814.3 0.930897
44814.6 2.19479
44814.7 3.82625
44814.8 7.48032
44815.0 14.9606
44815.2 7.48030
44815.4 2.60780
44815.6 1.26246
44816.0 0.464310
44816.7 0.143190
44818.3 0.0399482
44821.4 0.0106585
44827.6 0.00282003
44840.1 0.000796849
44865.0 0.000283216
44914.9 0.000154951
45014.5 0.000127719
45114.2 0.000141677
45164.0 0.000210216
45189.0 0.000481584
45201.4 0.00155339
45207.7 0.00574408
45210.8 0.0216970
45212.3 0.0800241
45213.1 0.274485
45213.5 0.819158
45213.7 1.90183
45213.9 6.71240
45214.0 13.4247
45214.1 6.71240
45214.3 2.52657
45214.4 1.28262
45214.7 0.487187
45215.2 0.155846
45216.3 0.0440060
45218.4 0.0118296
45222.7 0.00314543
45231.2 0.000888800
45248.2 0.000315061
45282.3 0.000171327
45350.5 0.000138008
45487.0 0.000139080
45623.4 0.000171485
45691.6 0.000285769
45725.7 0.000728387
45742.7 0.00246525
45751.3 0.00920440
45755.5 0.0344978
45757.6 0.123664
45758.7 0.404711
45759.2 1.10240
45759.5 2.37406
45759.6 3.81507
45759.8 6.62165
45759.9 10.7605
45760.0 13.2433
45760.1 10.7604
45760.2 6.62162
45760.4 3.96989
45760.5 2.45548
45760.7 1.15752
45761.3 0.423591
45762.3 0.131261
45764.4 0.0367422
45768.5 0.00981567
45776.7 0.00262929
45793.2 0.000773811
45826.2 0.000304058
45892.1 0.000189518
46023.9 0.000169855
46287.7 0.000189999
46551.4 0.000231638
46815.1 0.000304139
47078.8 0.000444958
47210.6 0.000572149
47342.5 0.000781470
47474.4 0.00116407
47540.3 0.00148762
47606.2 0.00198359
47672.1 0.00280032
47738.1 0.00428502
47771.0 0.00552922
47787.5 0.00636761
47804.0 0.00741403
47820.5 0.00874475
47836.9 0.0104851
47853.4 0.0129682
47861.7 0.0153710
47865.8 0.0201202
47867.8 0.0355571
47868.9 0.0894528
47869.4 0.265375
47869.7 0.739623
47869.8 1.67398
47869.9 5.29183
47870.0 10.5684
47870.1 5.29190
47870.3 1.34717
47870.4 0.579153
47870.7 0.201384
47871.3 0.0694856
47872.6 0.0305921
47875.1 0.0204917
47880.0 0.0189292
47889.9 0.0210660
47909.8 0.0288232
47929.6 0.0414168
47949.4 0.0616581
47973.7 0.0985672
47998.0 0.123494
48011.9 0.116031
48018.9 0.113479
48022.3 0.135293
48024.1 0.229239
48025.0 0.531639
48025.4 1.27842
48025.6 2.63430
48025.8 6.99527
48026.0 13.8978
48026.2 6.99462
48026.4 3.23398
48026.5 1.77394
48026.8 0.778269
48027.5 0.316650
48028.8 0.153302
48031.3 0.101309
48036.4 0.0802372
48046.6 0.0626180
48069.5 0.0391276
48092.4 0.0259214
48115.3 0.0181511
48138.3 0.0133256
48161.2 0.0101736
48184.1 0.00804336
48207.0 0.00670103
48218.5 0.00688721
48224.2 0.00973639
48227.0 0.0215859
48228.5 0.0656669
48229.2 0.218174
48229.6 0.672503
48229.7 1.71555
48229.9 7.09456
48230.0 14.1845
48230.1 7.09458
48230.2 2.62603
48230.3 1.26668
48230.5 0.475371
48231.0 0.154359
48231.8 0.0474306
48233.6 0.0163264
48237.0 0.00788571
48243.9 0.00547978
48257.8 0.00447117
48285.4 0.00359483
48340.7 0.00257016
48396.0 0.00195045
48451.3 0.00154350
48562.0 0.00106071
48672.6 0.000799272
48893.8 0.000551305
49115.1 0.000460679
49336.3 0.000449328
49557.5 0.000507588
49778.8 0.000676781
49889.4 0.000845193
50000.0 0.00113133
50117.2 0.00170708
50175.8 0.00221314
50205.2 0.00256453
50234.5 0.00301311
50263.8 0.00359755
50278.4 0.00395799
50293.1 0.00437626
50307.7 0.00486561
50322.4 0.00544151
50337.0 0.00612504
50351.7 0.00694307
50366.3 0.00793146
50381.0 0.00913502
50395.6 0.0106151
50410.3 0.0124517
50425.0 0.0147500
50439.6 0.0176371
50454.3 0.0212662
50468.9 0.0257841
50487.7 0.0329584
50506.5 0.0411489
50544.0 0.0513584
50562.8 0.0483219
50581.6 0.0410851
50619.1 0.0257585
50649.5 0.0175360
50664.7 0.0151882
50672.3 0.0162329
50676.1 0.0244593
50678.0 0.0572225
50679.0 0.173795
50679.4 0.529973
50679.7 1.43285
50679.8 3.03947
50679.9 8.17114
50680.0 16.3311
50680.1 8.17114
50680.2 2.82633
50680.4 1.35937
50680.6 0.496895
50681.1 0.161985
50682.1 0.0533045
50684.1 0.0225353
50688.0 0.0139002
50695.9 0.0109152
50711.7 0.00888551
50743.3 0.00658157
50806.4 0.00411841
50869.6 0.00313512
50885.4 0.00323137
50901.2 0.00394231
50916.9 0.00857794
50924.8 0.0269470
50928.8 0.0950325
50930.8 0.325668
50931.3 0.531805
50931.7 1.00101
50932.0 1.51738
50932.2 2.48255
50932.5 4.77979
50932.6 6.99756
50932.7 10.6894
50932.9 17.0775
50933.0 21.3771
50933.1 17.0774
50933.3 10.6894
50933.4 6.99753
50933.5 4.63994
50933.8 2.37229
50934.1 1.41159
50934.3 0.943131
50934.8 0.492732
50935.3 0.304101
50936.4 0.148315
50937.4 0.0883154
50941.5 0.0250134
50949.7 0.00781041
50966.1 0.00322557
50982.5 0.00227295
50998.9 0.00187629
51031.7 0.00149146
51064.5 0.00127523
51195.8 0.000830640
51327.1 0.000613985
51458.3 0.000486924
51720.9 0.000351446
51983.4 0.000286879
52508.4 0.000248829
52639.7 0.000260424
52771.0 0.000305207
52902.2 0.000559194
52967.9 0.00156638
53000.7 0.00552071
53017.1 0.0207816
53025.3 0.0775239
53027.3 0.132120
53029.4 0.273794
53030.4 0.450314
53031.4 0.864177
53032.0 1.33182
53032.5 2.26487
53033.0 4.53400
53033.2 7.04644
53033.5 11.4357
53033.8 18.3871
53034.0 22.8490
53034.3 18.3869
53034.5 11.4131
53034.7 7.72637
53034.9 5.33074
53035.3 2.86638
53035.8 1.75415
53036.2 1.18511
53037.0 0.631793
53037.8 0.392460
53039.5 0.192429
53041.2 0.113812
53044.5 0.0532780
53047.9 0.0308203
53061.2 0.00816666
53087.9 0.00225092
53141.4 0.000741522
53248.2 0.000370053
53461.9 0.000329462
53568.8 0.000395932
53675.6 0.000608990
53729.1 0.000908073
53782.5 0.00174350
53809.2 0.00287535
53822.6 0.00397980
53835.9 0.00594215
53849.3 0.00995465
53856.0 0.0137514
53862.6 0.0202621
53869.3 0.0328739
53872.7 0.0441219
53876.0 0.0622404
53879.3 0.0940224
53882.7 0.156751
53884.4 0.213037
53886.0 0.302626
53887.7 0.452245
53889.4 0.704885
53891.2 1.12971
53893.0 1.41112
53894.8 1.12710
53896.7 0.704794
53897.9 0.509583
53899.0 0.376967
53901.4 0.222516
53903.8 0.144065
53906.2 0.100215
53908.6 0.0733730
53911.0 0.0559337
53915.8 0.0355417
53920.5 0.0245319
53925.3 0.0179633
53934.8 0.0108455
53944.4 0.00727864
53953.9 0.00524632
53973.0 0.00313526
53992.1 0.00211869
54011.2 0.00155330
54049.4 0.000979196
54125.8 0.000560201
54202.1 0.000412272
54354.9 0.000309420
54507.6 0.000279307
54813.1 0.000290708
54965.8 0.000390673
55042.2 0.000773194
55080.3 0.00226453
55099.4 0.00804474
55109.0 0.0298652
55111.4 0.0512223
55113.8 0.107421
55115.0 0.179326
55116.1 0.354463
55116.7 0.558427
55117.3 0.987544
55117.6 1.41550
55117.9 2.17060
55118.2 3.63172
55118.4 4.87003
55118.5 6.56434
55118.8 10.4611
55119.0 13.1148
55119.2 10.4609
55119.5 6.55049
55119.7 4.07274
55119.9 2.68121
55120.2 1.86599
55120.4 1.36174
55120.9 0.799858
55121.3 0.526735
55122.3 0.274598
55123.2 0.168514
55125.0 0.0816653
55126.9 0.0480616
55130.6 0.0224513
55134.3 0.0130255
55149.1 0.00357935
55178.7 0.00114648
55208.3 0.000791681
55223.1 0.00111149
55230.5 0.00271951
55234.2 0.00907099
55236.1 0.0329670
55237.0 0.118346
55237.4 0.383043
55237.7 1.04166
55237.8 2.28877
55237.9 6.19043
55238.0 12.3808
55238.1 6.19045
55238.3 1.70803
55238.4 0.764194
55238.7 0.270258
55239.2 0.0817783
55240.4 0.0228605
55242.6 0.00634997
55247.1 0.00196481
55256.1 0.000820701
55274.0 0.000503710
55309.9 0.000393884
55381.8 0.000346595
55525.4 0.000344703
55669.0 0.000414918
55740.9 0.000651457
55776.8 0.00154796
55794.7 0.00503886
55803.7 0.0184366
55808.2 0.0678497
55809.3 0.114835
55810.4 0.235087
55811.0 0.381308
55811.6 0.719050
55811.8 1.08118
55812.1 1.78784
55812.4 3.40087
55812.5 5.02442
55812.7 7.86941
55812.8 12.5109
55813.0 15.7386
55813.2 12.5108
55813.3 7.86935
55813.4 5.66602
55813.5 4.10847
55813.7 2.41461
55814.0 1.53010
55814.2 1.06403
55814.6 0.587606
55815.0 0.373991
55815.9 0.186415
55816.7 0.111816
55820.2 0.0308568
55827.0 0.00835697
55840.7 0.00241625
55868.0 0.000897406
55922.7 0.000527226
56032.0 0.000472790
56141.4 0.000518422
56250.7 0.000615961
56360.0 0.000811309
56414.7 0.000993874
56469.4 0.00131204
56524.1 0.00196086
56551.4 0.00258454
56578.7 0.00368575
56606.1 0.00593043
56619.7 0.00805632
56633.4 0.0117167
56647.1 0.0188476
56653.9 0.0252606
56660.7 0.0356613
56667.6 0.0541630
56671.0 0.0692577
56674.4 0.0913712
56677.8 0.125546
56681.2 0.181022
56684.7 0.276896
56688.1 0.446066
56691.5 0.713437
56695.0 0.891629
56698.5 0.713283
56701.9 0.445970
56705.0 0.291716
56708.0 0.198629
56711.0 0.141659
56714.0 0.105276
56720.1 0.0640777
56726.1 0.0428895
56732.1 0.0306970
56738.2 0.0230807
56750.3 0.0144986
56762.3 0.0100389
56774.4 0.00743928
56798.6 0.00469691
56822.7 0.00336637
56846.9 0.00263276
56895.2 0.00192088
56943.5 0.00163738
56991.8 0.00154321
57088.4 0.00165892
57185.0 0.00212301
57233.4 0.00254144
57281.7 0.00316756
57305.8 0.00359657
57330.0 0.00413544
57354.1 0.00482259
57378.3 0.00571314
57402.4 0.00689253
57426.6 0.00849930
57450.7 0.0108735
57462.8 0.0131472
57468.9 0.0174571
57471.9 0.0314520
57473.4 0.0818968
57474.1 0.251042
57474.5 0.751089
57474.7 1.87920
57474.9 7.73530
57475.0 15.4578
57475.1 7.73536
57475.3 1.87931
57475.5 0.781390
57475.8 0.262567
57476.6 0.0858920
57478.0 0.0334643
57481.0 0.0195487
57486.8 0.0167726
57498.5 0.0180469
57521.9 0.0235378
57542.2 0.0299645
57562.5 0.0373331
57603.0 0.0465232
57623.3 0.0437785
57643.6 0.0372437
57684.1 0.0233861
57727.7 0.0140369
57771.2 0.00901956
57814.8 0.00622071
57858.3 0.00454987
57901.9 0.00348721
57945.4 0.00277530
58032.6 0.00191657
58119.7 0.00144205
58206.8 0.00115488
58381.0 0.000843861
58555.2 0.000692779
58729.5 0.000613249
58903.7 0.000573945
58990.8 0.000577831
59034.3 0.000641045
59056.1 0.000910374
59067.0 0.00198388
59072.5 0.00618009
59075.2 0.0221917
59076.5 0.0804616
59077.2 0.273675
59077.6 0.811632
59077.7 1.93059
59077.9 7.51277
59078.0 15.0257
59078.1 7.51280
59078.3 1.93062
59078.5 0.811649
59078.8 0.267020
59079.5 0.0783471
59080.9 0.0214502
59083.7 0.00596389
59089.2 0.00192694
59100.3 0.000892915
59122.5 0.000630296
59167.0 0.000562156
59255.8 0.000542752
59433.6 0.000539631
59789.1 0.000561086
60500.0 0.000666546
61211.0 0.000858144
61566.4 0.00100386
61744.2 0.00110173
61833.0 0.00117370
61877.5 0.00126801
61899.7 0.00153403
61910.8 0.00252834
61916.3 0.00638334
61919.1 0.0211593
61920.5 0.0754419
61921.2 0.255447
61921.6 0.775061
61921.7 1.84264
61921.9 7.16845
61922.0 14.3363
61922.1 7.16848
61922.3 1.63233
61922.5 0.634541
61922.9 0.202850
61923.7 0.0589874
61925.3 0.0166043
61928.5 0.00520654
61934.8 0.00224372
61947.5 0.00149766
61972.8 0.00133044
62023.6 0.00133860
62125.0 0.00150988
62226.5 0.00219411
62251.8 0.00283325
62277.2 0.00456726
62289.9 0.00687977
62302.5 0.0130583
62308.9 0.0210127
62315.2 0.0410100
62318.4 0.0647905
62320.0 0.0855762
62321.6 0.118013
62323.2 0.173211
62324.7 0.275388
62325.5 0.362869
62326.3 0.492424
62327.1 0.691956
62327.9 1.00025
62329.0 1.59847
62330.0 1.99678
62331.1 1.59837
62332.1 1.00019
62333.0 0.661539
62333.9 0.454299
62334.8 0.326005
62335.7 0.244122
62337.4 0.149371
62339.2 0.100489
62341.0 0.0720314
62342.8 0.0542841
62346.3 0.0341230
62349.9 0.0236101
62353.4 0.0174565
62360.5 0.0109210
62374.7 0.00590222
62388.9 0.00405022
62417.3 0.00269536
62445.7 0.00222675
62502.5 0.00192926
62559.3 0.00187948
62672.9 0.00210711
62729.7 0.00295090
62758.1 0.00610497
62772.3 0.0180849
62779.4 0.0618677
62781.1 0.103449
62782.9 0.208436
62783.8 0.335533
62784.7 0.620618
62785.1 0.927696
62785.6 1.50048
62786.0 2.74511
62786.2 3.93210
62786.5 5.83094
62786.7 9.38430
62787.0 11.6495
62787.3 9.24850
62787.6 5.82026
62787.8 3.86514
62788.0 2.66210
62788.5 1.44710
62788.9 0.883726
62789.4 0.596123
62790.3 0.319915
62791.2 0.198880
62793.0 0.0985053
62794.8 0.0590300
62798.5 0.0286220
62802.1 0.0173383
62816.7 0.00596396
62845.8 0.00302084
62904.0 0.00233218
63020.5 0.00230422
63253.5 0.00267134
63486.4 0.00325973
63602.9 0.00383374
63661.2 0.00497788
63690.3 0.00881572
63704.8 0.0231075
63708.5 0.0371635
63712.1 0.0747747
63713.9 0.123193
63715.8 0.244805
63716.7 0.389228
63717.6 0.711854
63718.0 1.04921
63718.5 1.66247
63718.9 2.98337
63719.2 4.21044
63719.4 6.06428
63719.7 9.72780
63720.0 12.1148
63720.3 9.72767
63720.6 6.05420
63720.8 4.14488
63721.1 2.94137
63721.5 1.64381
63722.0 1.03011
63722.5 0.701037
63723.4 0.380481
63724.3 0.239385
63726.2 0.120192
63728.0 0.0730852
63731.7 0.0363492
63735.4 0.0226999
63750.2 0.00889193
63779.7 0.00537081
63838.8 0.00468265
63898.0 0.00477286
63957.1 0.00500063
64075.3 0.00562138
64193.5 0.00641373
64311.8 0.00740618
64430.0 0.00868994
64548.2 0.0107083
64607.4 0.0137124
64622.1 0.0160935
64636.9 0.0222298
64644.3 0.0301910
64651.7 0.0509824
64655.4 0.0771884
64657.2 0.101216
64659.1 0.140834
64660.9 0.213847
64661.9 0.275038
64662.8 0.367820
64663.7 0.519162
64664.6 0.779170
64665.5 1.26906
64666.5 2.24878
64667.2 3.58924
64668.0 4.48596
64668.8 3.58913
64669.5 2.24874
64670.3 1.37770
64671.1 0.895547
64671.9 0.619383
64672.7 0.451361
64673.4 0.343052
64674.2 0.269713
64675.8 0.180233
64677.3 0.130110
64678.9 0.0993635
64682.0 0.0652863
64685.1 0.0478787
64688.3 0.0378350
64694.5 0.0273340
64707.0 0.0194981
64719.5 0.0167771
64769.4 0.0148303
64869.3 0.0164237
65069.0 0.0225700
65216.8 0.0287964
65364.5 0.0359040
65660.0 0.0446031
65807.8 0.0418415
65955.5 0.0354727
66251.0 0.0221096
66470.7 0.0153354
66690.3 0.0109410
66910.0 0.00809173
67019.8 0.00709774
67074.7 0.00686885
67102.2 0.00754510
67115.9 0.0108927
67122.8 0.0238390
67126.2 0.0699615
67127.9 0.216877
67128.8 0.596297
67129.2 1.30053
67129.4 2.14017
67129.7 3.93401
67130.0 7.86192
67130.2 6.30541
67130.3 3.93398
67130.6 2.14016
67130.8 1.27286
67131.2 0.578492
67132.1 0.211002
67133.8 0.0682682
67137.3 0.0232112
67144.3 0.0105418
67158.3 0.00710451
67186.2 0.00605836
67242.0 0.00549100
67353.6 0.00482343
67576.9 0.00385387
68023.5 0.00262800
68470.1 0.00192168
68693.4 0.00169795
68805.0 0.00165445
68860.9 0.00180248
68888.8 0.00251218
68902.7 0.00532673
68909.7 0.0160164
68913.2 0.0544140
68914.9 0.177563
68915.8 0.500955
68916.2 1.12865
68916.5 1.93421
68916.7 3.56872
68917.0 7.12513
68917.2 5.62751
68917.3 3.55788
68917.7 1.38887
68918.0 0.686761
68918.7 0.262403
68920.1 0.0837104
68922.8 0.0246840
68928.2 0.00767652
68939.1 0.00311010
68960.8 0.00192264
69004.3 0.00162427
69091.3 0.00165316
69178.2 0.00245983
69200.0 0.00333203
69221.7 0.00577246
69232.6 0.00906305
69243.5 0.0178915
69248.9 0.0292907
69251.6 0.0399451
69254.3 0.0579147
69257.1 0.0920307
69258.4 0.121761
69259.8 0.168493
69261.1 0.247588
69262.5 0.395208
69263.2 0.520113
69263.9 0.707516
69264.5 0.997109
69265.2 1.44298
69266.1 2.30466
69267.0 2.88406
69267.9 2.30455
69268.8 1.44211
69269.6 0.936163
69270.4 0.635062
69271.2 0.449804
69272.0 0.333671
69273.6 0.201906
69275.2 0.134508
69276.7 0.0958550
69278.3 0.0717615
69281.5 0.0446432
69284.7 0.0305770
69287.9 0.0223700
69294.2 0.0136756
69307.0 0.00700744
69319.7 0.00453916
69345.1 0.00270245
69370.5 0.00203353
69421.4 0.00153110
69472.3 0.00133772
69675.7 0.00108984
70082.7 0.000950295
70489.6 0.00100990
70591.3 0.00111272
70693.1 0.00137410
70743.9 0.00170091
70794.8 0.00255310
70820.2 0.00366959
70832.9 0.00474600
70845.7 0.00664626
70858.4 0.0105136
70864.7 0.0141641
70871.1 0.0204147
70877.4 0.0325084
70880.6 0.0432851
70883.8 0.0606317
70887.0 0.0910317
70890.2 0.150950
70891.8 0.204640
70893.3 0.289972
70894.9 0.432196
70896.5 0.671650
70898.3 1.07559
70900.0 1.34296
70901.8 1.07303
70903.5 0.671599
70904.6 0.489608
70905.7 0.364847
70908.0 0.217787
70910.2 0.142191
70912.4 0.0994725
70914.6 0.0733219
70916.9 0.0562659
70921.3 0.0362186
70925.8 0.0253880
70930.3 0.0189027
70939.2 0.0118755
70948.1 0.00836392
70957.0 0.00636943
70974.9 0.00432300
70992.7 0.00336837
71010.5 0.00286758
71046.2 0.00244231
71117.6 0.00244877
71188.9 0.00303949
71260.3 0.00441408
71295.9 0.00568624
71331.6 0.00775796
71367.3 0.0114167
71385.1 0.0143722
71403.0 0.0186674
71411.9 0.0215727
71420.8 0.0251935
71429.7 0.0297633
71438.6 0.0356059
71443.1 0.0391382
71447.6 0.0431674
71456.5 0.0530486
71465.4 0.0660079
71474.3 0.0828223
71484.0 0.105888
71493.7 0.132225
71513.0 0.165137
71522.7 0.155397
71532.4 0.132122
71551.7 0.0827117
71563.7 0.0610758
71575.6 0.0459312
71599.5 0.0278924
71623.4 0.0184618
71647.3 0.0130758
71671.2 0.00975137
71695.1 0.00757126
71742.9 0.00499160
71790.8 0.00358742
71838.6 0.00274084
71934.2 0.00181424
72029.8 0.00134325
72125.4 0.00106993
72316.7 0.000778043
72699.1 0.000544790
73081.6 0.000453839
73846.6 0.000417200
74229.0 0.000478753
74420.3 0.000595027
74515.9 0.000873215
74563.7 0.00182634
74587.6 0.00545469
74599.6 0.0192239
74605.5 0.0692360
74607.0 0.116431
74608.5 0.234398
74609.3 0.375745
74610.0 0.686926
74610.4 1.01722
74610.8 1.61674
74611.1 2.86920
74611.3 4.05423
74611.5 5.77451
74611.8 9.23339
74612.0 11.5370
74612.3 9.23330
74612.5 5.76293
74612.7 3.62147
74613.0 2.42617
74613.4 1.25957
74613.9 0.749179
74614.4 0.497145
74615.3 0.261565
74616.2 0.161397
74618.1 0.0785288
74619.9 0.0465147
74627.3 0.0129165
74642.2 0.00382241
74671.8 0.00147761
74731.1 0.000932391
74790.4 0.000893940
74849.6 0.000950041
74968.2 0.00123982
75027.5 0.00166116
75057.1 0.00270382
75071.9 0.00639238
75079.3 0.0203516
75083.0 0.0716499
75084.9 0.245894
75085.8 0.759395
75086.3 1.89807
75086.5 3.63792
75086.7 8.73873
75087.0 17.4412
75087.3 8.70404
75087.5 4.01499
75087.7 2.15544
75088.1 0.883134
75088.9 0.292817
75090.6 0.0863332
75093.9 0.0245221
75100.6 0.00762145
75114.0 0.00327577
75140.8 0.00232259
75194.3 0.00249908
75301.3 0.00414684
75328.1 0.00488421
75354.9 0.00584782
75381.6 0.00713214
75395.0 0.00793742
75408.4 0.00888317
75421.8 0.0100009
75435.1 0.0113302
75448.5 0.0129207
75461.9 0.0148341
75475.3 0.0171454
75488.7 0.0199427
75502.0 0.0233204
75515.4 0.0273598
75536.1 0.0349526
75556.7 0.0436239
75598.0 0.0544312
75618.7 0.0512223
75639.3 0.0435587
75680.6 0.0272932
75724.3 0.0164355
75767.9 0.0105503
75811.6 0.00724261
75855.3 0.00525718
75899.0 0.00399009
75942.6 0.00313894
76030.0 0.00211169
76117.3 0.00155108
76204.6 0.00124276
76248.3 0.00117714
76292.0 0.00124592
76335.7 0.00207533
76357.5 0.00557012
76368.4 0.0187005
76371.1 0.0313574
76373.9 0.0642392
76375.2 0.105185
76376.6 0.201555
76377.3 0.307848
76378.0 0.522798
76378.3 0.720809
76378.6 1.04483
76379.0 1.60702
76379.3 2.61095
76379.7 4.17710
76380.0 5.22119
76380.3 4.17704
76380.7 2.61091
76381.0 1.56414
76381.4 1.00885
76381.8 0.685568
76382.1 0.496183
76382.8 0.289561
76383.5 0.189611
76384.9 0.0986198
76386.3 0.0603227
76389.2 0.0293742
76392.0 0.0175239
76397.6 0.00850545
76403.3 0.00519685
76425.9 0.00186094
76471.0 0.000951799
76516.2 0.000746237
76561.4 0.000652013
76742.0 0.000503260
76832.4 0.000487201
76922.7 0.000535133
77013.0 0.000933747
77058.2 0.00256505
77080.8 0.00888624
77092.1 0.0325451
77097.7 0.115621
77099.1 0.190748
77100.5 0.371489
77101.3 0.577002
77102.0 0.998016
77102.7 2.09197
77103.0 3.32842
77103.4 5.74760
77103.7 9.14940
77104.0 11.4949
77104.3 9.14930
77104.6 5.74753
77104.9 3.57871
77105.2 2.37055
77105.9 1.20163
77106.5 0.712067
77107.1 0.467703
77108.3 0.244546
77109.5 0.150179
77111.9 0.0727510
77114.4 0.0429208
77124.1 0.0117287
77143.6 0.00332223
77182.6 0.00116085
77260.5 0.000737874
77338.4 0.00140703
77377.3 0.00436623
77387.1 0.00729881
77396.8 0.0151324
77401.7 0.0251771
77406.5 0.0502377
77409.0 0.0798281
77411.4 0.144854
77412.6 0.211185
77413.8 0.331171
77415.1 0.578135
77415.7 0.799529
77416.3 1.13241
77417.1 1.81215
77418.0 2.26459
77418.9 1.81208
77419.7 1.13236
77420.6 0.686397
77421.5 0.441131
77422.4 0.301904
77423.3 0.217738
77425.1 0.127292
77426.8 0.0829779
77430.4 0.0430860
77434.0 0.0263198
77441.1 0.0128122
77448.2 0.00761897
77462.4 0.00367539
77476.7 0.00222672
77505.2 0.00115447
77533.6 0.000766188
77590.6 0.000477684
77647.5 0.000369893
77761.4 0.000283800
77875.3 0.000247072
78103.1 0.000214517
78217.0 0.000218683
78273.9 0.000274438
78302.4 0.000512094
78316.6 0.00146072
78323.8 0.00518462
78327.3 0.0195036
78329.1 0.0723955
78330.0 0.252732
78330.4 0.766394
78330.7 1.87890
78330.9 7.74875
78331.0 15.4980
78331.1 7.74877
78331.3 2.91662
78331.4 1.48065
78331.7 0.578961
78332.2 0.186024
78333.2 0.0526773
78335.3 0.0141468
78339.5 0.00378874
78347.9 0.00110311
78364.7 0.000418522
78398.3 0.000244276
78465.5 0.000198784
78532.7 0.000196784
78566.3 0.000231707
78583.1 0.000382487
78591.5 0.000983052
78595.7 0.00332809
78597.8 0.0122486
78598.9 0.0445004
78599.4 0.147606
78599.6 0.418590
78599.9 3.21365
78600.0 6.42718
78600.1 3.21365
78600.4 0.418595
78600.6 0.147610
78601.2 0.0437398
78602.2 0.0121400
78604.3 0.00331334
78608.5 0.000980182
78616.9 0.000379680
78633.7 0.000226710
78667.4 0.000186528
78734.6 0.000173596
78869.2 0.000165955
79138.3 0.000158479
79676.4 0.000158397
79945.5 0.000172880
80214.6 0.000224577
80349.2 0.000300419
80483.7 0.000517062
80551.0 0.000815147
80584.6 0.00110931
80618.2 0.00163845
80651.9 0.00274006
80668.7 0.00380328
80685.5 0.00566948
80702.3 0.00941033
80710.7 0.0128746
80719.2 0.0186869
80727.6 0.0295273
80731.8 0.0388394
80736.0 0.0532040
80740.2 0.0770115
80744.4 0.119792
80746.5 0.154689
80748.6 0.205245
80750.7 0.280035
80752.8 0.390450
80755.9 0.624476
80759.0 0.780370
80762.1 0.624389
80765.2 0.390391
80768.2 0.244294
80771.2 0.160781
80774.2 0.111866
80777.2 0.0817055
80780.2 0.0619584
80783.2 0.0484734
80789.2 0.0318978
80795.2 0.0225135
80801.2 0.0167313
80813.2 0.0102803
80825.2 0.00695954
80837.1 0.00503417
80849.1 0.00381838
80861.1 0.00300347
80885.1 0.00201199
80909.1 0.00145515
80957.0 0.000884876
81004.9 0.000613549
81052.9 0.000463588
81148.8 0.000312017
81244.7 0.000240724
81340.5 0.000201645
81532.3 0.000163046
81915.8 0.000147493
82107.6 0.000199851
82203.5 0.000432103
82251.4 0.00135507
82275.4 0.00493691
82287.4 0.0184123
82293.4 0.0659744
82294.9 0.109460
82296.4 0.215295
82297.1 0.336151
82297.9 0.591974
82298.3 0.844089
82298.6 1.26846
82299.0 2.05895
82299.4 3.66570
82299.7 5.82887
82300.0 7.32555
82300.3 5.82880
82300.6 3.65985
82300.9 2.52782
82301.1 1.79131
82301.6 1.00912
82302.1 0.634993
82302.5 0.432948
82303.5 0.234952
82304.4 0.147308
82306.3 0.0729879
82308.2 0.0435173
82312.0 0.0204834
82315.7 0.0119048
82330.8 0.00318913
82361.0 0.000900704
82421.4 0.000314209
82542.2 0.000167558
82663.0 0.000157884
82723.4 0.000229073
82753.6 0.000535021
82768.7 0.00174662
82776.2 0.00643393
82780.0 0.0238839
82781.9 0.0848062
82782.8 0.268538
82783.3 0.703631
82783.5 1.44605
82783.8 3.65304
82784.0 7.30599
82784.2 3.65303
82784.4 1.60887
82784.6 0.849470
82785.0 0.336556
82785.9 0.108741
82787.5 0.0311279
82790.8 0.00843392
82797.3 0.00226954
82810.4 0.000666273
82836.6 0.000256001
82889.0 0.000150527
82993.7 0.000121432
83203.1 0.000111263
83622.1 0.000106752
84041.0 0.000106800
84250.4 0.000109229
84355.2 0.000116344
84407.5 0.000142459
84433.7 0.000245013
84446.8 0.000650503
84453.4 0.00224388
84456.6 0.00836891
84458.3 0.0311998
84459.1 0.110342
84459.5 0.349178
84459.7 0.886181
84459.9 4.49564
84460.0 8.99131
84460.1 4.49565
84460.4 0.554117
84460.7 0.188842
84461.3 0.0565179
84462.5 0.0155659
84464.8 0.00415631
84469.6 0.00114452
84479.0 0.000370580
84497.9 0.000174868
84535.7 0.000125958
84611.2 0.000114513
84762.4 0.000113813
85064.6 0.000121575
85366.8 0.000149478
85518.0 0.000234509
85593.5 0.000549537
85631.3 0.00176159
85650.2 0.00633409
85654.9 0.0108157
85659.6 0.0226706
85662.0 0.0377281
85664.4 0.0747853
85665.5 0.117688
85666.7 0.210212
85667.3 0.301773
85667.9 0.463978
85668.5 0.780067
85668.8 1.05563
85669.1 1.44257
85669.5 2.30630
85670.0 2.88347
85670.5 2.30626
85670.9 1.44097
85671.4 0.851922
85671.9 0.538038
85672.4 0.363872
85672.9 0.261875
85673.9 0.151234
85674.9 0.0982140
85676.9 0.0505907
85678.9 0.0307251
85682.9 0.0148042
85686.8 0.00871987
85694.8 0.00410407
85702.7 0.00241387
85734.5 0.000727380
85798.2 0.000295807
85925.4 0.000198055
86179.9 0.000217953
86434.3 0.000347292
86561.6 0.000568221
86625.2 0.00100389
86657.0 0.00225927
86672.9 0.00656304
86676.9 0.0106058
86680.9 0.0208361
86682.8 0.0331938
86684.8 0.0614303
86685.8 0.0915173
86686.8 0.148683
86687.8 0.274849
86688.3 0.398739
86688.8 0.595726
86689.4 0.952053
86690.0 1.19066
86690.6 0.952036
86691.2 0.595722
86691.7 0.392540
86692.2 0.267306
86693.3 0.141636
86694.3 0.0861770
86695.4 0.0576618
86697.4 0.0310103
86699.5 0.0194974
86703.7 0.00997627
86707.8 0.00627667
86724.4 0.00245856
86757.7 0.00166214
86790.9 0.00186852
86824.1 0.00246890
86857.3 0.00365524
86873.9 0.00467107
86890.6 0.00623826
86907.2 0.00886777
86923.8 0.0139666
86932.1 0.0188240
86940.4 0.0280655
86944.6 0.0370084
86948.7 0.0541720
86950.8 0.0702402
86952.9 0.0979720
86954.9 0.152469
86956.0 0.200024
86957.0 0.269665
86958.5 0.414750
86960.0 0.512511
86961.5 0.419777
86963.0 0.279817
86964.6 0.186999
86966.2 0.139469
86967.8 0.115015
86969.4 0.102896
86972.6 0.0970196
86975.8 0.104660
86982.3 0.150080
86988.7 0.249321
86994.3 0.394231
87000.0 0.490897
87005.7 0.392582
87011.3 0.245732
87015.7 0.169513
87020.0 0.120407
87024.3 0.0886337
87028.6 0.0674482
87037.2 0.0423844
87045.8 0.0289417
87054.4 0.0209720
87063.1 0.0158927
87080.3 0.0100555
87097.5 0.00696779
87114.8 0.00515212
87149.2 0.00324853
87183.7 0.00242108
87218.2 0.00229394
87235.4 0.00268133
87252.6 0.00407868
87261.3 0.00601148
87269.9 0.0109715
87274.2 0.0169026
87278.5 0.0301774
87280.7 0.0439006
87282.8 0.0692591
87283.9 0.0906898
87285.0 0.122334
87286.0 0.171296
87287.1 0.245832
87288.6 0.393033
87290.0 0.491259
87291.5 0.392994
87292.9 0.245785
87294.1 0.165756
87295.2 0.115990
87296.4 0.0844628
87297.6 0.0637871
87299.9 0.0396700
87302.2 0.0270129
87306.9 0.0148978
87311.5 0.00954353
87320.8 0.00506151
87330.1 0.00327354
87348.7 0.00185590
87367.3 0.00129915
87404.5 0.000840041
87441.7 0.000640951
87516.0 0.000454459
87590.4 0.000364086
87739.2 0.000279860
87887.9 0.000251536
88036.7 0.000262508
88111.0 0.000290184
88185.4 0.000349511
88259.8 0.000484638
88297.0 0.000621140
88334.2 0.000869239
88371.4 0.00139012
88390.0 0.00189617
88408.5 0.00278992
88427.1 0.00459771
88445.7 0.00914977
88464.3 0.0267419
88469.0 0.0393543
88473.6 0.0629407
88476.0 0.0829912
88478.3 0.113005
88480.6 0.159460
88482.9 0.231655
88484.4 0.296764
88486.0 0.370630
88489.0 0.462791
88490.5 0.435351
88492.1 0.370112
88495.1 0.231623
88498.5 0.135629
88501.9 0.0850951
88505.2 0.0573133
88508.6 0.0408903
88512.0 0.0305186
88515.4 0.0236005
88522.1 0.0152948
88528.9 0.0107009
88535.6 0.00790989
88549.2 0.00484428
88562.7 0.00328764
88576.2 0.00239274
88603.2 0.00145606
88630.2 0.00100178
88657.3 0.000747637
88711.3 0.000488151
88765.4 0.000364921
88819.4 0.000296857
88927.5 0.000228158
89143.8 0.000178834
89360.0 0.000162823
89792.4 0.000157324
90008.6 0.000163136
90116.8 0.000180261
90170.8 0.000242546
90197.8 0.000486672
90211.4 0.00144947
90218.1 0.00521515
90221.5 0.0196138
90223.2 0.0722338
90224.0 0.245571
90224.4 0.724900
90224.7 1.71379
90224.9 6.83564
90225.0 13.6716
90225.1 6.83565
90225.4 1.63112
90225.6 0.656532
90226.1 0.214443
90227.0 0.0623546
90228.8 0.0168513
90232.5 0.00448558
90239.8 0.00126425
90254.4 0.000440943
90283.6 0.000233407
90342.1 0.000182583
90459.1 0.000172961
90693.0 0.000178659
90926.9 0.000192608
91043.9 0.000215058
91102.4 0.000283751
91131.6 0.000545480
91146.2 0.00157410
91153.5 0.00558842
91157.2 0.0209471
91159.0 0.0770940
91159.9 0.262329
91160.4 0.787662
91160.6 1.90013
91160.9 7.13590
91161.0 14.2722
91161.1 7.13591
91161.4 1.52001
91161.7 0.603767
91162.2 0.195810
91163.3 0.0562107
91165.5 0.0151354
91169.8 0.00406588
91178.5 0.00118337
91195.8 0.000450040
91230.5 0.000266789
91299.8 0.000224973
91438.5 0.000223976
91715.8 0.000247901
92270.5 0.000338748
92547.8 0.000423469
92686.5 0.000485606
92825.2 0.000569445
92963.8 0.000686888
93102.5 0.000859359
93241.2 0.00113401
93310.5 0.00137784
93345.2 0.00173096
93362.5 0.00275388
93371.2 0.00655491
93375.5 0.0209671
93377.7 0.0738172
93378.8 0.249619
93379.3 0.743525
93379.6 1.78530
93379.8 7.15988
93380.0 14.3190
93380.2 7.15988
93380.3 2.75726
93380.5 1.32554
93380.9 0.493451
93381.6 0.153997
93383.0 0.0441041
93385.9 0.0128404
93391.7 0.00448318
93403.1 0.00236054
93426.1 0.00190927
93472.1 0.00199811
93564.0 0.00254990
93875.0 0.00518948
93887.4 0.00621808
93893.7 0.0102574
93896.8 0.0257253
93898.3 0.0817608
93899.1 0.269020
93899.5 0.793527
93899.7 1.83612
93899.9 6.46873
93900.0 12.9330
93900.1 6.46874
93900.4 1.18577
93900.7 0.447969
93901.3 0.143140
93902.4 0.0435876
93904.6 0.0151186
93909.1 0.00744401
93918.0 0.00543222
93935.9 0.00484671
93971.6 0.00449083
94043.1 0.00384126
94186.0 0.00261726
94322.9 0.00186664
94391.4 0.00165722
94425.6 0.00170024
94442.8 0.00220589
94451.3 0.00433807
94455.6 0.0126549
94457.7 0.0438222
94458.8 0.152994
94459.3 0.481391
94459.6 1.28653
94459.9 6.42704
94460.0 12.8530
94460.1 6.42705
94460.4 1.41354
94460.6 0.577669
94461.1 0.191864
94462.0 0.0560450
94463.8 0.0161433
94467.5 0.00524317
94474.9 0.00238331
94489.7 0.00163127
94519.3 0.00141051
94578.6 0.00137131
94608.2 0.00147052
94637.8 0.00183253
94652.6 0.00234962
94667.4 0.00374384
94674.8 0.00551914
94682.2 0.00986825
94685.9 0.0148634
94689.6 0.0255100
94691.4 0.0359027
94693.3 0.0540257
94695.1 0.0884998
94696.1 0.117457
94697.0 0.158125
94698.5 0.252525
94700.0 0.314819
94701.5 0.251846
94703.0 0.158109
94704.5 0.0981790
94706.0 0.0644018
94707.5 0.0448387
94709.0 0.0329053
94712.0 0.0198345
94715.0 0.0133416
94721.0 0.00742597
94727.0 0.00492087
94738.9 0.00288370
94750.9 0.00209208
94774.9 0.00148036
94798.8 0.00124738
94846.7 0.00106310
94894.5 0.000988732
95086.0 0.000918161
95277.5 0.000966059
95469.0 0.00109742
95564.8 0.00120032
95612.7 0.00126343
95660.5 0.00133564
95708.4 0.00141825
95756.3 0.00151275
95804.1 0.00162101
95852.0 0.00174524
95899.9 0.00188809
95947.8 0.00205262
95995.6 0.00224257
96043.5 0.00246207
96139.3 0.00300915
96235.0 0.00373276
96332.5 0.00467137
96430.0 0.00574940
96625.0 0.00723930
96713.9 0.00752082
96736.1 0.00794535
96758.4 0.00934626
96769.5 0.0113177
96780.6 0.0165093
96786.1 0.0228942
96791.7 0.0376469
96794.5 0.0534702
96797.3 0.0842542
96798.6 0.111441
96800.0 0.153999
96801.4 0.223482
96802.8 0.337392
96804.4 0.535922
96806.0 0.668116
96807.6 0.535858
96809.2 0.337305
96810.8 0.209308
96812.4 0.137834
96814.0 0.0967325
96815.6 0.0716528
96818.9 0.0444578
96822.1 0.0310440
96828.5 0.0188252
96834.9 0.0136220
96847.8 0.00933310
96860.7 0.00759582
96912.1 0.00539754
97015.0 0.00401475
97231.4 0.00263798
97447.7 0.00204080
97664.1 0.00188385
97772.3 0.00214432
97826.4 0.00324404
97853.4 0.00734078
97867.0 0.0216800
97870.3 0.0346643
97873.7 0.0659308
97875.4 0.101175
97877.1 0.174509
97878.8 0.362241
97879.6 0.578939
97880.5 0.987733
97881.2 1.57818
97882.0 1.97306
97882.8 1.57814
97883.5 0.987059
97884.1 0.661912
97884.8 0.457284
97886.0 0.246866
97887.3 0.151857
97888.5 0.102633
97891.1 0.0557791
97893.6 0.0352404
97898.6 0.0181848
97903.6 0.0114958
97913.7 0.00634097
97923.7 0.00443270
97963.9 0.00253239
98004.1 0.00219871
98044.3 0.00211285
98205.0 0.00225542
98365.8 0.00268026
98526.6 0.00339508
98687.3 0.00458401
98767.7 0.00546934
98848.1 0.00665508
98888.3 0.00739917
98928.5 0.00827175
98968.7 0.00929927
99008.8 0.0105134
99049.0 0.0119514
99089.2 0.0136547
99129.4 0.0156664
99169.6 0.0180230
99219.7 0.0214616
99269.8 0.0253743
99319.8 0.0294702
99344.9 0.0314989
99357.4 0.0328604
99363.6 0.0351765
99366.8 0.0427078
99368.3 0.0697823
99369.1 0.161416
99369.5 0.427658
99369.7 1.04946
99369.9 4.49937
99370.0 8.96585
99370.1 4.49939
99370.4 0.582264
99370.7 0.222669
99371.4 0.0893921
99372.6 0.0484273
99375.1 0.0372973
99380.1 0.0346277
99390.1 0.0343908
99410.1 0.0350305
99450.0 0.0356636
99520.0 0.0335401
99589.9 0.0285367
99659.9 0.0229057
99694.9 0.0204264
99712.4 0.0197142
99721.1 0.0210867
99725.5 0.0283395
99727.7 0.0564769
99728.8 0.154632
99729.3 0.459558
99729.6 1.18076
99729.9 6.10399
99730.0 12.1904
99730.1 6.10398
99730.4 1.18072
99731.5 0.113557
99732.5 0.0503108
99734.6 0.0272448
99738.8 0.0199928
99747.3 0.0175390
99764.1 0.0160569
99797.8 0.0141718
99865.2 0.0112848
100000 0.00749595
100109 0.00561496
100219 0.00435106
100438 0.00283763
100656 0.00201329
100875 0.00152121
101312 0.000998426
101531 0.000859505
101641 0.000826170
101695 0.000886541
101723 0.00120804
101736 0.00252255
101743 0.00760951
101746 0.0266303
101748 0.0931780
101749 0.328387
101749 0.872185
101750 1.81124
101750 6.56399
101750 13.1278
101750 6.56400
101750 1.81126
101751 0.872198
101751 0.328395
101752 0.0931815
101754 0.0266303
101757 0.00741408
101764 0.00243875
101778 0.00116925
101806 0.000841000
101862 0.000743863
101974 0.000696774
102198 0.000675545
102310 0.000706948
102422 0.000835351
102478 0.00102539
102534 0.00155866
102562 0.00227860
102590 0.00421343
102604 0.00671822
102611 0.00906756
102618 0.0130659
102625 0.0206903
102628 0.0273848
102632 0.0379903
102635 0.0561402
102639 0.0905772
102641 0.121232
102642 0.165311
102644 0.233765
102646 0.340462
102648 0.541977
102650 0.675311
102652 0.541937
102654 0.340438
102656 0.233756
102658 0.165312
102660 0.121240
102661 0.0919852
102665 0.0575618
102668 0.0396059
102671 0.0286320
102675 0.0218452
102681 0.0138994
102688 0.00969783
102695 0.00721811
102708 0.00457065
102722 0.00327303
102735 0.00255541
102762 0.00188472
102815 0.00216115
102842 0.00530912
102856 0.0172701
102862 0.0576645
102864 0.0935349
102866 0.177249
102867 0.275358
102867 0.447343
102868 0.826781
102869 1.19613
102869 1.89646
102870 2.96973
102870 3.79214
102871 2.96968
102871 1.89642
102871 1.19611
102872 0.826766
102873 0.447331
102874 0.260941
102874 0.177231
102876 0.0935079
102878 0.0576284
102881 0.0283451
102884 0.0171987
102891 0.00835351
102898 0.00513391
102911 0.00271660
102925 0.00183741
102979 0.000937807
103087 0.000670700
103303 0.000591632
103735 0.000644299
103951 0.000736673
104167 0.000915290
104383 0.00132921
104437 0.00154907
104491 0.00195985
104545 0.00344828
104572 0.00842184
104585 0.0260952
104589 0.0428424
104592 0.0854444
104594 0.136844
104596 0.254134
104597 0.387785
104597 0.614147
104598 1.08609
104599 1.51806
104599 2.22327
104600 3.66372
104600 4.45073
104601 3.66367
104601 2.22324
104601 1.65883
104602 1.17720
104603 0.655127
104603 0.408752
104604 0.277255
104606 0.150754
104607 0.0971127
104610 0.0494393
104614 0.0303402
104620 0.0153308
104626 0.00985614
104651 0.00439676
104701 0.00340557
104751 0.00381182
104801 0.00471201
104826 0.00536372
104851 0.00619275
104876 0.00725366
104901 0.00861903
104926 0.0104117
104951 0.0127726
104976 0.0159282
105001 0.0200928
105007 0.0213740
105033 0.0272621
105059 0.0339750
105110 0.0423820
105136 0.0398778
105162 0.0339323
105213 0.0213320
105273 0.0123852
105332 0.00781781
105392 0.00536334
105452 0.00393810
105571 0.00246248
105690 0.00177088
105810 0.00140366
105929 0.00120118
106048 0.00114586
106108 0.00139575
106138 0.00244998
106145 0.00346175
106153 0.00597523
106156 0.00906058
106160 0.0158184
106162 0.0230223
106164 0.0356743
106166 0.0638086
106167 0.0884363
106168 0.127497
106169 0.205457
106170 0.253528
106171 0.205447
106172 0.126978
106174 0.0790265
106175 0.0506573
106176 0.0347204
106178 0.0257553
106180 0.0152587
106183 0.0103335
106188 0.00579178
106193 0.00388725
106203 0.00235367
106213 0.00176257
106234 0.00130942
106254 0.00113912
106335 0.000950545
106498 0.000882271
106824 0.000886605
107476 0.00109894
108128 0.00160334
108291 0.00180412
108454 0.00205494
108535 0.00220965
108617 0.00240630
108698 0.00279659
108739 0.00373649
108759 0.00708689
108769 0.0197184
108775 0.0657193
108777 0.211859
108778 0.630253
108779 1.39732
108779 2.38552
108780 5.76704
108780 11.6600
108780 5.76702
108781 1.96982
108781 1.03635
108782 0.421745
108784 0.133972
108787 0.0406324
108794 0.0129527
108807 0.00541390
108834 0.00352984
108887 0.00319288
108993 0.00348350
109046 0.00378274
109099 0.00434406
109125 0.00494854
109152 0.00639253
109165 0.00815617
109172 0.00974646
109178 0.0123739
109185 0.0172883
109188 0.0213997
109192 0.0276718
109195 0.0378546
109198 0.0557246
109201 0.0900737
109203 0.120100
109205 0.160559
109207 0.256844
109210 0.318056
109213 0.253039
109215 0.160589
109218 0.0931105
109222 0.0588436
109225 0.0404910
109228 0.0301033
109234 0.0189206
109240 0.0137075
109246 0.0108122
109252 0.00910053
109264 0.00724367
109289 0.00582437
109313 0.00535730
109412 0.00526319
109608 0.00631657
109804 0.00774639
110000 0.00929362
110000 0.0152313
120000 0.0145490
130000 0.0139724
140000 0.0133923
150000 0.0128992
160000 0.0124806
170000 0.0121261
180000 0.0120281
190000 0.0117722
200000 0.0115581
225000 0.0109497
250000 0.0105370
255515 0.0104741
275000 0.0102649
300000 0.0102617
350000 0.0100405
382057 0.00991686
400000 0.00985273
500000 0.00980106
516423 0.00982073
600000 0.00991253
662054 0.0100906
700000 0.0101929
800000 0.0105670
802509 0.0105792
841074 0.0107635
900000 0.0110350
1.00000E+06 0.0115794
1.02172E+06 0.0117188
1.09337E+06 0.0121697
1.10000E+06 0.0108165
1.15000E+06 0.00904045
1.20000E+06 0.00761394
1.30000E+06 0.00643766
1.30000E+06 0.00643765
1.30000E+06 0.00643764
1.34907E+06 0.00616101
1.40000E+06 0.00589623
1.40000E+06 0.00589622
1.40000E+06 0.00589622
1.45000E+06 0.00576135
1.50000E+06 0.00563399
1.55000E+06 0.00560986
1.60000E+06 0.00558659
1.60000E+06 0.00558659
1.60000E+06 0.00558659
1.64027E+06 0.00557660
1.68053E+06 0.00556686
1.68053E+06 0.00556686
1.70000E+06 0.00552129
1.75000E+06 0.00554174
1.80000E+06 0.00556168
1.85000E+06 0.00562098
1.90000E+06 0.00567931
1.91110E+06 0.00575423
1.91111E+06 0.00575421
1.95555E+06 0.00557683
2.00000E+06 0.00540871
2.00000E+06 0.00540871
2.00000E+06 0.00540871
2.06250E+06 0.00540343
2.12500E+06 0.00539831
2.18750E+06 0.00539334
2.25000E+06 0.00538852
2.31151E+06 0.00545574
2.37301E+06 0.00552200
2.37301E+06 0.00552199
2.40550E+06 0.00546758
2.45334E+06 0.00531343
2.50000E+06 0.00476719
2.54748E+06 0.00458953
2.64874E+06 0.00435801
2.75000E+06 0.00414621
2.79122E+06 0.00409981
2.79122E+06 0.00409980
2.86348E+06 0.00391980
2.86348E+06 0.00391980
2.93164E+06 0.00382961
2.99979E+06 0.00374350
2.99980E+06 0.00374412
3.00000E+06 0.00376946
3.00410E+06 0.00374930
3.05389E+06 0.00363045
3.12695E+06 0.00352887
3.12696E+06 0.00352887
3.12696E+06 0.00352886
3.14852E+06 0.00347306
3.14852E+06 0.00347306
3.20043E+06 0.00338533
3.20043E+06 0.00338533
3.20703E+06 0.00337095
3.21098E+06 0.00336025
3.21099E+06 0.00336024
3.23143E+06 0.00333346
3.23144E+06 0.00333344
3.23392E+06 0.00332548
3.23392E+06 0.00332548
3.33017E+06 0.00314840
3.33590E+06 0.00313364
3.33590E+06 0.00313363
3.39578E+06 0.00300909
3.43527E+06 0.00296703
3.45140E+06 0.00294101
3.45140E+06 0.00294100
3.47590E+06 0.00289517
3.47590E+06 0.00289516
3.48035E+06 0.00288069
3.50000E+06 0.00283348
3.51010E+06 0.00281534
3.51010E+06 0.00281534
3.53908E+06 0.00277621
3.53909E+06 0.00277620
3.71216E+06 0.00255937
3.79801E+06 0.00246162
3.89901E+06 0.00235401
4.00000E+06 0.00225368
4.16586E+06 0.00212052
4.33172E+06 0.00199998
4.44447E+06 0.00192441
4.50000E+06 0.00188892
4.75000E+06 0.00174998
5.00000E+06 0.00162763
5.24404E+06 0.00152176
5.41205E+06 0.00145551
5.41205E+06 0.00145551
5.50000E+06 0.00142277
5.74456E+06 0.00133654
6.00000E+06 0.00125553
6.24500E+06 0.00118288
6.50000E+06 0.00111444
7.00000E+06 0.000999060
7.50000E+06 0.000899823
7.86797E+06 0.000841053
8.00000E+06 0.000821546
8.50000E+06 0.000750941
8.99994E+06 0.000699320
9.00000E+06 0.000699314
9.05535E+06 0.000695460
9.24662E+06 0.000682478
9.50000E+06 0.000666047
9.53233E+06 0.000664987
9.57292E+06 0.000663663
9.74679E+06 0.000658083
9.83384E+06 0.000655344
1.00000E+07 0.000650214
1.01256E+07 0.000649105
1.01737E+07 0.000648685
1.02427E+07 0.000648085
1.03495E+07 0.000647167
1.03496E+07 0.000647166
1.04153E+07 0.000646606
1.05000E+07 0.000645890
1.07852E+07 0.000649328
1.07852E+07 0.000649329
1.09740E+07 0.000651565
1.10000E+07 0.000651870
1.10221E+07 0.000652325
1.10266E+07 0.000652417
1.10644E+07 0.000653193
1.11768E+07 0.000655490
1.12573E+07 0.000657125
1.13848E+07 0.000659700
1.14743E+07 0.000661497
1.15000E+07 0.000662011
1.15259E+07 0.000662998
1.16202E+07 0.000666584
1.16824E+07 0.000668944
1.17148E+07 0.000670171
1.18087E+07 0.000673722
1.18175E+07 0.000674055
1.18529E+07 0.000675391
1.19566E+07 0.000679297
1.19605E+07 0.000679443
1.20000E+07 0.000680928
1.20158E+07 0.000681691
1.20509E+07 0.000683385
1.21492E+07 0.000688127
1.22387E+07 0.000692439
1.22460E+07 0.000692790
1.23055E+07 0.000695654
1.23556E+07 0.000698064
1.23686E+07 0.000698689
1.23860E+07 0.000699525
1.24394E+07 0.000702091
1.24681E+07 0.000703470
1.24882E+07 0.000704435
1.25000E+07 0.000705001
1.25045E+07 0.000705144
1.29608E+07 0.000719494
1.29609E+07 0.000719496
1.30000E+07 0.000720716
1.35000E+07 0.000751025
1.35034E+07 0.000751224
1.37257E+07 0.000764225
1.37326E+07 0.000764629
1.39814E+07 0.000779194
1.40000E+07 0.000780283
1.40311E+07 0.000781605
1.42483E+07 0.000790815
1.42889E+07 0.000792533
1.44361E+07 0.000798752
1.44625E+07 0.000799866
1.45000E+07 0.000801447
1.46066E+07 0.000804471
1.46806E+07 0.000806564
1.47223E+07 0.000807741
1.50000E+07 0.000815539
1.55000E+07 0.000816336
1.60000E+07 0.000806448
1.65000E+07 0.000782902
1.70000E+07 0.000750964
1.71354E+07 0.000739787
1.71354E+07 0.000739784
1.75000E+07 0.000710924
1.75066E+07 0.000710323
1.80000E+07 0.000667416
1.85000E+07 0.000619582
1.90000E+07 0.000570027
1.95000E+07 0.000518445
2.00000E+07 0.000464827