Cd-108(n,g) ENDF/B-VII.1
Energy(eV) XS(b)
1.00000E-05 45.6444
1.25000E-05 40.8256
1.50000E-05 37.2685
2.00000E-05 32.2754
2.75000E-05 27.5246
3.50000E-05 24.3979
4.25000E-05 22.1407
5.00000E-05 20.4127
6.25000E-05 18.2577
7.50000E-05 16.6669
0.000100000 14.4339
0.000125000 12.9101
0.000150000 11.7852
0.000200000 10.2062
0.000275000 8.70386
0.000350000 7.71510
0.000425000 7.00130
0.000500000 6.45484
0.000625000 5.77333
0.000750000 5.27025
0.00100000 4.56408
0.00125000 4.08216
0.00150000 3.72641
0.00200000 3.22704
0.00275000 2.75187
0.00350000 2.43913
0.00425000 2.21334
0.00500000 2.04048
0.00625000 1.82488
0.00750000 1.66572
0.0100000 1.44228
0.0125000 1.28976
0.0150000 1.17715
0.0200000 1.01905
0.0253000 0.905669
0.0314750 0.811593
0.0376500 0.741703
0.0500000 0.643001
0.0625000 0.574561
0.0750000 0.523994
0.100000 0.452920
0.125000 0.404329
0.150000 0.368397
0.200000 0.317836
0.275000 0.269535
0.350000 0.237599
0.500000 0.196648
0.750000 0.157795
1.00000 0.134406
1.50000 0.106398
2.00000 0.0895802
2.75000 0.0735653
3.50000 0.0630982
5.00000 0.0500294
7.50000 0.0383756
10.0000 0.0319696
15.0000 0.0252248
20.0000 0.0218395
27.5000 0.0193096
35.0000 0.0184248
42.5000 0.0195907
46.2500 0.0229962
48.1250 0.0277634
49.0625 0.0323947
50.0000 0.0405249
51.0356 0.0593138
51.5534 0.0780530
52.0712 0.112158
52.3301 0.140801
52.5890 0.184370
52.8479 0.255331
53.1068 0.382471
53.2363 0.487631
53.3657 0.645242
53.4952 0.896850
53.6246 1.33482
53.7541 2.19963
53.8188 2.98785
53.8835 4.28702
53.9482 6.64610
53.9806 8.61320
54.0130 11.5688
54.0453 16.2647
54.0777 24.2406
54.1100 38.8388
54.1424 66.8065
54.1712 106.933
54.2000 133.717
54.2288 106.989
54.2576 66.8772
54.2799 45.7197
54.3023 32.2215
54.3246 23.5640
54.3470 17.8351
54.3916 11.1081
54.4363 7.52666
54.4810 5.41919
54.5256 4.08206
54.6150 2.55145
54.7043 1.74475
54.7937 1.26917
54.8830 0.965784
54.9723 0.760581
55.1510 0.508913
55.3297 0.366354
55.5084 0.277874
55.6871 0.219213
56.0444 0.148705
56.4018 0.109549
57.1165 0.0698183
57.8312 0.0510661
58.5460 0.0407464
59.9754 0.0303600
62.8343 0.0228519
65.6932 0.0202410
77.1288 0.0182039
100.000 0.0200823
125.000 0.0254560
150.000 0.0365076
162.500 0.0465484
175.000 0.0631108
187.500 0.0937347
193.750 0.120190
200.000 0.161959
204.169 0.205161
208.337 0.270736
212.506 0.377812
216.675 0.571600
218.759 0.734159
220.843 0.981759
221.364 1.06405
221.885 1.15747
222.407 1.26414
222.667 1.32324
222.928 1.38668
223.188 1.45494
223.449 1.52846
223.709 1.60787
223.970 1.69373
224.491 1.88798
225.012 2.11839
225.533 2.39466
226.054 2.72979
226.575 3.14181
227.096 3.65612
227.617 4.30994
228.138 5.15859
228.659 6.28804
229.180 7.83706
229.702 10.0434
230.223 13.3385
230.744 18.5753
231.265 27.6351
231.525 34.8777
231.786 45.3735
232.046 61.4013
232.307 87.5699
232.568 134.458
232.698 173.030
232.828 230.154
232.958 319.283
233.089 466.693
233.219 726.857
233.349 1201.11
233.475 1922.10
233.600 2406.27
233.726 1927.95
233.851 1205.20
233.927 894.475
234.002 675.025
234.154 410.538
234.305 270.769
234.456 190.342
234.608 140.497
234.759 107.700
235.061 68.8175
235.364 47.6346
235.667 34.8777
236.272 20.9736
236.877 13.9760
237.482 9.97201
238.087 7.47093
238.693 5.80596
239.903 3.79720
241.113 2.67894
242.324 1.99383
243.534 1.54443
245.955 1.01111
248.376 0.719962
250.796 0.544903
253.217 0.432516
258.059 0.304873
262.900 0.242779
267.742 0.214670
272.583 0.208968
277.425 0.222982
282.266 0.260634
287.108 0.335311
291.949 0.482132
294.370 0.608928
296.791 0.804256
298.001 0.943595
299.211 1.12580
299.817 1.23862
300.119 1.30182
300.422 1.37019
300.724 1.44433
301.027 1.52488
301.330 1.61262
301.632 1.70838
301.935 1.81325
302.237 1.92836
302.842 2.19511
303.448 2.52283
304.053 2.93162
304.658 3.45054
305.263 4.12297
305.868 5.01593
306.474 6.23721
307.079 7.97027
307.684 10.5456
308.289 14.6106
308.894 21.5743
309.197 27.0833
309.500 34.9921
309.802 46.9076
310.105 66.0154
310.407 99.3164
310.559 125.956
310.710 164.379
310.861 222.137
311.013 313.063
311.164 462.688
311.315 712.503
311.486 1139.68
311.657 1422.53
311.828 1135.86
311.999 709.229
312.198 404.961
312.397 249.682
312.596 166.140
312.794 117.516
312.993 87.1133
313.192 66.9983
313.590 42.9998
313.988 29.8491
314.385 21.8988
315.181 13.2031
315.976 8.81117
316.771 6.29290
317.567 4.71712
318.362 3.66678
319.953 2.39781
321.543 1.69019
323.134 1.25599
324.725 0.970779
327.906 0.632258
331.088 0.450413
334.269 0.365858
335.065 0.374401
335.860 0.438840
336.258 0.543707
336.456 0.650808
336.655 0.845268
336.854 1.24940
336.954 1.63555
337.053 2.30441
337.152 3.61255
337.202 4.79167
337.252 6.71186
337.301 10.1343
337.326 12.9415
337.351 17.0636
337.376 23.4704
337.401 33.9242
337.426 52.1671
337.451 84.6705
337.475 135.374
337.500 168.972
337.525 135.164
337.550 84.6805
337.569 57.2041
337.589 40.0250
337.609 29.0925
337.629 21.9649
337.669 13.6590
337.708 9.28959
337.748 6.72718
337.788 5.11226
337.867 3.26791
337.946 2.29821
338.026 1.72841
338.184 1.11931
338.343 0.817156
338.501 0.645300
338.819 0.465726
339.453 0.326178
340.088 0.270036
341.357 0.218909
342.626 0.191774
347.703 0.134794
352.779 0.102991
357.856 0.0817509
368.009 0.0554362
378.162 0.0402023
388.315 0.0305438
398.469 0.0240169
418.775 0.0159875
439.081 0.0114066
459.387 0.00854211
500.000 0.00529188
531.250 0.00390030
562.500 0.00299023
625.000 0.00191554
687.500 0.00133316
750.000 0.000985308
875.000 0.000613073
1000.00 0.000433067
1125.00 0.000336294
1250.00 0.000281664
1500.00 0.000236861
1750.00 0.000243608
2000.00 0.000306314
2147.62 0.000399483
2221.43 0.000483901
2295.24 0.000624175
2369.05 0.000891558
2405.96 0.00113441
2442.86 0.00154543
2479.77 0.00235193
2498.22 0.00310438
2516.68 0.00440971
2535.13 0.00705543
2544.35 0.00959630
2553.58 0.0141191
2558.19 0.0178756
2562.81 0.0235653
2567.42 0.0328394
2572.03 0.0495981
2574.34 0.0636449
2576.65 0.0850162
2578.95 0.119953
2581.26 0.182977
2582.41 0.235615
2583.57 0.315197
2584.72 0.443974
2585.30 0.540655
2585.87 0.672763
2586.16 0.758201
2586.45 0.860702
2586.74 0.986053
2587.03 1.14041
2587.32 1.33490
2587.60 1.58281
2587.89 1.90675
2588.18 2.34113
2588.47 2.94464
2588.76 3.81020
2589.04 5.11761
2589.33 7.22168
2589.48 8.79947
2589.62 10.9254
2589.77 13.8976
2589.91 18.2089
2590.05 24.7389
2590.20 35.1273
2590.34 52.4757
2590.49 82.0423
2590.64 131.568
2590.80 165.623
2590.96 133.320
2591.11 83.4061
2591.23 57.6204
2591.35 40.9342
2591.47 30.1089
2591.59 22.8810
2591.82 14.3244
2592.06 9.73285
2592.29 7.01760
2592.53 5.28918
2593.00 3.30477
2593.47 2.25618
2593.95 1.63711
2594.42 1.24185
2594.89 0.974867
2595.83 0.646589
2596.78 0.460877
2597.72 0.345581
2598.66 0.269324
2600.55 0.177834
2602.44 0.127364
2604.32 0.0967416
2606.21 0.0769148
2609.99 0.0541002
2613.76 0.0427029
2617.54 0.0372022
2621.31 0.0355255
2625.08 0.0371113
2628.86 0.0424833
2632.63 0.0536634
2636.41 0.0760320
2638.30 0.0954751
2640.18 0.125475
2642.07 0.174890
2643.96 0.264350
2644.90 0.339001
2645.84 0.451588
2646.79 0.633262
2647.26 0.768975
2647.73 0.953562
2648.20 1.21481
2648.44 1.38786
2648.67 1.60081
2648.91 1.86687
2649.15 2.20521
2649.38 2.64440
2649.62 3.22569
2649.85 4.02465
2650.09 5.15852
2650.33 6.84079
2650.56 9.48171
2650.80 13.9436
2650.92 17.4037
2651.03 22.2489
2651.15 29.2577
2651.27 39.7474
2651.39 55.9086
2651.50 80.6357
2651.66 129.156
2651.82 161.813
2651.98 129.634
2652.13 81.0052
2652.27 53.0241
2652.40 36.1049
2652.54 25.7350
2652.68 19.1057
2652.95 11.5917
2653.22 7.72362
2653.49 5.49625
2653.76 4.10403
2654.31 2.53299
2654.85 1.71616
2655.40 1.23887
2655.94 0.936298
2656.48 0.732611
2657.57 0.484033
2658.66 0.343937
2659.75 0.257301
2660.84 0.200063
2663.01 0.131394
2665.19 0.0933775
2667.36 0.0701527
2669.54 0.0549432
2673.89 0.0369035
2678.24 0.0270902
2682.59 0.0212669
2686.94 0.0176785
2695.65 0.0145043
2700.00 0.0146366
2704.35 0.0164814
2708.70 0.0220132
2713.05 0.0394991
2715.23 0.0644235
2716.32 0.0894378
2717.41 0.135168
2718.49 0.232613
2719.04 0.329043
2719.58 0.503242
2719.85 0.648559
2720.13 0.868232
2720.40 1.22312
2720.67 1.85184
2720.81 2.36614
2720.94 3.12881
2721.08 4.32902
2721.21 6.37594
2721.35 10.2914
2721.42 13.7409
2721.49 19.2254
2721.55 28.6624
2721.62 46.7285
2721.66 62.4211
2721.69 86.5802
2721.72 125.162
2721.76 185.710
2721.80 298.171
2721.84 371.519
2721.88 298.245
2721.92 185.770
2721.96 123.781
2721.99 84.8594
2722.03 60.7769
2722.06 45.6358
2722.13 27.9436
2722.20 18.7253
2722.27 13.3157
2722.34 9.97507
2722.48 6.18228
2722.61 4.18812
2722.75 3.02886
2722.89 2.28734
2723.03 1.79124
2723.31 1.18253
2723.58 0.839138
2723.86 0.626655
2724.14 0.486540
2724.69 0.317886
2725.24 0.224529
2726.35 0.130185
2727.46 0.0857681
2728.57 0.0614064
2730.78 0.0369217
2735.21 0.0191652
2739.64 0.0128568
2748.50 0.00839748
2757.35 0.00717909
2766.21 0.00746166
2775.07 0.0100253
2779.50 0.0139137
2783.93 0.0249718
2786.14 0.0402555
2788.36 0.0831905
2789.47 0.142273
2790.02 0.200806
2790.57 0.306503
2791.13 0.529031
2791.40 0.746283
2791.68 1.13107
2791.82 1.44942
2791.96 1.92011
2792.10 2.67081
2792.23 3.95261
2792.37 6.45659
2792.44 8.67946
2792.51 12.2614
2792.58 18.5479
2792.65 30.9668
2792.68 42.3228
2792.72 59.8962
2792.75 90.1868
2792.79 140.326
2792.82 225.689
2792.86 280.603
2792.90 223.310
2792.94 140.339
2792.97 96.0370
2792.99 68.5083
2793.02 50.5729
2793.05 38.5469
2793.11 24.2386
2793.16 16.5188
2793.22 11.8720
2793.27 8.96810
2793.39 5.62053
2793.50 3.83256
2793.61 2.78552
2793.72 2.11524
2793.84 1.66076
2794.06 1.10019
2794.28 0.783722
2794.51 0.586287
2794.73 0.455958
2795.18 0.298925
2795.63 0.211788
2796.53 0.123539
2797.43 0.0820046
2798.33 0.0592859
2800.12 0.0366158
2803.72 0.0206796
2807.31 0.0156417
2810.90 0.0139789
2814.49 0.0139034
2821.68 0.0170264
2825.27 0.0205465
2828.86 0.0262854
2832.46 0.0360130
2836.05 0.0539794
2837.85 0.0691918
2839.64 0.0924422
2841.44 0.130579
2843.24 0.199502
2844.13 0.257113
2845.03 0.344185
2845.93 0.484992
2846.83 0.734805
2847.28 0.939468
2847.73 1.24343
2847.95 1.45448
2848.18 1.72277
2848.40 2.07437
2848.62 2.54280
2848.85 3.19226
2849.07 4.11910
2849.30 5.51906
2849.52 7.74764
2849.64 9.41074
2849.75 11.6335
2849.86 14.7161
2849.97 19.1412
2850.08 25.8249
2850.20 36.1930
2850.31 53.0904
2850.42 81.0286
2850.55 130.090
2850.68 163.092
2850.81 130.699
2850.94 81.8153
2851.03 58.0743
2851.12 42.1917
2851.21 31.5770
2851.30 24.3855
2851.48 15.5791
2851.66 10.7248
2851.84 7.78955
2852.01 5.91013
2852.37 3.72526
2852.73 2.55445
2853.09 1.86019
2853.45 1.41339
2853.81 1.11075
2854.52 0.737436
2855.24 0.525159
2855.96 0.393101
2856.67 0.305423
2858.11 0.199932
2859.54 0.141328
2860.98 0.105459
2862.41 0.0819384
2865.28 0.0540325
2868.15 0.0388127
2871.01 0.0297098
2873.88 0.0239685
2879.62 0.0181176
2885.35 0.0181026
2888.22 0.0222441
2891.09 0.0366723
2892.52 0.0576425
2893.96 0.117304
2894.67 0.199217
2895.03 0.280083
2895.39 0.425012
2895.75 0.727043
2895.93 1.01726
2896.11 1.52563
2896.29 2.53976
2896.38 3.48107
2896.47 5.03463
2896.56 7.94408
2896.60 10.4280
2896.64 14.1435
2896.69 20.3406
2896.73 31.3513
2896.78 52.8858
2896.80 70.8378
2896.82 96.7743
2896.86 154.755
2896.89 193.564
2896.93 154.764
2896.96 96.7828
2897.00 58.6642
2897.04 37.7579
2897.07 25.6158
2897.11 18.5090
2897.15 13.8344
2897.18 10.7739
2897.25 7.03868
2897.33 4.92276
2897.40 3.63136
2897.54 2.21300
2897.69 1.48440
2897.84 1.06686
2898.13 0.626962
2898.42 0.413167
2898.71 0.293439
2899.29 0.171263
2899.87 0.113136
2900.45 0.0810857
2901.62 0.0486586
2903.94 0.0249345
2906.27 0.0163619
2910.92 0.00992096
2915.57 0.00745600
2924.88 0.00546287
2934.19 0.00467361
2952.80 0.00423136
2971.41 0.00455265
2990.02 0.00563549
3008.63 0.00821938
3017.94 0.0109370
3027.25 0.0166813
3031.90 0.0230754
3036.55 0.0386333
3038.88 0.0585370
3040.04 0.0777958
3041.21 0.112369
3042.37 0.185140
3042.95 0.256857
3043.53 0.385955
3043.82 0.493791
3044.11 0.656945
3044.40 0.920964
3044.69 1.38785
3044.84 1.77338
3044.99 2.34276
3045.13 3.24877
3045.28 4.79209
3045.42 7.79324
3045.50 10.4693
3045.57 14.7027
3045.64 22.1922
3045.71 36.6315
3045.75 49.8531
3045.79 70.1943
3045.82 103.638
3045.86 160.718
3045.90 256.431
3045.94 321.548
3045.98 256.473
3046.02 160.752
3046.06 102.478
3046.10 68.8032
3046.13 48.1335
3046.17 35.5206
3046.25 21.2603
3046.32 14.1215
3046.39 9.98873
3046.47 7.42808
3046.62 4.57562
3046.77 3.09148
3046.92 2.23375
3047.07 1.68785
3047.22 1.32365
3047.52 0.878534
3047.81 0.628400
3048.11 0.474118
3048.41 0.372659
3049.01 0.251112
3049.61 0.184422
3050.80 0.117949
3052.00 0.0878589
3053.19 0.0724985
3055.58 0.0601125
3060.36 0.0627453
3065.14 0.0859386
3067.54 0.107821
3069.93 0.141869
3072.32 0.197712
3073.51 0.239767
3074.71 0.297408
3075.30 0.334601
3075.90 0.379375
3076.50 0.433923
3077.10 0.501167
3077.70 0.585657
3078.29 0.693408
3078.89 0.834273
3079.49 1.02255
3080.09 1.28297
3080.68 1.65660
3081.28 2.21900
3081.88 3.11771
3082.18 3.78383
3082.48 4.68247
3082.78 5.93134
3083.07 7.72144
3083.37 10.4117
3083.67 14.6305
3083.97 21.5394
3084.27 32.9796
3084.61 52.8787
3084.95 66.3937
3085.29 53.3265
3085.63 33.3749
3085.97 20.7331
3086.30 13.5819
3086.63 9.41699
3086.97 6.85304
3087.30 5.18635
3087.63 4.05077
3088.30 2.65651
3088.97 1.86971
3089.63 1.38587
3090.96 0.847190
3092.30 0.570458
3093.63 0.410200
3094.96 0.309103
3096.29 0.241378
3098.96 0.159041
3101.62 0.112833
3104.29 0.0843431
3106.95 0.0655576
3112.28 0.0431022
3117.61 0.0307314
3122.94 0.0232260
3128.27 0.0183722
3138.93 0.0128842
3149.59 0.0107601
3154.92 0.0111689
3160.25 0.0145005
3162.91 0.0199353
3165.58 0.0359734
3166.91 0.0584342
3168.24 0.121546
3168.91 0.207738
3169.24 0.292440
3169.58 0.444278
3169.91 0.758538
3170.08 1.06120
3170.24 1.58619
3170.41 2.63416
3170.49 3.58882
3170.58 5.16915
3170.66 8.10547
3170.70 10.5897
3170.74 14.2643
3170.78 20.3203
3170.83 30.5349
3170.87 50.2082
3170.91 88.4072
3170.94 141.375
3170.98 176.832
3171.01 141.389
3171.05 88.4185
3171.09 50.2147
3171.13 30.5388
3171.17 20.1387
3171.22 14.1557
3171.26 10.4489
3171.30 8.01051
3171.38 5.12051
3171.47 3.54643
3171.55 2.59857
3171.72 1.56958
3171.89 1.04755
3172.05 0.750280
3172.39 0.439295
3172.72 0.289043
3173.06 0.205211
3173.73 0.119857
3175.07 0.0572201
3176.41 0.0347949
3179.09 0.0184775
3181.77 0.0126381
3187.13 0.00837051
3192.49 0.00691775
3203.21 0.00716052
3208.57 0.0124255
3211.25 0.0330460
3211.92 0.0537149
3212.59 0.110523
3212.92 0.186323
3213.26 0.387541
3213.43 0.645017
3213.59 1.27777
3213.68 2.01891
3213.76 3.60533
3213.80 5.20232
3213.84 8.06171
3213.89 13.7226
3213.91 18.6304
3213.93 25.6097
3213.96 40.8297
3213.99 51.1865
3214.02 40.8312
3214.05 25.6111
3214.08 18.3520
3214.10 13.5339
3214.14 7.97073
3214.18 5.10535
3214.22 3.54849
3214.31 1.97090
3214.39 1.24754
3214.56 0.627922
3214.73 0.377884
3215.07 0.182003
3215.41 0.108409
3216.09 0.0535571
3216.77 0.0339332
3219.49 0.0173876
3222.21 0.0309255
3222.89 0.0478997
3223.57 0.0954296
3223.91 0.159315
3224.25 0.329414
3224.42 0.546582
3224.59 1.08484
3224.68 1.71338
3224.76 3.08469
3224.80 4.48078
3224.85 6.93243
3224.89 11.7807
3224.91 15.9867
3224.93 22.4066
3224.96 35.6970
3224.99 44.8262
3225.03 35.6978
3225.06 22.4074
3225.08 15.2813
3225.11 10.8505
3225.13 7.88625
3225.16 6.00300
3225.20 3.73685
3225.25 2.54936
3225.35 1.38651
3225.45 0.867898
3225.64 0.431025
3225.84 0.258660
3226.22 0.124604
3226.61 0.0746889
3227.39 0.0373971
3228.17 0.0239234
3231.28 0.0107058
3237.50 0.00891297
3243.72 0.0183779
3245.27 0.0287162
3246.83 0.0579227
3247.60 0.0980449
3248.38 0.208854
3248.77 0.357748
3248.96 0.501489
3249.16 0.754582
3249.35 1.26754
3249.45 1.74342
3249.55 2.54652
3249.64 4.05792
3249.69 5.38335
3249.74 7.41067
3249.79 10.8845
3249.84 17.1449
3249.86 22.6024
3249.89 30.3877
3249.91 42.1687
3249.94 60.1060
3249.97 96.7241
3250.00 120.292
3250.04 96.7282
3250.07 60.1097
3250.09 44.0255
3250.11 32.4529
3250.16 19.0802
3250.20 12.3155
3250.24 8.60025
3250.29 6.27882
3250.33 4.80293
3250.42 3.04758
3250.51 2.09288
3250.59 1.52968
3250.77 0.918830
3250.94 0.611402
3251.12 0.437155
3251.46 0.255698
3252.16 0.119800
3252.86 0.0704584
3254.26 0.0343855
3255.65 0.0215456
3258.44 0.0123219
3261.24 0.00914258
3266.82 0.00707974
3272.40 0.00667766
3283.57 0.00748059
3294.73 0.00996552
3300.32 0.0122183
3305.90 0.0157273
3311.48 0.0215390
3317.07 0.0321222
3319.86 0.0410021
3322.65 0.0544859
3325.44 0.0764170
3328.23 0.115615
3329.63 0.147992
3330.33 0.169630
3331.02 0.196453
3331.72 0.230260
3332.42 0.273695
3333.12 0.330784
3333.47 0.366305
3333.81 0.407759
3334.51 0.515354
3335.21 0.671895
3335.91 0.911975
3336.26 1.08305
3336.61 1.30668
3336.96 1.60646
3337.30 2.02054
3337.65 2.61359
3338.00 3.50138
3338.35 4.90439
3338.70 7.27149
3339.05 11.5620
3339.22 14.9741
3339.40 19.6495
3339.71 31.4868
3340.03 39.5143
3340.35 31.7485
3340.66 19.8839
3341.02 11.6024
3341.37 7.25644
3341.72 4.87466
3342.08 3.47005
3342.43 2.58459
3342.78 1.99477
3343.49 1.28764
3344.19 0.897117
3344.90 0.660104
3346.31 0.400024
3347.72 0.268109
3349.13 0.192335
3350.54 0.144836
3351.95 0.113127
3354.78 0.0747580
3357.60 0.0533427
3360.42 0.0401910
3363.24 0.0315553
3368.89 0.0213023
3374.53 0.0157237
3380.18 0.0124088
3385.82 0.0103421
3397.11 0.00830526
3408.40 0.00838294
3414.05 0.00983790
3419.69 0.0147073
3422.52 0.0217003
3425.34 0.0416025
3426.75 0.0691682
3428.16 0.146331
3428.87 0.251692
3429.22 0.355259
3429.57 0.540300
3429.93 0.924266
3430.10 1.29421
3430.28 1.93658
3430.46 3.21977
3430.54 4.39041
3430.63 6.33073
3430.72 9.88314
3430.76 12.8719
3430.81 17.4031
3430.85 24.6900
3430.90 37.2940
3430.94 60.9851
3430.98 108.210
3431.02 172.995
3431.06 216.342
3431.10 173.033
3431.13 108.240
3431.15 80.5609
3431.18 60.2651
3431.22 36.5517
3431.27 24.0701
3431.31 16.9056
3431.36 12.4724
3431.40 9.55864
3431.49 6.10751
3431.58 4.21308
3431.67 3.08799
3431.85 1.86082
3432.03 1.24008
3432.21 0.887014
3432.58 0.518300
3432.94 0.340408
3433.30 0.241254
3434.02 0.140407
3435.46 0.0665518
3436.91 0.0402292
3439.79 0.0212435
3442.68 0.0146304
3448.46 0.0101424
3454.23 0.00895378
3465.78 0.00943725
3477.33 0.0123346
3483.11 0.0150867
3488.88 0.0194257
3494.66 0.0266629
3500.43 0.0399092
3503.32 0.0510615
3506.21 0.0680422
3509.09 0.0957551
3511.98 0.145521
3513.43 0.186817
3514.87 0.248907
3516.31 0.348477
3517.04 0.422498
3517.76 0.522835
3518.12 0.587104
3518.48 0.664010
3518.84 0.757086
3519.20 0.871179
3519.56 1.01309
3519.92 1.19261
3520.28 1.42416
3520.64 1.72882
3521.00 2.14307
3521.37 2.72391
3521.73 3.57210
3522.09 4.87525
3522.45 7.01040
3522.81 10.8060
3522.99 13.8737
3523.17 18.2426
3523.35 24.6099
3523.53 33.8617
3523.81 54.2320
3524.09 68.0366
3524.36 54.6176
3524.64 34.1608
3524.97 19.3870
3525.30 11.9125
3525.62 7.91034
3525.95 5.58688
3526.27 4.13802
3526.60 3.18043
3527.25 2.04006
3527.90 1.41534
3528.56 1.03869
3529.86 0.626932
3531.17 0.418962
3532.47 0.299825
3533.77 0.225278
3535.08 0.175573
3537.69 0.115495
3540.30 0.0819819
3542.90 0.0614106
3545.51 0.0478938
3550.73 0.0318014
3555.95 0.0229770
3561.17 0.0176405
3566.38 0.0141904
3576.82 0.0102116
3587.25 0.00819455
3608.12 0.00676420
3628.99 0.00744202
3639.43 0.00876855
3649.86 0.0114305
3660.30 0.0172312
3665.52 0.0229713
3670.73 0.0333182
3673.34 0.0419507
3675.95 0.0550247
3678.56 0.0762404
3681.17 0.114136
3682.47 0.145476
3683.78 0.192421
3684.43 0.225280
3685.08 0.267509
3685.73 0.323130
3686.39 0.398457
3686.71 0.446709
3687.04 0.504196
3687.36 0.573644
3687.69 0.658603
3688.02 0.764032
3688.34 0.897031
3688.67 1.06804
3688.99 1.29288
3689.32 1.59645
3689.65 2.01959
3689.97 2.63279
3690.30 3.56527
3690.62 5.07131
3690.95 7.69281
3691.11 9.76130
3691.28 12.6678
3691.44 16.8122
3691.60 22.6912
3691.87 36.3096
3692.14 45.5085
3692.41 36.5327
3692.67 22.8647
3692.85 16.4560
3693.03 12.1141
3693.39 7.11364
3693.74 4.58542
3694.10 3.17913
3694.46 2.32336
3694.81 1.77034
3695.53 1.12405
3696.24 0.776609
3696.95 0.569748
3698.38 0.348009
3699.80 0.241319
3701.23 0.192421
3701.94 0.190563
3702.65 0.228117
3703.01 0.294508
3703.37 0.484029
3703.54 0.731757
3703.72 1.35204
3703.81 2.08085
3703.90 3.68063
3703.94 5.31904
3703.99 8.22221
3704.01 10.7248
3704.03 14.2330
3704.06 19.4525
3704.08 27.6048
3704.11 44.1506
3704.14 55.1492
3704.17 44.1637
3704.21 27.6141
3704.23 19.7489
3704.25 14.6278
3704.29 8.68819
3704.33 5.61285
3704.38 3.93557
3704.46 2.22981
3704.55 1.44471
3704.72 0.769434
3704.89 0.495178
3705.23 0.277695
3705.57 0.193697
3706.25 0.127204
3706.93 0.100116
3708.29 0.0762435
3709.64 0.0660628
3711.00 0.0635299
3712.36 0.0736538
3713.04 0.0931523
3713.72 0.151111
3714.06 0.230367
3714.40 0.442420
3714.57 0.713323
3714.74 1.38388
3714.83 2.16513
3714.91 3.86396
3714.96 5.58686
3715.00 8.59923
3715.04 14.5177
3715.06 19.6207
3715.08 27.4586
3715.11 43.9555
3715.15 54.9225
3715.18 43.9708
3715.21 27.4706
3715.24 18.2289
3715.26 12.6993
3715.29 9.21283
3715.32 6.93387
3715.37 4.25641
3715.42 2.88165
3715.53 1.56095
3715.63 0.981049
3715.84 0.499292
3716.05 0.309409
3716.47 0.162613
3716.89 0.107797
3717.73 0.0663323
3718.57 0.0508533
3720.25 0.0388446
3721.93 0.0342469
3725.28 0.0315350
3728.64 0.0332613
3732.00 0.0404198
3733.68 0.0481556
3735.36 0.0623571
3737.04 0.0924112
3737.88 0.122048
3738.72 0.175537
3739.56 0.288415
3739.98 0.399271
3740.39 0.597578
3740.81 1.00987
3741.02 1.40689
3741.23 2.09836
3741.44 3.48337
3741.55 4.76080
3741.65 6.89468
3741.76 10.8480
3741.81 14.2543
3741.86 19.3841
3741.92 27.9462
3741.97 42.8425
3742.02 71.7211
3742.05 96.2790
3742.07 132.030
3742.11 211.106
3742.15 264.600
3742.20 211.872
3742.24 132.630
3742.26 95.5708
3742.29 69.7123
3742.32 52.3300
3742.35 40.3923
3742.40 25.8416
3742.46 17.8075
3742.52 12.9664
3742.57 9.84423
3742.68 6.21434
3742.80 4.27335
3742.91 3.11855
3743.13 1.87744
3743.35 1.25548
3743.58 0.902019
3744.03 0.537052
3744.47 0.361712
3744.92 0.264834
3745.81 0.167371
3746.71 0.122459
3747.60 0.0988909
3749.39 0.0782719
3752.97 0.0753033
3756.55 0.0976301
3758.34 0.120245
3760.13 0.156128
3761.92 0.215804
3763.71 0.323999
3764.60 0.414166
3765.50 0.550094
3766.39 0.768801
3767.29 1.15348
3767.73 1.46714
3768.18 1.92898
3768.63 2.65087
3769.08 3.87081
3769.52 6.18023
3769.75 8.18967
3769.97 11.3259
3770.19 16.6405
3770.42 26.4646
3770.53 34.7713
3770.64 47.1884
3770.75 66.2887
3770.86 95.4382
3771.01 152.944
3771.16 191.222
3771.31 153.029
3771.46 95.8334
3771.61 59.8194
3771.75 39.3018
3771.90 27.3198
3772.04 19.9701
3772.19 15.1472
3772.33 11.8793
3772.62 7.84831
3772.91 5.58141
3773.20 4.19544
3773.78 2.70060
3774.35 2.05508
3774.93 2.02814
3775.22 2.44399
3775.37 2.92598
3775.51 3.80685
3775.65 5.59540
3775.73 7.21107
3775.80 9.83768
3775.87 14.5711
3775.94 23.9247
3775.98 32.4059
3776.02 46.0456
3776.05 69.1441
3776.07 86.4725
3776.09 110.439
3776.13 176.021
3776.16 218.037
3776.20 173.319
3776.24 108.309
3776.28 65.4871
3776.32 42.5496
3776.36 29.4392
3776.40 21.4656
3776.44 16.3237
3776.48 12.8389
3776.55 8.57922
3776.63 6.18469
3776.71 4.70906
3776.87 3.05937
3777.02 2.20263
3777.18 1.69744
3777.49 1.14767
3777.80 0.862852
3778.11 0.691099
3778.74 0.494392
3779.36 0.383895
3779.99 0.312273
3781.23 0.223950
3782.48 0.171289
3783.73 0.136501
3786.23 0.0939456
3788.72 0.0695239
3791.22 0.0541246
3796.21 0.0364801
3801.20 0.0271973
3806.20 0.0218360
3816.18 0.0166858
3826.17 0.0154008
3836.15 0.0170616
3841.15 0.0194703
3846.14 0.0241558
3848.64 0.0285864
3851.13 0.0376567
3852.38 0.0479434
3853.63 0.0738219
3854.25 0.107482
3854.88 0.197960
3855.19 0.317233
3855.50 0.630545
3855.66 1.02540
3855.81 1.98728
3855.89 3.08740
3855.97 5.42163
3856.01 7.68961
3856.05 11.6246
3856.09 19.0556
3856.11 25.4046
3856.12 33.9727
3856.16 54.6462
3856.19 67.9241
3856.22 54.6331
3856.25 33.9629
3856.28 23.9380
3856.30 17.0900
3856.33 12.6196
3856.35 9.62089
3856.40 6.05473
3856.44 4.16318
3856.49 3.01212
3856.54 2.27905
3856.64 1.44336
3856.83 0.734091
3857.02 0.452850
3857.40 0.233876
3857.78 0.152677
3858.54 0.0936691
3859.30 0.0740531
3862.35 0.0657538
3865.40 0.0839751
3868.45 0.122830
3869.97 0.155974
3871.50 0.206166
3873.02 0.287046
3873.78 0.347341
3874.55 0.429362
3875.31 0.545061
3875.69 0.621398
3876.07 0.715111
3876.45 0.831873
3876.83 0.979859
3877.21 1.17119
3877.59 1.42445
3877.98 1.76920
3878.36 2.25479
3878.74 2.96810
3879.12 4.07282
3879.50 5.90352
3879.69 7.30081
3879.88 9.21341
3880.07 11.9340
3880.26 15.8720
3880.45 21.7626
3880.64 30.4742
3880.92 48.8291
3881.20 61.2467
3881.48 49.1881
3881.75 30.8083
3882.06 18.0829
3882.36 11.3731
3882.67 7.66033
3882.97 5.46875
3883.28 4.07833
3883.59 3.15317
3884.20 2.03954
3884.81 1.42305
3885.42 1.04885
3886.64 0.636936
3887.86 0.427756
3889.08 0.307531
3890.30 0.232136
3891.52 0.181793
3893.97 0.120876
3896.41 0.0869062
3898.85 0.0660941
3901.29 0.0524775
3906.18 0.0364980
3911.06 0.0281174
3920.83 0.0213641
3930.60 0.0223993
3935.48 0.0264383
3940.37 0.0352604
3942.81 0.0431520
3945.25 0.0554834
3947.70 0.0759909
3950.14 0.113437
3951.36 0.144899
3952.58 0.192633
3953.80 0.270124
3955.02 0.408263
3955.63 0.522049
3956.24 0.691464
3956.85 0.960580
3957.16 1.15820
3957.46 1.42385
3957.77 1.79397
3958.08 2.32696
3958.23 2.68804
3958.38 3.13616
3958.53 3.70942
3958.69 4.44769
3958.84 5.43375
3958.99 6.77984
3959.14 8.67876
3959.30 11.4427
3959.45 15.7137
3959.60 22.5847
3959.75 34.4151
3959.91 55.0122
3960.06 88.0850
3960.22 109.902
3960.38 87.8069
3960.54 54.9675
3960.68 35.3135
3960.82 23.7661
3960.96 16.7994
3961.11 12.3972
3961.39 7.45102
3961.67 4.94271
3961.96 3.50336
3962.24 2.61123
3962.81 1.60694
3963.38 1.08700
3963.95 0.784016
3964.52 0.592305
3965.09 0.463424
3966.23 0.306353
3967.36 0.217944
3968.50 0.163316
3969.64 0.127216
3971.92 0.0839632
3974.19 0.0600108
3976.47 0.0453619
3978.74 0.0357490
3983.30 0.0242874
3987.85 0.0179612
3996.95 0.0115559
4006.05 0.00853753
4015.16 0.00690061
4033.36 0.00541780
4051.57 0.00519604
4069.78 0.00640295
4078.88 0.00837698
4087.98 0.0136055
4092.54 0.0200539
4097.09 0.0355581
4099.36 0.0537327
4101.64 0.0966376
4102.78 0.147723
4103.92 0.274523
4104.48 0.434451
4104.77 0.586208
4105.05 0.850533
4105.34 1.38582
4105.48 1.88771
4105.62 2.74747
4105.76 4.40921
4105.84 5.89217
4105.91 8.28471
4105.98 12.4943
4106.05 20.8502
4106.08 28.5303
4106.12 40.4999
4106.16 61.3055
4106.19 96.9928
4106.23 154.675
4106.27 194.209
4106.30 155.108
4106.34 97.3355
4106.38 60.0246
4106.42 38.9366
4106.46 26.8366
4106.49 19.6225
4106.53 14.8192
4106.57 11.6417
4106.64 7.68876
4106.72 5.44571
4106.79 4.09051
4106.94 2.58888
4107.09 1.82255
4107.24 1.39022
4107.55 0.956235
4107.85 0.776758
4108.15 0.714428
4108.75 0.795723
4109.05 0.936746
4109.35 1.17762
4109.65 1.58721
4109.95 2.32618
4110.25 3.82547
4110.41 5.22605
4110.56 7.56475
4110.71 11.9643
4110.78 15.7191
4110.86 21.5220
4110.93 31.2758
4111.01 48.6765
4111.05 63.1112
4111.08 83.4895
4111.12 114.505
4111.16 159.577
4111.21 255.864
4111.27 318.648
4111.32 255.282
4111.38 159.122
4111.43 104.809
4111.47 71.8904
4111.52 51.1869
4111.57 38.1914
4111.66 23.2269
4111.76 15.5634
4111.85 11.0845
4111.95 8.30751
4112.14 5.14484
4112.33 3.48946
4112.51 2.52643
4112.70 1.91460
4112.89 1.50191
4113.27 0.995977
4113.65 0.710758
4114.03 0.533707
4114.41 0.416207
4115.16 0.274498
4115.92 0.195493
4117.43 0.114824
4118.95 0.0763201
4120.46 0.0549325
4123.49 0.0331345
4129.54 0.0170475
4135.59 0.0112832
4147.70 0.00724940
4159.80 0.00613303
4171.91 0.00611726
4184.02 0.00706781
4190.07 0.00823185
4196.12 0.0108070
4202.18 0.0212949
4203.69 0.0311253
4205.20 0.0579961
4205.96 0.0944242
4206.72 0.194360
4207.10 0.328348
4207.47 0.684520
4207.66 1.14024
4207.76 1.56600
4207.85 2.27447
4207.95 3.61613
4207.99 4.76079
4208.04 6.53486
4208.09 9.56066
4208.14 14.9687
4208.16 19.5337
4208.18 25.9257
4208.21 35.9128
4208.23 50.6760
4208.26 80.7570
4208.30 101.275
4208.33 80.7495
4208.36 50.6706
4208.40 31.2363
4208.43 20.2345
4208.47 13.9214
4208.50 10.1664
4208.53 7.65616
4208.57 5.99968
4208.63 3.93290
4208.70 2.75669
4208.77 2.04580
4208.90 1.25431
4209.04 0.845648
4209.17 0.610933
4209.44 0.362996
4209.98 0.174667
4210.52 0.105746
4211.59 0.0552366
4212.67 0.0375932
4216.97 0.0231226
4221.27 0.0255159
4225.57 0.0347722
4227.72 0.0431805
4229.87 0.0561766
4232.02 0.0774511
4234.18 0.115538
4235.25 0.146963
4236.33 0.193854
4236.86 0.226521
4237.40 0.268413
4237.94 0.323346
4238.48 0.397162
4239.02 0.499997
4239.55 0.648891
4240.09 0.875761
4240.63 1.24446
4240.90 1.52235
4241.17 1.90298
4241.44 2.44231
4241.70 3.23470
4241.97 4.46665
4242.24 6.48973
4242.51 10.0198
4242.78 16.3510
4243.04 26.2338
4243.31 33.1387
4243.57 26.7844
4243.84 16.7801
4244.06 11.1483
4244.28 7.68714
4244.50 5.52140
4244.72 4.12705
4245.16 2.52445
4245.60 1.69234
4246.04 1.20875
4246.48 0.905246
4247.36 0.561727
4248.25 0.382245
4249.13 0.277256
4250.01 0.210524
4250.89 0.165611
4252.65 0.110724
4254.42 0.0797894
4256.18 0.0606772
4257.94 0.0480668
4261.47 0.0330356
4264.99 0.0248322
4272.05 0.0169400
4279.10 0.0140862
4286.15 0.0147695
4289.68 0.0178071
4293.20 0.0276538
4294.96 0.0417187
4296.73 0.0815829
4297.61 0.136425
4298.49 0.288091
4298.93 0.492092
4299.15 0.689288
4299.37 1.03693
4299.59 1.74222
4299.70 2.39811
4299.81 3.50737
4299.92 5.60191
4299.98 7.42210
4300.03 10.2750
4300.09 15.0836
4300.14 24.0029
4300.17 31.6677
4300.20 42.6875
4300.23 60.2306
4300.25 86.3519
4300.29 138.044
4300.33 172.615
4300.36 138.045
4300.40 86.3530
4300.42 63.4382
4300.45 47.5030
4300.49 28.2963
4300.54 18.4149
4300.59 12.9223
4300.63 9.47117
4300.68 7.22340
4300.77 4.60525
4300.87 3.17344
4300.96 2.32462
4301.15 1.39727
4301.33 0.932335
4301.52 0.666874
4301.90 0.391064
4302.27 0.258180
4302.64 0.184174
4303.39 0.108953
4304.89 0.0538907
4306.38 0.0342535
4309.38 0.0200949
4312.37 0.0151755
4318.35 0.0119634
4324.33 0.0114668
4336.30 0.0160638
4339.29 0.0211521
4342.28 0.0353602
4343.78 0.0548752
4345.28 0.109410
4346.02 0.183827
4346.40 0.257024
4346.77 0.388438
4347.15 0.661185
4347.33 0.923695
4347.52 1.38346
4347.71 2.30051
4347.80 3.15129
4347.89 4.55584
4347.99 7.18375
4348.04 9.42573
4348.08 12.7808
4348.13 18.3656
4348.17 27.9848
4348.22 46.9793
4348.24 62.7385
4348.27 85.4004
4348.30 136.522
4348.34 170.710
4348.38 136.522
4348.41 85.4011
4348.45 55.1743
4348.48 36.8238
4348.52 25.8650
4348.55 19.1593
4348.62 11.4401
4348.68 7.58992
4348.75 5.36152
4348.82 3.99921
4348.95 2.46617
4349.09 1.66666
4349.22 1.20446
4349.49 0.713319
4349.76 0.472827
4350.03 0.337541
4350.57 0.198835
4351.64 0.0963194
4352.72 0.0595977
4354.87 0.0330775
4357.03 0.0238715
4365.64 0.0160475
4374.25 0.0162810
4382.86 0.0184146
4391.47 0.0221715
4400.08 0.0287138
4408.69 0.0438219
4412.99 0.0689480
4414.07 0.0864128
4415.14 0.127309
4415.68 0.178005
4416.22 0.310024
4416.49 0.480491
4416.76 0.919665
4416.89 1.46494
4417.03 2.74753
4417.10 4.19223
4417.16 7.09515
4417.20 9.83330
4417.23 14.2051
4417.26 22.0946
4417.30 36.0758
4417.33 57.5657
4417.36 72.0853
4417.40 57.6006
4417.43 36.1041
4417.46 21.8060
4417.50 14.0475
4417.53 9.54430
4417.57 6.91701
4417.63 4.05887
4417.70 2.66699
4417.84 1.42080
4417.98 0.900289
4418.26 0.484849
4418.53 0.329007
4419.08 0.217903
4419.63 0.187024
4420.74 0.194444
4421.84 0.254949
4422.94 0.401040
4423.49 0.547483
4424.04 0.811051
4424.32 1.02989
4424.59 1.35700
4424.87 1.88175
4425.15 2.79335
4425.42 4.60565
4425.56 6.26497
4425.70 8.98840
4425.83 13.9950
4425.90 18.2009
4425.97 24.5672
4426.04 34.7820
4426.11 52.3904
4426.18 85.3101
4426.25 149.666
4426.31 238.869
4426.37 299.036
4426.42 238.712
4426.48 149.419
4426.53 98.1685
4426.58 67.2886
4426.63 48.2071
4426.68 35.9300
4426.78 21.8263
4426.88 14.6129
4426.99 10.4058
4427.09 7.79843
4427.29 4.84395
4427.49 3.29601
4427.69 2.39478
4427.89 1.81998
4428.09 1.43475
4428.49 0.963067
4428.89 0.697304
4429.29 0.533129
4429.69 0.424789
4430.49 0.295403
4431.30 0.224588
4432.90 0.154702
4434.51 0.123938
4436.11 0.109151
4437.71 0.102263
4439.32 0.0999105
4440.92 0.100525
4442.53 0.103330
4444.13 0.107949
4445.73 0.114231
4447.34 0.122180
4448.94 0.131897
4450.55 0.143599
4452.15 0.157608
4455.36 0.194509
4458.57 0.248491
4461.78 0.330650
4464.99 0.463187
4466.59 0.561857
4468.20 0.695401
4469.80 0.881817
4471.40 1.15159
4473.01 1.55922
4474.61 2.20472
4476.22 3.27758
4477.82 5.10312
4479.56 8.29037
4480.43 10.5925
4480.65 11.6768
4480.87 13.9329
4480.98 16.4294
4481.09 21.8388
4481.14 27.3768
4481.20 37.3130
4481.25 57.5522
4481.28 75.6389
4481.31 103.453
4481.34 158.297
4481.38 196.645
4481.38 196.770
4481.39 195.969
4481.39 193.621
4481.40 185.901
4481.42 159.793
4481.46 103.403
4481.49 75.6088
4481.51 57.5358
4481.57 37.3121
4481.62 27.2525
4481.68 21.8509
4481.79 16.4485
4481.89 13.9576
4482.33 10.6384
4483.20 8.35234
4484.94 5.15226
4486.59 3.26413
4488.24 2.17195
4489.89 1.52357
4491.55 1.11855
4494.85 0.669558
4498.15 0.443227
4501.45 0.314633
4504.75 0.235079
4511.36 0.146313
4517.96 0.100912
4524.57 0.0750190
4531.17 0.0593064
4537.78 0.0496391
4550.99 0.0420445
4557.59 0.0438389
4564.19 0.0516448
4570.80 0.0725219
4574.10 0.0944092
4577.40 0.134451
4580.71 0.217970
4582.36 0.297986
4584.01 0.436934
4584.83 0.548293
4585.25 0.621190
4585.66 0.709777
4586.07 0.819428
4586.49 0.956965
4586.90 1.13259
4587.31 1.36090
4587.72 1.66651
4588.14 2.08671
4588.55 2.68486
4588.96 3.57016
4589.37 4.95512
4589.79 7.25006
4589.99 8.98013
4590.20 11.2952
4590.41 14.4242
4590.61 18.6057
4591.01 29.5886
4591.42 36.1142
4591.82 28.2206
4592.22 17.5359
4592.53 11.9748
4592.85 8.45409
4593.16 6.18969
4593.47 4.69426
4594.10 2.93240
4594.73 1.99334
4595.35 1.43861
4595.98 1.08617
4597.23 0.682395
4598.49 0.469093
4599.74 0.343341
4602.25 0.208763
4604.76 0.142297
4607.26 0.104898
4609.77 0.0820746
4612.28 0.0675223
4617.29 0.0529890
4619.80 0.0515369
4622.30 0.0553261
4624.81 0.0698314
4627.32 0.118175
4628.57 0.187473
4629.20 0.256690
4629.83 0.381945
4630.45 0.645250
4630.77 0.900946
4631.08 1.35352
4631.24 1.72475
4631.39 2.27541
4631.55 3.14224
4631.71 4.60862
4631.86 7.42567
4631.94 9.88666
4632.02 13.7837
4632.10 20.5657
4632.18 33.3429
4632.21 44.3704
4632.25 61.2479
4632.29 88.0206
4632.33 132.122
4632.38 211.396
4632.43 264.023
4632.48 211.313
4632.52 131.921
4632.57 87.1240
4632.61 60.1620
4632.65 43.3378
4632.69 32.4306
4632.77 19.8908
4632.85 13.3462
4632.93 9.54380
4633.01 7.15242
4633.17 4.43788
4633.33 3.01855
4633.49 2.18616
4633.65 1.65712
4633.81 1.30028
4634.13 0.862918
4634.45 0.616860
4635.09 0.363464
4635.73 0.242111
4636.37 0.174866
4637.65 0.106468
4640.21 0.0559311
4642.77 0.0373291
4645.33 0.0282010
4647.90 0.0228950
4653.02 0.0170193
4663.27 0.0117417
4673.52 0.00918077
4694.01 0.00654249
4714.51 0.00516566
4755.50 0.00380433
4796.49 0.00328135
4837.48 0.00329458
4878.47 0.00405414
4898.96 0.00508820
4919.46 0.00742967
4929.71 0.00991752
4939.95 0.0150385
4945.08 0.0202787
4947.64 0.0245927
4950.20 0.0313675
4952.76 0.0437685
4955.33 0.0739675
4956.61 0.112428
4957.89 0.215471
4958.53 0.353043
4958.85 0.486625
4959.17 0.724059
4959.49 1.21015
4959.65 1.67158
4959.81 2.46779
4959.97 4.01962
4960.05 5.41477
4960.13 7.68165
4960.21 11.7098
4960.25 14.9963
4960.29 19.8282
4960.33 27.2795
4960.37 39.4259
4960.41 60.3888
4960.45 97.6949
4960.49 156.932
4960.53 195.255
4960.57 156.949
4960.61 97.7094
4960.65 62.5117
4960.69 41.4536
4960.72 28.9892
4960.76 21.2278
4960.84 12.6547
4960.91 8.38944
4960.99 5.93085
4961.06 4.41183
4961.22 2.72427
4961.37 1.84878
4961.52 1.34381
4961.82 0.810578
4962.12 0.549658
4962.43 0.403813
4963.03 0.256329
4964.24 0.152458
4965.45 0.121862
4967.87 0.120239
4970.30 0.158898
4971.51 0.196502
4972.72 0.254928
4973.93 0.349706
4974.53 0.420152
4975.14 0.515523
4975.74 0.649113
4976.05 0.736754
4976.35 0.843327
4976.65 0.975574
4976.95 1.14117
4977.26 1.35370
4977.56 1.63047
4977.86 2.00243
4978.17 2.51598
4978.47 3.25100
4978.77 4.34569
4979.07 6.07729
4979.38 8.97834
4979.53 11.2068
4979.68 14.2261
4979.83 18.3785
4979.98 24.0452
4980.26 38.4802
4980.54 48.1449
4980.81 38.5479
4981.09 24.0969
4981.39 14.3941
4981.68 9.17041
4981.98 6.23180
4982.27 4.47703
4982.57 3.35428
4982.87 2.60270
4983.46 1.69124
4984.05 1.18464
4984.64 0.875447
4985.82 0.534454
4987.00 0.360678
4988.18 0.260573
4989.37 0.197813
4990.55 0.156023
4992.91 0.105865
4995.27 0.0788806
4997.64 0.0643254
5000.00 0.0596086
5001.62 0.0651721
5003.24 0.0923486
5004.05 0.133848
5004.85 0.251994
5005.26 0.412094
5005.66 0.839652
5005.87 1.38792
5005.97 1.89733
5006.07 2.75499
5006.17 4.36316
5006.22 5.76729
5006.27 7.90824
5006.32 11.5531
5006.37 18.0734
5006.40 23.7013
5006.42 31.6805
5006.45 43.6510
5006.47 62.3249
5006.51 99.2629
5006.54 124.640
5006.58 99.2631
5006.61 62.3252
5006.65 40.8459
5006.68 28.1062
5006.71 20.1971
5006.74 15.0889
5006.80 9.17028
5006.86 6.15689
5006.92 4.38467
5006.98 3.29249
5007.10 2.05151
5007.22 1.39790
5007.34 1.01815
5007.58 0.612155
5008.06 0.298938
5008.54 0.182728
5009.51 0.0957982
5010.47 0.0639096
5012.40 0.0397257
5014.33 0.0304167
5018.19 0.0229446
5022.05 0.0203914
5025.91 0.0206192
5029.76 0.0257344
5031.69 0.0340851
5033.62 0.0584261
5034.59 0.0921899
5035.55 0.186000
5036.03 0.312889
5036.52 0.654365
5036.76 1.09765
5036.88 1.51646
5037.00 2.22478
5037.12 3.59203
5037.18 4.78786
5037.24 6.68656
5037.30 10.0210
5037.36 16.3284
5037.39 21.8112
5037.42 30.2637
5037.45 43.8012
5037.48 66.4671
5037.52 106.461
5037.55 132.923
5037.59 106.452
5037.63 66.4603
5037.67 39.0260
5037.71 24.4772
5037.75 16.4770
5037.79 11.7474
5037.83 8.76043
5037.87 6.76807
5037.94 4.39521
5038.02 3.06436
5038.10 2.25659
5038.26 1.37348
5038.42 0.922289
5038.58 0.664340
5038.90 0.393421
5039.54 0.188653
5040.18 0.113770
5041.45 0.0587643
5042.73 0.0391268
5047.83 0.0202047
5052.93 0.0173642
5058.03 0.0173221
5068.24 0.0206659
5078.44 0.0287328
5083.55 0.0358404
5088.65 0.0467743
5093.75 0.0646414
5098.85 0.0965856
5101.40 0.122908
5103.96 0.162162
5105.23 0.189466
5106.51 0.224416
5107.78 0.270222
5109.06 0.331762
5109.70 0.370829
5110.33 0.417263
5110.97 0.473026
5111.61 0.540658
5112.25 0.624030
5112.88 0.728208
5113.52 0.860644
5114.16 1.03208
5114.80 1.25995
5115.44 1.57084
5116.07 2.00909
5116.71 2.65028
5117.35 3.63620
5117.99 5.23386
5118.62 7.96767
5119.26 12.7500
5119.92 20.3753
5120.58 25.3681
5121.24 20.2179
5121.90 12.6259
5122.51 8.02367
5123.12 5.34706
5123.74 3.75377
5124.35 2.75684
5125.58 1.64999
5126.80 1.09119
5128.03 0.773253
5129.26 0.576567
5131.71 0.357250
5134.16 0.246375
5136.61 0.188939
5137.84 0.177982
5139.07 0.193365
5139.68 0.231759
5140.29 0.351540
5140.60 0.516865
5140.90 0.954528
5141.06 1.51009
5141.21 2.84700
5141.29 4.37239
5141.36 7.51583
5141.40 10.6042
5141.44 15.7402
5141.48 25.1268
5141.52 43.2766
5141.55 69.0344
5141.59 86.4020
5141.62 69.0376
5141.65 43.2786
5141.69 25.1267
5141.73 15.5622
5141.77 10.4016
5141.81 7.39106
5141.89 4.25989
5141.96 2.77054
5142.12 1.45928
5142.28 0.917667
5142.59 0.485426
5142.90 0.319467
5143.52 0.191563
5144.15 0.142274
5145.40 0.101590
5146.64 0.0831847
5149.14 0.0639324
5151.64 0.0526878
5156.63 0.0389410
5161.62 0.0306378
5171.60 0.0213688
5181.59 0.0168652
5191.57 0.0150221
5201.56 0.0159412
5206.55 0.0187248
5211.54 0.0272671
5214.04 0.0391793
5216.53 0.0725990
5217.78 0.118440
5219.03 0.245746
5219.65 0.417824
5219.96 0.585578
5220.28 0.883702
5220.59 1.49238
5220.74 2.06776
5220.90 3.05541
5221.06 4.96378
5221.13 6.66330
5221.21 9.39659
5221.29 14.1798
5221.37 23.5847
5221.41 31.9888
5221.45 45.3072
5221.49 67.4146
5221.52 104.249
5221.57 167.092
5221.61 208.488
5221.65 167.126
5221.70 104.276
5221.75 59.9764
5221.80 37.0242
5221.85 24.6601
5221.90 17.4533
5221.95 12.9469
5222.00 9.96274
5222.10 6.40204
5222.20 4.45003
5222.30 3.26951
5222.50 1.98204
5222.70 1.32729
5222.90 0.951818
5223.29 0.560869
5223.69 0.371271
5224.09 0.265723
5224.89 0.158132
5226.49 0.0794667
5228.09 0.0516825
5231.28 0.0324001
5234.48 0.0267113
5240.87 0.0262768
5247.26 0.0333678
5250.46 0.0404274
5253.65 0.0515826
5256.85 0.0700498
5260.05 0.103290
5263.24 0.171857
5264.84 0.237176
5265.64 0.285312
5266.44 0.350141
5267.24 0.440320
5267.64 0.499309
5268.04 0.570892
5268.44 0.659365
5268.83 0.769834
5269.23 0.910914
5269.63 1.09386
5270.03 1.33805
5270.43 1.67162
5270.83 2.14530
5271.23 2.84221
5271.63 3.92422
5272.03 5.69327
5272.43 8.76589
5272.63 11.1287
5272.83 14.2525
5273.23 22.7645
5273.63 28.2563
5274.03 22.4432
5274.42 14.0008
5274.77 9.22463
5275.11 6.32408
5275.45 4.52779
5275.79 3.37598
5276.47 2.05992
5277.15 1.37826
5277.83 0.984145
5278.51 0.737110
5279.87 0.457593
5281.23 0.311896
5282.60 0.226631
5283.96 0.172527
5285.32 0.136108
5288.04 0.0916239
5290.77 0.0665826
5293.49 0.0511418
5296.21 0.0409886
5301.66 0.0289783
5307.11 0.0225698
5318.00 0.0169029
5328.90 0.0157703
5339.79 0.0179398
5345.24 0.0208553
5350.69 0.0266264
5353.41 0.0323396
5356.14 0.0447337
5357.50 0.0594426
5358.86 0.0974973
5359.54 0.147672
5360.22 0.283458
5360.56 0.463491
5360.90 0.936353
5361.07 1.53319
5361.16 2.08065
5361.24 2.98981
5361.33 4.65939
5361.37 6.08877
5361.41 8.21209
5361.46 11.7277
5361.50 17.7055
5361.54 29.3429
5361.56 38.8309
5361.58 52.3092
5361.62 83.6324
5361.65 104.615
5361.69 83.6657
5361.72 52.3357
5361.75 37.7949
5361.77 27.8990
5361.82 16.4532
5361.86 10.5594
5361.91 7.34722
5361.96 5.35601
5362.00 4.09412
5362.09 2.61305
5362.19 1.80718
5362.28 1.32707
5362.46 0.810876
5362.84 0.405203
5363.21 0.253238
5363.95 0.140997
5364.69 0.101964
5366.17 0.0776165
5367.66 0.0747934
5370.62 0.100635
5372.11 0.177970
5372.48 0.247844
5372.85 0.429868
5373.04 0.661937
5373.22 1.23586
5373.31 1.91486
5373.41 3.39404
5373.45 4.93207
5373.50 7.68891
5373.55 13.3052
5373.57 18.3241
5373.59 26.1974
5373.62 41.6707
5373.66 52.3397
5373.69 41.6767
5373.72 26.2029
5373.75 16.3423
5373.79 10.8507
5373.82 7.61162
5373.85 5.59777
5373.91 3.37502
5373.97 2.25873
5374.10 1.23464
5374.22 0.797907
5374.47 0.443786
5374.72 0.308335
5375.21 0.209031
5375.71 0.177341
5377.69 0.176198
5379.68 0.229343
5380.67 0.272447
5381.67 0.331561
5382.66 0.414369
5383.16 0.468609
5383.65 0.534447
5384.15 0.615702
5384.65 0.717036
5385.14 0.846071
5385.64 1.01294
5386.14 1.23462
5386.63 1.53593
5387.13 1.96054
5387.62 2.57965
5388.12 3.52797
5388.62 5.05118
5389.11 7.62972
5389.61 12.0797
5390.14 19.2550
5390.66 23.7062
5391.19 18.6903
5391.72 11.6486
5392.21 7.35596
5392.71 4.88397
5393.21 3.42110
5393.71 2.50916
5394.70 1.49982
5395.70 0.991492
5396.70 0.702744
5397.69 0.523936
5399.68 0.324006
5401.68 0.221108
5403.67 0.161592
5405.66 0.124399
5407.65 0.0999799
5411.64 0.0728825
5415.62 0.0664626
5417.61 0.0756377
5419.61 0.113280
5420.60 0.169323
5421.60 0.328048
5422.10 0.542770
5422.34 0.751191
5422.59 1.11924
5422.84 1.86240
5422.97 2.55976
5423.09 3.73065
5423.22 5.96360
5423.28 7.89261
5423.34 10.9153
5423.40 16.1182
5423.47 25.6717
5423.50 33.7208
5423.53 45.7502
5423.56 64.2542
5423.59 93.1618
5423.63 149.581
5423.67 186.468
5423.71 149.774
5423.75 93.3127
5423.78 67.3973
5423.81 49.8490
5423.86 29.4752
5423.92 18.9655
5423.97 13.1990
5424.03 9.62742
5424.08 7.35277
5424.19 4.66293
5424.30 3.21661
5424.41 2.35295
5424.63 1.42156
5424.84 0.953090
5425.06 0.686133
5425.50 0.409540
5426.37 0.201517
5427.24 0.125469
5428.98 0.0689582
5430.72 0.0480716
5434.21 0.0319449
5437.69 0.0256671
5444.66 0.0212981
5451.62 0.0219233
5458.59 0.0281041
5462.07 0.0354458
5465.56 0.0494809
5467.30 0.0615258
5469.04 0.0800668
5470.78 0.110627
5472.52 0.166149
5473.40 0.212733
5474.27 0.283503
5475.14 0.398596
5476.01 0.604461
5476.44 0.774736
5476.88 1.02907
5477.32 1.43552
5477.75 2.14023
5478.19 3.53211
5478.40 4.79888
5478.62 6.87183
5478.84 10.6390
5478.95 13.7726
5479.06 18.4158
5479.17 25.8148
5479.27 38.3115
5479.38 60.9903
5479.49 103.408
5479.59 165.724
5479.69 207.592
5479.79 166.125
5479.89 103.722
5479.97 69.0975
5480.05 47.9085
5480.13 34.4814
5480.21 25.8683
5480.38 15.8762
5480.54 10.6786
5480.70 7.63367
5480.86 5.71872
5481.19 3.54988
5481.52 2.41164
5481.84 1.74604
5482.17 1.32161
5482.49 1.03623
5483.14 0.686657
5483.79 0.489311
5484.44 0.367168
5485.09 0.286494
5486.40 0.189697
5487.70 0.136245
5489.00 0.103748
5490.30 0.0826397
5492.91 0.0580802
5495.51 0.0454326
5500.71 0.0359722
5505.92 0.0395361
5508.53 0.0476888
5511.13 0.0647669
5513.73 0.103322
5515.03 0.142253
5516.34 0.213193
5516.99 0.272772
5517.64 0.363267
5518.29 0.510311
5518.94 0.772304
5519.26 0.988866
5519.59 1.31134
5519.92 1.82545
5520.24 2.71193
5520.57 4.45120
5520.73 6.02176
5520.89 8.56495
5521.05 13.1325
5521.14 16.8536
5521.22 22.3412
5521.30 30.9712
5521.38 44.9977
5521.46 69.4367
5521.54 113.754
5521.62 182.128
5521.70 227.160
5521.78 181.695
5521.86 113.417
5521.92 79.2064
5521.98 56.9771
5522.04 42.3249
5522.10 32.4125
5522.21 20.5125
5522.33 14.0368
5522.44 10.1449
5522.56 7.67652
5522.79 4.82250
5523.03 3.29917
5523.26 2.40048
5523.49 1.82265
5523.72 1.43257
5524.19 0.951840
5524.65 0.678973
5525.12 0.509427
5525.58 0.396956
5526.51 0.261757
5527.44 0.186729
5529.30 0.110868
5531.16 0.0754081
5533.02 0.0563621
5536.74 0.0390775
5540.46 0.0357683
5544.18 0.0482229
5546.04 0.0710182
5547.90 0.138595
5548.83 0.232295
5549.29 0.324799
5549.76 0.491112
5550.22 0.836489
5550.46 1.16980
5550.69 1.75085
5550.92 2.91439
5551.04 3.98161
5551.15 5.75913
5551.27 9.03758
5551.33 11.8171
5551.39 16.0641
5551.44 22.9687
5551.50 35.1026
5551.56 58.4619
5551.59 78.1876
5551.62 106.819
5551.67 171.394
5551.71 213.327
5551.76 170.920
5551.80 106.449
5551.84 73.2483
5551.88 51.5602
5551.91 37.6635
5551.95 28.6839
5552.02 17.9137
5552.09 12.1553
5552.16 8.71992
5552.23 6.57266
5552.37 4.10806
5552.52 2.79899
5552.66 2.03271
5552.94 1.20975
5553.23 0.802688
5553.51 0.572207
5554.08 0.334448
5554.65 0.220581
5555.22 0.157351
5556.36 0.0931886
5558.64 0.0459691
5560.92 0.0288514
5565.48 0.0159915
5570.04 0.0110851
5579.16 0.00709591
5588.27 0.00541188
5606.51 0.00395635
5624.74 0.00341982
5642.97 0.00336912
5661.21 0.00394011
5679.44 0.00704131
5688.56 0.0177388
5690.84 0.0282888
5693.12 0.0576367
5694.26 0.0978010
5695.40 0.209037
5695.97 0.359271
5696.25 0.505578
5696.54 0.765296
5696.82 1.29462
5696.96 1.79626
5697.11 2.64942
5697.25 4.30498
5697.32 5.76492
5697.39 8.10064
5697.46 12.1573
5697.53 20.0405
5697.57 27.1208
5697.60 37.8961
5697.64 56.0275
5697.68 85.8941
5697.72 137.055
5697.76 171.886
5697.80 137.119
5697.84 85.9443
5697.88 55.4175
5697.91 37.1530
5697.95 26.1848
5697.99 19.2800
5698.06 11.5707
5698.13 7.69726
5698.21 5.44904
5698.28 4.05379
5698.43 2.49730
5698.58 1.68620
5698.72 1.21704
5699.02 0.719881
5699.31 0.475405
5699.61 0.337957
5700.20 0.197294
5701.38 0.0934014
5702.55 0.0563446
5704.91 0.0301218
5707.27 0.0220358
5711.98 0.0249497
5714.34 0.0569120
5714.93 0.0894984
5715.52 0.178554
5715.81 0.296695
5716.11 0.605007
5716.26 0.994208
5716.40 1.92731
5716.48 2.98923
5716.55 5.16912
5716.59 7.26931
5716.62 10.8410
5716.66 17.3824
5716.70 29.4413
5716.73 47.1026
5716.76 58.8838
5716.80 47.1124
5716.83 29.4491
5716.86 19.7315
5716.88 13.8616
5716.91 10.1163
5716.93 7.64563
5716.99 4.71562
5717.04 3.19757
5717.14 1.72862
5717.25 1.08400
5717.46 0.541472
5717.67 0.326754
5718.09 0.160514
5718.50 0.0989436
5720.18 0.0374406
5723.52 0.0245193
5730.21 0.0384301
5733.56 0.0636042
5735.23 0.0890780
5736.91 0.135593
5737.74 0.174731
5738.58 0.234229
5739.42 0.331327
5740.25 0.505308
5740.67 0.649799
5741.09 0.866255
5741.51 1.21257
5741.93 1.81751
5742.35 3.02318
5742.55 4.12786
5742.76 5.96307
5742.97 9.33489
5743.08 12.1987
5743.18 16.5151
5743.29 23.5631
5743.39 35.7301
5743.50 59.1061
5743.55 78.4479
5743.60 106.446
5743.69 169.896
5743.77 212.654
5743.86 169.675
5743.94 106.212
5744.03 65.9977
5744.11 43.1690
5744.19 29.9026
5744.28 21.8243
5744.36 16.5022
5744.45 12.8802
5744.61 8.45781
5744.78 5.94933
5744.95 4.41320
5745.28 2.69671
5745.62 1.81546
5745.95 1.30467
5746.29 0.982670
5746.62 0.767326
5747.29 0.504727
5747.96 0.357380
5748.63 0.266542
5749.30 0.206699
5750.64 0.135041
5751.98 0.0955072
5754.66 0.0556287
5757.34 0.0369365
5760.02 0.0267255
5765.37 0.0165862
5776.09 0.00966384
5786.80 0.00799083
5797.52 0.00875187
5808.23 0.0134252
5813.59 0.0203589
5818.95 0.0399538
5821.63 0.0668797
5822.97 0.0935810
5824.31 0.141977
5825.65 0.244330
5826.32 0.344929
5826.98 0.525075
5827.65 0.899028
5827.99 1.25864
5828.32 1.88537
5828.66 3.13586
5828.83 4.29028
5828.99 6.20108
5829.16 9.74670
5829.25 12.7570
5829.33 17.2941
5829.41 24.7456
5829.50 37.6381
5829.58 62.6397
5829.62 83.7037
5829.66 112.975
5829.73 181.226
5829.80 225.713
5829.87 179.970
5829.93 112.746
5830.01 66.4508
5830.08 42.0942
5830.15 28.3906
5830.23 20.3510
5830.30 15.1791
5830.37 11.7653
5830.52 7.61541
5830.67 5.31725
5830.81 3.91801
5831.11 2.38085
5831.40 1.59626
5831.69 1.14582
5831.99 0.862088
5832.28 0.673138
5832.87 0.443598
5833.46 0.315609
5834.63 0.185409
5835.81 0.124260
5836.98 0.0913044
5839.33 0.0608074
5841.68 0.0530070
5844.03 0.0673033
5845.20 0.0959424
5846.38 0.181227
5846.96 0.298985
5847.55 0.619630
5847.84 1.04110
5847.99 1.44089
5848.14 2.12328
5848.28 3.45414
5848.36 4.65471
5848.43 6.56823
5848.51 9.98903
5848.58 16.6957
5848.62 22.8388
5848.65 32.3886
5848.69 48.8944
5848.72 76.9223
5848.76 123.385
5848.80 153.732
5848.84 123.175
5848.88 76.7581
5848.91 55.0416
5848.93 40.5657
5848.99 23.8701
5849.04 15.3084
5849.09 10.6334
5849.14 7.74348
5849.20 5.90771
5849.30 3.73978
5849.41 2.57605
5849.51 1.88189
5849.72 1.13413
5849.93 0.758284
5850.14 0.544258
5850.56 0.322691
5851.40 0.156310
5852.24 0.0957197
5853.92 0.0512004
5855.59 0.0353427
5858.95 0.0246810
5862.31 0.0231409
5865.66 0.0272872
5869.02 0.0429767
5870.70 0.0648079
5872.37 0.124676
5873.21 0.205205
5874.05 0.424664
5874.47 0.716366
5874.68 0.996834
5874.89 1.48474
5875.10 2.46062
5875.21 3.35947
5875.31 4.84007
5875.41 7.59352
5875.47 9.95748
5875.52 13.5043
5875.57 19.3933
5875.62 29.5587
5875.68 49.0276
5875.70 65.3831
5875.73 88.7306
5875.77 141.893
5875.81 177.271
5875.85 141.819
5875.90 88.5682
5875.94 56.4295
5875.97 37.9778
5876.01 26.6264
5876.05 19.6782
5876.13 11.8068
5876.20 7.85607
5876.28 5.56653
5876.36 4.14647
5876.51 2.56300
5876.66 1.73879
5876.82 1.26237
5877.12 0.757385
5877.43 0.511198
5877.74 0.373737
5878.35 0.235577
5879.58 0.144274
5880.81 0.132430
5882.04 0.169793
5883.26 0.311717
5883.88 0.511611
5884.19 0.707157
5884.49 1.05402
5884.80 1.75841
5884.95 2.42267
5885.11 3.54705
5885.26 5.70995
5885.34 7.61694
5885.41 10.6011
5885.49 15.7877
5885.57 25.7144
5885.61 34.4718
5885.64 47.6005
5885.68 68.4282
5885.72 101.962
5885.77 162.920
5885.81 203.525
5885.86 162.458
5885.91 101.602
5885.94 73.9738
5885.97 55.0172
5886.03 32.7920
5886.09 21.3640
5886.15 14.9040
5886.21 10.9485
5886.27 8.36805
5886.39 5.33445
5886.51 3.69535
5886.63 2.71399
5886.87 1.65161
5887.11 1.12274
5887.35 0.825471
5887.83 0.534963
5888.31 0.439503
5888.79 0.511043
5889.03 0.686953
5889.27 1.18923
5889.39 1.81923
5889.51 3.29085
5889.57 4.87711
5889.63 7.98359
5889.66 10.7465
5889.69 15.1046
5889.72 22.2988
5889.75 34.8507
5889.78 55.3501
5889.82 69.4439
5889.85 55.2440
5889.88 34.7640
5889.92 19.6837
5889.96 12.2086
5890.00 8.10156
5890.04 5.77846
5890.12 3.33269
5890.20 2.17251
5890.36 1.15112
5890.51 0.729420
5890.83 0.387040
5891.14 0.252211
5891.77 0.143876
5892.40 0.0995703
5894.92 0.0442997
5899.97 0.0219249
5905.01 0.0161975
5910.05 0.0143730
5920.13 0.0151074
5930.21 0.0200430
5935.25 0.0247789
5940.29 0.0322230
5945.33 0.0445218
5950.37 0.0666425
5952.90 0.0849143
5955.42 0.112197
5957.94 0.155529
5959.20 0.187408
5960.46 0.230286
5961.72 0.289890
5962.35 0.328743
5962.98 0.375952
5963.61 0.434072
5964.24 0.506704
5964.87 0.599047
5965.50 0.718812
5966.13 0.877801
5966.76 1.09474
5967.39 1.40059
5968.02 1.84898
5968.65 2.53766
5969.28 3.65371
5969.91 5.56298
5970.54 8.90595
5971.19 14.2180
5971.84 17.6199
5972.49 13.9753
5973.15 8.71557
5973.57 6.34589
5973.99 4.71251
5974.82 2.80469
5975.66 1.82541
5976.50 1.27229
5977.34 0.933408
5978.18 0.712687
5979.86 0.453176
5981.54 0.312825
5983.22 0.228776
5986.57 0.137546
5989.93 0.0917770
5993.29 0.0656349
5996.64 0.0493170
6000.00 0.0384556
6000.00 1.02154
7200.00 0.937559
7800.00 0.902595
8500.00 0.866137
10000.0 0.799856
12500.0 0.713691
14000.0 0.671860
15000.0 0.647011
17000.0 0.603129
20000.0 0.548527
25000.0 0.478207
30000.0 0.425048
35000.0 0.383307
40000.0 0.349610
45000.0 0.321815
50000.0 0.298489
60000.0 0.261514
67500.0 0.239856
72000.0 0.228706
85000.0 0.202252
99999.9 0.179254
100000 0.193000
150000 0.165000
200000 0.158000
300000 0.161000
400000 0.172000
500000 0.187000
600000 0.204000
620000 0.207000
639000 0.197500
640000 0.197000
660000 0.157000
680000 0.138000
700000 0.127000
800000 0.106000
874000 0.105630
874096 0.105630
1.00000E+06 0.105000
1.20000E+06 0.121400
1.40000E+06 0.137800
1.50000E+06 0.146000
1.52000E+06 0.146520
1.52008E+06 0.146522
1.60000E+06 0.148600
1.62000E+06 0.149120
1.62000E+06 0.149120
1.74000E+06 0.152240
1.74012E+06 0.152243
1.80000E+06 0.153800
1.93000E+06 0.157180
1.93088E+06 0.157203
2.00000E+06 0.159000
2.17000E+06 0.152200
2.17010E+06 0.152196
2.18000E+06 0.151800
2.18019E+06 0.151792
2.22000E+06 0.150200
2.26000E+06 0.148600
2.29700E+06 0.147120
2.29728E+06 0.147109
2.39000E+06 0.143400
2.39014E+06 0.143395
2.50000E+06 0.139000
2.50026E+06 0.138979
3.00000E+06 0.0970000
3.50000E+06 0.0760000
4.00000E+06 0.0560000
4.50000E+06 0.0390000
5.00000E+06 0.0200000
5.96700E+06 0.0103300
5.96747E+06 0.0103253
6.00000E+06 0.0100000
6.25600E+06 0.00872000
6.25655E+06 0.00871728
7.00000E+06 0.00500000
8.00000E+06 0.00366667
8.21600E+06 0.00337867
8.21670E+06 0.00337773
9.00000E+06 0.00233333
9.28700E+06 0.00195067
9.28782E+06 0.00194957
1.00000E+07 0.00100000
1.04300E+07 0.000957000
1.04306E+07 0.000956939
1.10000E+07 0.000900000
1.20000E+07 0.000800000
1.30000E+07 0.000700000
1.40000E+07 0.000600000
1.50000E+07 0.000500000
1.56000E+07 0.000440000
1.56015E+07 0.000439850
1.60000E+07 0.000400000
1.70000E+07 0.000300000
1.72900E+07 0.000271000
1.72912E+07 0.000270885
1.80000E+07 0.000200000
1.84300E+07 0.000157000
1.84317E+07 0.000156829
1.90000E+07 0.000100000
2.00000E+07 0.00000