Pt-196(n,g) JEFF-3.2
Energy(eV) XS(b)
1.00000E-05 29.3671
1.25000E-05 26.2667
1.50000E-05 23.9781
1.54719E-05 23.6097
1.92448E-05 21.1692
2.00000E-05 20.7657
2.19689E-05 19.8133
2.39378E-05 18.9810
2.75000E-05 17.7090
2.97753E-05 17.0190
3.50000E-05 15.6974
3.70363E-05 15.2597
4.15521E-05 14.4067
4.60679E-05 13.6824
5.00000E-05 13.1334
5.73020E-05 12.2681
7.12756E-05 10.9999
7.50000E-05 10.7233
8.86569E-05 9.86290
0.000100000 9.28668
0.000110277 8.84340
0.000137169 7.92927
0.000150000 7.58254
0.000170618 7.10964
0.000200000 6.56667
0.000212225 6.37473
0.000238102 6.01837
0.000263978 5.71579
0.000275000 5.60008
0.000301676 5.34675
0.000328352 5.12496
0.000350000 4.96393
0.000408423 4.59520
0.000500000 4.15312
0.000508021 4.12020
0.000538993 4.00008
0.000569964 3.88988
0.000631907 3.69431
0.000750000 3.39101
0.000786004 3.31243
0.000881840 3.12726
0.000977677 2.97003
0.00100000 2.93669
0.00105402 2.86044
0.00110805 2.78984
0.00121609 2.66302
0.00150000 2.39779
0.00151265 2.38775
0.00155876 2.35217
0.00160487 2.31813
0.00169709 2.25427
0.00188152 2.14093
0.00200000 2.07654
0.00234035 1.91962
0.00275000 1.77088
0.00291107 1.72119
0.00350000 1.56971
0.00362095 1.54327
0.00406245 1.45699
0.00450396 1.38374
0.00500000 1.31330
0.00560228 1.24070
0.00696846 1.11244
0.00750000 1.07229
0.00866777 0.997440
0.0100000 0.928619
0.0107815 0.894328
0.0134107 0.801872
0.0150000 0.758194
0.0166810 0.718971
0.0200000 0.656598
0.0207488 0.644639
0.0230244 0.611946
0.0253000 0.583770
0.0321022 0.518225
0.0376500 0.478510
0.0399307 0.464638
0.0447994 0.438653
0.0496681 0.416588
0.0500000 0.415202
0.0507363 0.412177
0.0514725 0.409217
0.0529450 0.403483
0.0558900 0.392702
0.0617800 0.373502
0.0750000 0.338966
0.0768457 0.334867
0.0815306 0.325095
0.0862156 0.316131
0.0955854 0.300222
0.100000 0.293514
0.109447 0.280546
0.118895 0.269156
0.147888 0.241296
0.150000 0.239589
0.158488 0.233074
0.166976 0.227063
0.183952 0.216312
0.200000 0.207435
0.228810 0.193906
0.275000 0.176831
0.284608 0.173811
0.317304 0.164584
0.350000 0.156681
0.354012 0.155788
0.364804 0.153457
0.375595 0.151228
0.397177 0.147045
0.440341 0.139621
0.500000 0.130985
0.547723 0.125118
0.681290 0.112106
0.750000 0.106810
0.847429 0.100432
1.00000 0.0923809
1.31113 0.0805515
1.50000 0.0752385
1.63086 0.0721101
2.00000 0.0649992
2.02856 0.0645312
2.09040 0.0635507
2.15223 0.0626127
2.27590 0.0608521
2.52324 0.0577260
2.75000 0.0552374
3.13856 0.0516159
3.50000 0.0488025
3.90392 0.0461325
4.85594 0.0412182
5.00000 0.0406005
5.52005 0.0385786
6.04010 0.0368298
7.50000 0.0329780
7.51304 0.0329492
7.55189 0.0328637
7.59075 0.0327790
7.66847 0.0326118
7.82391 0.0322858
8.13478 0.0316665
8.75652 0.0305477
10.0000 0.0287314
11.6241 0.0271370
14.4225 0.0274860
14.4587 0.0275416
14.5689 0.0277257
14.6791 0.0279338
14.8994 0.0284320
15.3402 0.0298531
16.2216 0.0358170
16.6624 0.0421858
17.1031 0.0541493
17.5439 0.0801026
17.7642 0.105997
17.9846 0.152946
18.1997 0.247974
18.3072 0.338458
18.4148 0.494836
18.5224 0.799952
18.5761 1.07432
18.6299 1.51990
18.6837 2.31109
18.7106 2.95582
18.7375 3.90204
18.7643 5.35878
18.7912 7.72652
18.8181 11.7957
18.8450 18.9701
18.8725 30.3603
18.9000 37.9711
18.9275 30.4044
18.9550 19.0253
18.9877 10.7661
19.0203 6.60097
19.0530 4.38174
19.0856 3.09763
19.1183 2.29815
19.1509 1.77056
19.2163 1.14275
19.2816 0.799375
19.3469 0.592015
19.4775 0.365234
19.6081 0.250612
19.7388 0.184780
20.0000 0.115914
20.2963 0.0793087
20.5926 0.0600011
21.1852 0.0411617
21.7777 0.0324733
22.3703 0.0276776
23.6527 0.0224071
24.9352 0.0198010
27.5000 0.0170849
27.8255 0.0168478
28.6737 0.0162931
29.5219 0.0158104
31.2182 0.0149964
34.6110 0.0137391
35.0000 0.0136161
36.0064 0.0133131
37.0128 0.0130295
39.0256 0.0125107
43.0512 0.0116225
50.0000 0.0104092
53.5496 0.00989917
61.7748 0.00891686
70.0000 0.00813985
75.0000 0.00774255
82.8512 0.00720854
100.000 0.00632975
128.186 0.00546656
150.000 0.00515728
159.445 0.00511143
179.723 0.00521486
200.000 0.00569132
223.346 0.00710650
235.019 0.00853170
246.692 0.0109887
251.647 0.0125817
263.735 0.0193010
269.779 0.0256798
275.823 0.0366750
281.868 0.0581142
284.890 0.0774598
287.912 0.109138
290.934 0.166430
292.445 0.214324
293.956 0.286910
295.467 0.404681
296.978 0.614777
297.734 0.787975
298.489 1.04691
299.245 1.45923
300.000 2.17526
300.412 2.81253
300.823 3.77782
301.235 5.34227
301.647 8.12731
301.750 9.16703
301.801 9.76333
301.852 10.4184
301.904 11.1431
301.955 11.9445
302.007 12.8372
302.058 13.8318
302.110 14.9487
302.161 16.2037
302.213 17.6263
302.264 19.2410
302.367 23.2169
302.470 28.5603
302.573 35.9740
302.676 46.6742
302.779 62.9091
302.881 89.1992
302.933 108.896
302.984 135.680
303.036 173.448
303.087 228.584
303.139 313.188
303.190 449.499
303.242 682.021
303.293 1086.28
303.347 1733.35
303.400 2163.95
303.454 1728.97
303.508 1077.68
303.554 712.472
303.599 489.400
303.644 351.114
303.690 261.926
303.781 159.930
303.871 106.973
303.962 76.3101
304.053 57.0717
304.235 35.2847
304.416 23.9191
304.598 17.2642
304.779 13.0394
304.961 10.1926
305.324 6.71447
305.687 4.75350
306.051 3.54043
306.414 2.73836
307.140 1.77728
307.867 1.24567
308.593 0.921139
309.320 0.708646
310.772 0.456569
312.225 0.318511
313.678 0.234829
315.131 0.180330
318.037 0.116038
320.943 0.0810337
323.848 0.0599079
326.754 0.0461966
332.566 0.0300865
338.377 0.0213556
344.189 0.0161078
350.000 0.0127152
362.939 0.00844798
375.877 0.00629382
401.754 0.00435506
438.254 0.00358598
474.754 0.00404891
500.000 0.00565259
516.371 0.00845872
524.556 0.0113152
532.742 0.0165789
536.834 0.0210471
540.927 0.0279143
545.020 0.0392627
549.112 0.0600493
551.159 0.0776418
553.205 0.104626
555.251 0.149121
557.298 0.230365
558.321 0.298908
559.344 0.403709
560.367 0.575726
561.390 0.887652
561.902 1.14898
562.414 1.54574
562.925 2.19065
563.437 3.34323
563.693 4.29494
563.948 5.71916
564.204 7.98864
564.332 9.66559
564.396 10.7097
564.460 11.9300
564.524 13.3730
564.588 15.0905
564.620 16.0771
564.652 17.1633
564.684 18.3628
564.716 19.6874
564.780 22.8135
564.844 26.7345
564.908 31.7585
564.972 38.3134
565.036 47.1101
565.099 59.2348
565.163 76.6149
565.227 102.564
565.291 143.580
565.355 212.521
565.387 265.262
565.419 337.001
565.451 436.135
565.483 571.222
565.542 914.130
565.600 1143.71
565.659 915.812
565.717 572.492
565.784 329.603
565.851 204.295
565.918 136.433
565.985 96.7746
566.052 71.8647
566.119 55.3581
566.253 35.6021
566.387 24.7427
566.521 18.1720
566.788 10.9719
567.056 7.32842
567.324 5.23731
567.592 3.92763
567.860 3.05378
568.395 1.99691
568.931 1.40679
569.467 1.04425
570.002 0.805763
571.074 0.521406
572.145 0.364877
573.217 0.269634
574.288 0.207428
576.431 0.133810
578.573 0.0935850
580.716 0.0692423
582.859 0.0534077
587.144 0.0347561
591.429 0.0246236
595.715 0.0185288
600.000 0.0145947
607.727 0.0103685
615.454 0.00807214
623.181 0.00683204
630.908 0.00637018
638.635 0.00687673
642.498 0.00782555
646.362 0.00984000
650.225 0.0144783
652.157 0.0192312
654.088 0.0280109
655.054 0.0354645
656.020 0.0469049
656.986 0.0657561
657.952 0.100093
658.435 0.128978
658.918 0.172986
659.401 0.244864
659.884 0.374253
660.125 0.481846
660.367 0.643974
660.608 0.904768
660.850 1.36365
660.970 1.73699
661.091 2.28679
661.212 3.14473
661.332 4.59035
661.453 7.30777
661.514 9.65647
661.574 13.3092
661.634 19.4232
661.695 30.5953
661.725 39.8773
661.755 53.5450
661.785 74.1739
661.815 105.194
661.837 134.662
661.858 168.329
661.900 210.280
661.942 168.200
661.985 105.089
662.020 69.7528
662.056 48.0647
662.091 34.5617
662.127 25.8253
662.197 15.7941
662.268 10.5805
662.339 7.55270
662.410 5.65374
662.552 3.49924
662.693 2.37428
662.835 1.71516
662.977 1.29654
663.118 1.01436
663.402 0.669538
663.685 0.474967
663.969 0.354559
664.252 0.274942
664.819 0.179470
665.386 0.126617
665.952 0.0943328
666.519 0.0731823
667.653 0.0480603
668.786 0.0342770
669.920 0.0259038
671.053 0.0204360
673.320 0.0139568
675.587 0.0104009
680.121 0.00680998
684.656 0.00510253
689.190 0.00414393
698.258 0.00313592
716.395 0.00231573
734.531 0.00196352
800.898 0.00152384
867.266 0.00142119
1000.00 0.00149052
1136.46 0.00181285
1245.33 0.00234246
1354.20 0.00341256
1413.59 0.00451635
1487.30 0.00719554
1524.15 0.00979116
1561.00 0.0144224
1579.42 0.0182646
1597.85 0.0240706
1616.27 0.0334948
1634.70 0.0504177
1643.91 0.0645186
1653.13 0.0858773
1662.34 0.120578
1671.55 0.182758
1676.16 0.234335
1680.76 0.311931
1685.37 0.436624
1689.98 0.656033
1692.28 0.834480
1694.58 1.09746
1696.89 1.50808
1699.19 2.20068
1701.49 3.50315
1702.64 4.63074
1703.79 6.38850
1704.95 9.33453
1706.10 14.7387
1706.67 19.2385
1707.25 25.8813
1707.83 35.9370
1708.40 51.1312
1709.20 81.6460
1710.00 101.841
1710.81 81.3042
1711.61 50.7237
1712.34 32.5731
1713.07 21.8666
1713.80 15.4317
1714.53 11.3810
1715.99 6.84528
1717.45 4.54140
1718.91 3.22431
1720.37 2.40609
1723.29 1.48725
1726.21 1.01218
1729.12 0.735920
1732.04 0.561711
1734.96 0.445257
1740.80 0.305171
1746.64 0.229205
1752.48 0.185946
1758.31 0.162308
1770.22 0.157402
1776.18 0.179968
1782.13 0.234046
1788.09 0.360964
1791.06 0.489716
1794.04 0.722977
1795.53 0.916976
1797.02 1.20854
1798.51 1.67510
1800.00 2.48858
1800.74 3.14450
1801.11 3.57491
1801.49 4.10092
1801.86 4.75288
1802.23 5.57410
1802.60 6.62805
1802.97 8.01065
1803.35 9.87782
1803.72 12.4652
1804.09 16.1971
1804.46 21.8363
1804.83 30.8638
1805.21 46.3766
1805.39 58.4635
1805.58 75.2541
1805.76 98.8721
1805.95 131.883
1806.27 209.998
1806.58 264.048
1806.90 213.322
1807.22 133.436
1807.60 75.4985
1807.97 46.2125
1808.35 30.6065
1808.73 21.5972
1809.10 15.9758
1809.48 12.2763
1810.23 7.87085
1810.99 5.46410
1811.74 4.01188
1813.25 2.42594
1814.75 1.62600
1816.26 1.16741
1817.76 0.880421
1819.27 0.688972
1822.28 0.457274
1825.29 0.327688
1828.31 0.247812
1831.32 0.195033
1837.34 0.131613
1843.37 0.0962254
1855.42 0.0597925
1867.46 0.0420905
1879.51 0.0320234
1903.61 0.0214387
1927.71 0.0162618
1951.81 0.0134453
2000.00 0.0112376
2051.61 0.0122814
2077.41 0.0145840
2103.21 0.0193896
2129.01 0.0302194
2141.91 0.0411654
2154.82 0.0611899
2161.27 0.0780651
2167.72 0.103810
2174.17 0.145918
2180.62 0.221845
2183.84 0.285109
2187.07 0.380590
2190.29 0.534582
2193.52 0.806764
2195.13 1.02902
2195.94 1.17652
2196.75 1.35798
2197.55 1.58528
2197.96 1.72077
2198.36 1.87439
2198.76 2.04951
2199.16 2.25031
2199.57 2.48205
2199.97 2.75136
2200.37 3.06765
2200.78 3.44042
2201.18 3.88500
2201.58 4.42086
2201.99 5.07448
2202.39 5.88256
2202.79 6.89696
2203.20 8.19280
2203.60 9.88654
2204.00 12.1412
2204.41 15.2311
2204.81 19.5993
2205.21 25.9965
2205.61 35.7276
2206.02 51.0411
2206.42 75.3288
2206.93 120.512
2207.43 151.726
2207.94 122.147
2208.45 76.2178
2208.82 53.3737
2209.18 38.3763
2209.55 28.4906
2209.92 21.8053
2210.65 13.7775
2211.38 9.42070
2212.11 6.81891
2212.85 5.15535
2214.31 3.23311
2215.78 2.21202
2217.24 1.60711
2218.71 1.21999
2220.17 0.957571
2223.10 0.635089
2226.03 0.452120
2228.96 0.338476
2231.89 0.263118
2237.75 0.172573
2243.61 0.122350
2249.47 0.0916480
2255.33 0.0715357
2267.05 0.0477004
2278.77 0.0347097
2290.49 0.0269270
2302.21 0.0219786
2325.65 0.0166552
2349.09 0.0152760
2360.81 0.0166505
2366.67 0.0185997
2372.53 0.0225355
2378.39 0.0313865
2381.32 0.0403680
2384.25 0.0568657
2385.72 0.0708143
2387.18 0.0921535
2388.65 0.127171
2390.11 0.190600
2390.84 0.243694
2391.58 0.324050
2392.31 0.454508
2393.04 0.686482
2393.41 0.877789
2393.77 1.16224
2394.14 1.61289
2394.51 2.38900
2394.87 3.90238
2395.06 5.25577
2395.24 7.44657
2395.42 11.3177
2395.51 14.4783
2395.60 19.0484
2395.70 26.1215
2395.74 31.1211
2395.79 37.4051
2395.83 45.7706
2395.88 56.8148
2395.93 71.4623
2395.97 90.2287
2396.02 115.564
2396.07 144.508
2396.16 180.382
2396.21 169.885
2396.26 144.390
2396.35 90.6060
2396.42 63.5584
2396.49 45.7258
2396.56 33.9625
2396.63 26.0986
2396.76 16.5482
2396.90 11.3375
2397.04 8.22184
2397.18 6.22308
2397.45 3.91097
2397.72 2.68041
2398.00 1.95045
2398.27 1.48284
2398.55 1.16562
2399.09 0.774936
2399.64 0.553563
2400.19 0.415939
2400.74 0.324607
2401.84 0.214684
2402.93 0.153694
2404.03 0.116323
2405.12 0.0918213
2407.32 0.0626664
2409.51 0.0466512
2413.90 0.0305713
2418.28 0.0230697
2422.67 0.0189873
2431.44 0.0149694
2448.98 0.0123729
2466.53 0.0119638
2501.61 0.0135782
2536.70 0.0181879
2554.25 0.0223766
2571.79 0.0289154
2589.33 0.0397568
2606.88 0.0594952
2615.65 0.0760404
2624.42 0.101146
2633.19 0.141904
2641.96 0.214607
2646.35 0.274514
2650.74 0.363988
2655.12 0.506194
2657.31 0.611017
2658.41 0.676161
2659.51 0.752257
2660.60 0.842067
2661.70 0.948870
2662.25 1.01017
2662.80 1.07747
2663.89 1.23387
2664.99 1.42702
2666.09 1.66881
2667.18 1.97748
2668.28 2.37899
2669.38 2.91507
2670.47 3.65036
2671.57 4.69620
2672.67 6.24427
2673.76 8.65899
2674.86 12.6500
2675.41 15.6485
2675.95 19.6831
2676.50 25.1535
2677.05 32.5126
2678.11 52.0535
2679.16 65.4694
2680.22 52.7642
2681.27 33.0591
2682.52 18.7240
2683.76 11.4720
2685.01 7.60168
2686.25 5.36052
2687.50 3.96566
2688.74 3.04513
2691.23 1.95061
2693.72 1.35267
2696.21 0.991912
2701.19 0.598052
2706.17 0.399482
2711.15 0.285768
2716.13 0.214680
2721.11 0.167319
2731.07 0.110148
2741.03 0.0783025
2750.99 0.0587852
2760.95 0.0459820
2780.87 0.0308063
2800.79 0.0225621
2820.72 0.0176653
2840.64 0.0146046
2880.48 0.0114788
2920.32 0.0107999
2960.16 0.0125867
2980.08 0.0151676
3000.00 0.0203385
3019.48 0.0315779
3029.22 0.0428631
3038.95 0.0634438
3043.82 0.0807576
3048.69 0.107129
3053.56 0.150182
3058.43 0.227636
3060.87 0.292010
3063.30 0.388919
3065.74 0.544765
3068.17 0.818776
3069.39 1.04154
3070.60 1.36938
3071.21 1.59491
3071.82 1.88052
3072.43 2.25080
3072.73 2.47779
3073.04 2.74076
3073.34 3.04873
3073.65 3.40999
3073.95 3.84039
3074.26 4.35493
3074.56 4.98109
3074.87 5.74759
3075.17 6.70206
3075.47 7.90967
3075.78 9.47137
3076.08 11.5197
3076.39 14.2784
3076.69 18.0937
3077.00 23.5483
3077.30 31.5306
3077.60 43.5324
3077.91 61.5947
3078.34 98.7441
3078.77 124.102
3078.98 117.156
3079.20 99.8123
3079.63 62.4945
3079.93 44.4310
3080.22 32.3498
3080.52 24.2509
3080.82 18.6996
3081.41 11.9457
3082.01 8.22292
3082.60 5.97901
3083.20 4.53574
3084.38 2.85867
3085.57 1.96176
3086.76 1.42884
3087.95 1.08681
3089.14 0.854459
3091.51 0.568210
3093.89 0.405524
3096.27 0.304285
3098.64 0.237108
3103.40 0.156273
3108.15 0.111402
3112.90 0.0839562
3117.66 0.0659722
3127.16 0.0446602
3136.67 0.0330556
3155.68 0.0216823
3174.69 0.0167699
3193.71 0.0145666
3231.73 0.0141399
3269.76 0.0179038
3288.77 0.0221696
3307.78 0.0295609
3326.80 0.0433054
3336.30 0.0549230
3345.81 0.0726203
3355.32 0.101450
3364.82 0.153048
3369.58 0.195673
3374.33 0.259487
3379.08 0.361217
3383.84 0.537982
3385.02 0.602359
3386.20 0.679053
3387.38 0.771401
3388.57 0.883943
3389.16 0.949725
3389.75 1.02298
3390.34 1.10516
3390.93 1.19745
3391.53 1.30192
3392.12 1.42037
3393.30 1.71094
3394.48 2.09984
3395.66 2.63547
3396.85 3.39978
3398.03 4.53719
3399.21 6.32400
3400.40 9.31063
3400.99 11.5792
3401.58 14.6528
3402.17 18.8604
3402.76 24.5776
3403.87 39.3858
3404.97 49.4713
3406.08 39.7378
3407.18 24.8462
3408.25 15.5341
3409.31 10.2167
3410.37 7.10112
3411.44 5.17805
3412.50 3.92352
3413.57 3.06794
3415.70 2.01487
3417.83 1.42021
3419.95 1.05343
3424.21 0.644703
3428.47 0.434700
3432.73 0.312935
3436.99 0.236166
3441.24 0.184712
3449.76 0.122185
3458.28 0.0871248
3466.79 0.0655384
3475.31 0.0513305
3492.34 0.0344299
3509.37 0.0252249
3526.40 0.0197680
3543.43 0.0164027
3577.50 0.0133372
3594.53 0.0132900
3611.56 0.0146153
3628.59 0.0187766
3637.11 0.0233421
3645.62 0.0319383
3649.88 0.0392842
3654.14 0.0505826
3658.40 0.0692109
3662.65 0.103115
3664.78 0.131601
3666.91 0.174952
3669.04 0.245625
3671.17 0.372488
3672.23 0.477714
3673.30 0.635664
3674.36 0.888974
3675.43 1.33194
3676.49 2.21556
3677.02 3.02840
3677.56 4.38325
3677.82 5.42621
3678.09 6.88511
3678.22 7.84195
3678.35 9.00893
3678.49 10.4508
3678.62 12.2583
3678.75 14.5615
3678.89 17.5508
3679.02 21.5111
3679.15 26.8775
3679.28 34.3263
3679.42 44.9088
3679.55 60.1987
3679.68 82.1996
3679.89 131.682
3680.10 164.787
3680.21 155.176
3680.32 132.021
3680.53 82.6568
3680.69 56.1507
3680.86 39.4418
3681.02 28.7167
3681.19 21.6910
3681.52 13.4522
3681.85 9.09646
3682.18 6.53192
3682.51 4.90888
3683.17 3.05764
3683.83 2.08259
3684.49 1.50958
3685.16 1.14394
3685.82 0.897265
3687.14 0.594858
3688.46 0.423826
3689.79 0.317822
3691.11 0.247678
3693.75 0.163442
3696.40 0.116778
3699.05 0.0882740
3701.69 0.0696146
3706.98 0.0474956
3712.27 0.0354367
3722.86 0.0235618
3733.44 0.0183583
3744.02 0.0159481
3765.19 0.0152516
3786.35 0.0191630
3796.94 0.0241078
3807.52 0.0336264
3812.81 0.0418038
3818.10 0.0543882
3823.39 0.0751245
3828.68 0.112783
3831.33 0.144340
3833.98 0.192231
3836.62 0.270001
3839.27 0.408733
3840.59 0.523097
3841.91 0.693936
3843.24 0.965489
3844.56 1.43490
3845.88 2.35389
3846.21 2.72246
3846.54 3.18426
3846.87 3.77319
3847.20 4.53724
3847.37 5.01125
3847.54 5.55886
3847.70 6.20396
3847.87 6.96089
3848.03 7.86791
3848.20 8.95223
3848.53 11.8895
3848.69 13.9205
3848.86 16.4722
3849.02 19.7449
3849.19 24.0093
3849.35 29.6938
3849.52 37.2826
3849.68 47.5401
3849.85 61.2916
3850.17 98.2163
3850.49 123.200
3850.65 116.222
3850.81 98.9208
3851.14 61.9340
3851.49 36.5794
3851.83 23.1032
3852.18 15.6068
3852.53 11.1622
3852.88 8.33558
3853.23 6.45013
3853.93 4.17376
3854.63 2.91365
3855.33 2.14667
3856.73 1.30239
3858.13 0.873467
3859.52 0.626526
3860.92 0.471584
3862.32 0.368066
3865.12 0.242716
3867.91 0.172625
3870.71 0.129523
3873.50 0.101149
3879.10 0.0673092
3884.69 0.0486826
3890.28 0.0373634
3895.87 0.0299879
3907.06 0.0213196
3918.24 0.0166709
3940.61 0.0123012
3962.97 0.0106938
3985.34 0.0103552
4030.08 0.0121103
4074.81 0.0179453
4097.18 0.0240100
4119.55 0.0348772
4141.92 0.0568912
4153.10 0.0774111
4164.28 0.112070
4175.47 0.177507
4181.06 0.234532
4186.65 0.324484
4189.45 0.390301
4190.85 0.430991
4192.24 0.478384
4193.64 0.534029
4195.04 0.599940
4195.74 0.637547
4196.44 0.678784
4197.14 0.724128
4197.84 0.774138
4199.23 0.890895
4200.63 1.03587
4202.03 1.21877
4203.43 1.45377
4204.83 1.76211
4206.22 2.17666
4207.62 2.74999
4209.02 3.56848
4210.33 4.69338
4211.65 6.37790
4212.96 8.97523
4214.27 12.9910
4216.01 20.7826
4217.75 26.0084
4218.62 24.5001
4219.49 20.8395
4221.23 13.0315
4222.62 8.80688
4224.01 6.14985
4225.40 4.46560
4226.79 3.36096
4229.57 2.07666
4232.35 1.39937
4235.13 1.00321
4237.91 0.753083
4243.47 0.468031
4249.03 0.318435
4254.59 0.230534
4260.15 0.174588
4265.71 0.136818
4276.83 0.0905904
4287.96 0.0644674
4299.08 0.0482848
4310.20 0.0375734
4332.44 0.0247200
4354.68 0.0175953
4376.92 0.0132374
4399.16 0.0103783
4443.64 0.00697738
4488.13 0.00510923
4532.61 0.00397670
4577.09 0.00324357
4666.06 0.00241119
4755.02 0.00207118
4799.51 0.00209620
4843.99 0.00247636
4866.23 0.00311420
4877.35 0.00377697
4888.47 0.00500932
4899.59 0.00767858
4905.15 0.0103565
4910.71 0.0152637
4913.49 0.0194166
4916.27 0.0257796
4919.05 0.0362543
4921.83 0.0553282
4923.22 0.0713699
4924.61 0.0958184
4926.00 0.135764
4927.39 0.207708
4928.09 0.267552
4928.78 0.357770
4929.48 0.502984
4930.17 0.758876
4930.52 0.967455
4930.87 1.27428
4931.22 1.75521
4931.56 2.56492
4931.91 4.09488
4932.08 5.42231
4932.26 7.48423
4932.43 10.9652
4932.52 13.6505
4932.61 17.3924
4932.69 22.7715
4932.74 26.4022
4932.78 30.7572
4932.82 36.2630
4932.87 42.9351
4932.91 51.1818
4932.95 61.2817
4933.01 78.6466
4933.07 98.1975
4933.19 123.016
4933.25 115.736
4933.31 98.4772
4933.43 61.4986
4933.56 36.1007
4933.69 22.7581
4933.82 15.3730
4933.95 10.9859
4934.08 8.20550
4934.21 6.34603
4934.47 4.10527
4934.73 2.86497
4934.99 2.11004
4935.51 1.27895
4936.03 0.856693
4936.55 0.613556
4937.07 0.460983
4937.59 0.359038
4938.63 0.235487
4939.67 0.166471
4940.71 0.124017
4941.75 0.0960593
4943.83 0.0626840
4945.91 0.0442999
4947.99 0.0331040
4950.07 0.0257849
4954.23 0.0171134
4958.39 0.0123697
4962.55 0.00949583
4966.71 0.00762482
4975.04 0.00541743
4983.36 0.00421638
5000.00 0.00302576
5029.43 0.00225780
5058.86 0.00201828
5117.71 0.00214899
5147.14 0.00260033
5161.85 0.00306721
5176.57 0.00390338
5191.28 0.00559685
5198.64 0.00717595
5205.99 0.00984597
5213.35 0.0149002
5217.03 0.0193213
5220.71 0.0263254
5224.39 0.0384083
5228.07 0.0619799
5229.90 0.0832505
5231.74 0.118056
5233.58 0.180882
5234.50 0.233294
5235.42 0.312397
5236.11 0.401606
5236.80 0.535458
5237.49 0.749512
5238.18 1.12243
5238.87 1.86296
5239.21 2.54011
5239.55 3.66187
5239.90 5.72233
5240.07 7.45159
5240.24 10.0722
5240.33 11.9133
5240.41 14.2845
5240.50 17.3965
5240.59 21.5655
5240.67 27.2714
5240.76 35.2394
5240.84 46.5179
5240.93 62.3909
5241.00 80.0457
5241.08 99.9778
5241.22 125.179
5241.29 117.936
5241.36 100.410
5241.51 62.9442
5241.64 40.7203
5241.77 27.5483
5241.89 19.5433
5242.02 14.4587
5242.28 8.73148
5242.53 5.80072
5242.79 4.11946
5243.05 3.07130
5243.56 1.89137
5244.07 1.27930
5244.58 0.922185
5245.09 0.696034
5245.61 0.543913
5246.63 0.358295
5247.65 0.253910
5248.68 0.189402
5249.70 0.146779
5251.75 0.0957242
5253.80 0.0675082
5255.85 0.0502794
5257.90 0.0390046
5261.99 0.0256252
5266.09 0.0182952
5270.19 0.0138507
5274.28 0.0109551
5282.48 0.00753873
5290.67 0.00567945
5307.06 0.00383483
5323.45 0.00299170
5339.84 0.00254627
5372.61 0.00213907
5438.16 0.00197955
5503.72 0.00213862
5569.27 0.00253952
5634.82 0.00337695
5667.60 0.00422091
5700.37 0.00606173
5716.76 0.00824826
5724.95 0.0103026
5733.15 0.0139364
5741.34 0.0215269
5745.44 0.0290009
5749.54 0.0425430
5751.58 0.0539138
5753.63 0.0712288
5755.68 0.0995491
5757.73 0.150624
5758.75 0.193251
5759.78 0.257621
5760.80 0.361595
5761.83 0.545788
5762.34 0.696479
5762.85 0.919978
5763.36 1.27180
5763.87 1.87214
5764.39 3.02157
5764.64 4.03536
5764.90 5.64937
5765.03 6.83759
5765.15 8.43265
5765.28 10.6358
5765.41 13.7818
5765.47 15.8750
5765.54 18.4499
5765.60 21.6515
5765.67 25.6751
5765.73 30.7815
5765.79 37.3094
5765.86 45.6705
5765.92 56.2863
5766.00 72.0869
5766.07 90.2982
5766.23 114.041
5766.30 107.980
5766.38 92.1673
5766.53 57.7449
5766.64 39.9256
5766.76 28.3750
5766.87 20.8752
5766.99 15.8654
5767.21 9.93316
5767.44 6.74948
5767.67 4.86676
5767.90 3.66833
5768.35 2.29248
5768.81 1.56550
5769.27 1.13631
5769.72 0.862286
5770.18 0.676856
5771.09 0.449378
5772.00 0.320528
5772.91 0.240589
5773.83 0.187624
5775.65 0.124040
5777.47 0.0888035
5779.30 0.0672816
5781.12 0.0531942
5784.77 0.0365186
5788.42 0.0274419
5795.71 0.0185158
5803.01 0.0145650
5810.31 0.0126152
5824.90 0.0112147
5854.08 0.0122001
5883.27 0.0160390
5912.45 0.0239131
5927.04 0.0307511
5941.63 0.0413450
5956.23 0.0589533
5970.82 0.0913647
5978.11 0.118881
5985.41 0.161167
5992.71 0.230957
5994.53 0.255523
5996.35 0.284220
5998.18 0.318022
6000.00 0.358177
6001.50 0.397284
6003.01 0.443109
6004.51 0.497261
6006.02 0.561809
6007.52 0.639651
6009.02 0.734560
6010.53 0.851783
6012.03 0.998572
6013.53 1.18565
6015.04 1.42835
6016.54 1.74972
6018.05 2.18465
6019.55 2.78837
6021.05 3.64574
6022.56 4.88445
6024.06 6.66698
6026.44 10.6891
6028.82 13.4752
6030.01 12.7455
6031.20 10.8706
6033.58 6.80674
6035.79 4.32736
6038.00 2.88033
6040.20 2.01929
6042.41 1.48104
6046.82 0.884149
6051.24 0.583336
6055.65 0.412381
6060.07 0.306529
6068.90 0.188117
6077.72 0.127055
6086.55 0.0915732
6095.38 0.0691700
6104.21 0.0541368
6121.87 0.0358523
6139.53 0.0255905
6157.18 0.0192691
6174.84 0.0151079
6210.15 0.0101666
6245.47 0.00752234
6280.78 0.00630771
6289.61 0.00644007
6298.44 0.00740772
6302.86 0.00900408
6307.27 0.0137353
6309.48 0.0203443
6311.68 0.0387938
6312.79 0.0637464
6313.89 0.131026
6314.44 0.218574
6314.99 0.441770
6315.27 0.711786
6315.55 1.33080
6315.68 1.98844
6315.82 3.25666
6315.89 4.36698
6315.96 6.09039
6316.03 8.87363
6316.10 13.4124
6316.18 21.4117
6316.26 26.8228
6316.34 21.4087
6316.42 13.4100
6316.50 8.62074
6316.57 5.78731
6316.65 4.08366
6316.72 3.02163
6316.87 1.82088
6317.01 1.20898
6317.31 0.639732
6317.60 0.395391
6318.19 0.194702
6318.78 0.116609
6319.96 0.0566858
6321.13 0.0345578
6323.49 0.0181541
6325.84 0.0122248
6330.55 0.00785518
6335.26 0.00624707
6344.68 0.00498264
6354.10 0.00444203
6391.78 0.00358241
6467.13 0.00297894
6542.49 0.00299403
6561.33 0.00321023
6580.17 0.00384363
6589.59 0.00471550
6594.30 0.00558153
6599.01 0.00715975
6603.72 0.0105306
6606.07 0.0138856
6608.43 0.0199935
6610.78 0.0329824
6611.96 0.0458295
6613.14 0.0690069
6614.31 0.117599
6614.90 0.164857
6615.49 0.248413
6616.08 0.418390
6616.67 0.849683
6616.96 1.37168
6617.11 1.83030
6617.26 2.55924
6617.40 3.81307
6617.55 6.21266
6617.62 8.31426
6617.70 11.5065
6617.77 16.6812
6617.84 24.9201
6617.89 31.9849
6617.93 39.8848
6618.02 49.9365
6618.11 40.0175
6618.20 25.0235
6618.25 18.5441
6618.31 13.9719
6618.42 8.51689
6618.52 5.62741
6618.63 3.96164
6618.74 2.92780
6618.84 2.24680
6619.06 1.43844
6619.27 0.997469
6619.49 0.731639
6619.91 0.441581
6620.34 0.295162
6620.77 0.211536
6621.63 0.124381
6622.48 0.0822380
6623.34 0.0587635
6625.05 0.0348609
6626.77 0.0235657
6628.48 0.0173532
6631.90 0.0111142
6635.33 0.00820695
6638.76 0.00662753
6645.61 0.00507276
6659.31 0.00403070
6673.02 0.00376260
6700.42 0.00387013
6727.83 0.00446508
6755.24 0.00583671
6768.94 0.00719381
6782.65 0.00964437
6796.35 0.0148306
6803.20 0.0199670
6810.06 0.0292988
6813.48 0.0371431
6816.91 0.0491028
6820.33 0.0686660
6823.76 0.103983
6825.47 0.133438
6827.19 0.177965
6828.90 0.249917
6830.61 0.377445
6831.47 0.481902
6832.33 0.636722
6833.18 0.880889
6834.04 1.29742
6834.90 2.09713
6835.32 2.80286
6835.75 3.92806
6835.97 4.76209
6836.18 5.87880
6836.39 7.42407
6836.61 9.63598
6836.72 11.1109
6836.82 12.9286
6836.93 15.1935
6837.04 18.0470
6837.14 21.6791
6837.25 26.3382
6837.36 32.3288
6837.46 39.9666
6837.59 51.2780
6837.72 64.2390
6837.97 81.2857
6838.09 77.0172
6838.22 65.7819
6838.47 41.2504
6838.70 26.2302
6838.93 17.4545
6839.16 12.2333
6839.39 8.98164
6839.86 5.35924
6840.32 3.53727
6840.78 2.49972
6841.25 1.85852
6842.17 1.14027
6843.10 0.769873
6844.03 0.554592
6844.96 0.418627
6845.88 0.327351
6847.74 0.216286
6849.59 0.153884
6851.44 0.115384
6853.30 0.0899788
6857.01 0.0596073
6860.71 0.0428478
6864.42 0.0326424
6868.13 0.0259784
6875.55 0.0181129
6882.96 0.0138486
6897.79 0.00968431
6912.63 0.00787295
6927.46 0.00701239
6957.12 0.00650023
7016.45 0.00747035
7075.77 0.0103842
7105.44 0.0129648
7135.10 0.0169097
7164.76 0.0232942
7194.43 0.0345552
7224.09 0.0571983
7238.92 0.0782351
7253.75 0.113655
7257.46 0.126308
7261.17 0.141201
7264.88 0.158888
7266.73 0.169001
7268.59 0.180106
7270.44 0.192336
7272.29 0.205847
7274.15 0.220819
7276.00 0.237469
7279.71 0.276873
7283.42 0.326755
7287.13 0.391103
7290.83 0.475846
7294.54 0.590141
7298.25 0.748506
7301.96 0.974553
7305.67 1.30721
7309.37 1.80920
7313.08 2.56750
7318.28 4.11148
7323.47 5.16983
7326.07 4.88379
7328.67 4.16247
7333.86 2.60600
7337.55 1.83762
7341.23 1.32760
7344.92 0.989210
7348.60 0.759219
7355.97 0.481888
7363.34 0.330422
7370.71 0.239796
7378.08 0.181656
7392.82 0.114402
7407.57 0.0786274
7422.31 0.0574277
7451.79 0.0346877
7481.27 0.0234498
7510.75 0.0171412
7540.23 0.0133067
7569.71 0.0108733
7628.68 0.00843256
7687.64 0.00859065
7717.12 0.0105221
7731.86 0.0127417
7746.60 0.0169697
7761.34 0.0261632
7768.72 0.0353292
7776.09 0.0519446
7779.77 0.0658423
7783.46 0.0868869
7787.14 0.120969
7790.83 0.181557
7792.67 0.231309
7794.51 0.305301
7796.35 0.422358
7798.20 0.623254
7800.04 1.01191
7800.96 1.35811
7801.42 1.60160
7801.88 1.91525
7802.34 2.33020
7802.80 2.89266
7803.03 3.25223
7803.26 3.67902
7803.49 4.19243
7803.72 4.81639
7803.96 5.58684
7804.19 6.54114
7804.42 7.74256
7804.65 9.27413
7804.88 11.2594
7805.11 13.8340
7805.34 17.1957
7805.57 21.5424
7805.82 27.5870
7806.07 34.4505
7806.58 42.9247
7806.83 40.3222
7807.09 34.2364
7807.59 21.3953
7807.97 14.8058
7808.35 10.5385
7808.73 7.76506
7809.11 5.91380
7809.87 3.71052
7810.63 2.52665
7811.39 1.82423
7812.15 1.37707
7813.67 0.862522
7815.19 0.590247
7816.71 0.429342
7818.23 0.326536
7819.74 0.256933
7822.78 0.171503
7825.82 0.123092
7828.86 0.0930523
7831.90 0.0731503
7837.97 0.0492717
7844.05 0.0360646
7850.12 0.0280295
7856.20 0.0228068
7868.35 0.0167446
7880.50 0.0136401
7904.81 0.0113909
7929.11 0.0124331
7941.26 0.0145695
7953.42 0.0189620
7965.57 0.0287563
7971.64 0.0385837
7977.72 0.0564396
7980.76 0.0713884
7983.80 0.0940502
7986.83 0.130793
7989.87 0.196215
7991.39 0.250006
7992.91 0.330175
7994.43 0.457207
7995.95 0.676028
7997.47 1.10121
7998.23 1.48246
7998.99 2.09877
7999.37 2.56040
7999.75 3.18928
8000.13 4.07418
8000.32 4.65666
8000.51 5.36412
8000.70 6.24282
8000.89 7.34301
8001.08 8.73928
8001.26 10.5254
8001.45 12.8655
8001.64 15.9508
8001.83 20.0378
8002.02 25.3697
8002.22 32.4893
8002.42 40.5926
8002.82 50.8135
8003.02 47.8599
8003.21 40.7268
8003.61 25.4736
8003.99 16.0294
8004.37 10.6024
8004.74 7.40217
8005.12 5.41403
8005.88 3.22005
8006.63 2.12140
8007.38 1.49826
8008.14 1.11362
8009.65 0.683978
8011.16 0.462606
8012.66 0.334087
8014.17 0.252985
8015.68 0.198606
8018.70 0.132439
8021.72 0.0953142
8024.73 0.0724294
8027.75 0.0573574
8033.79 0.0393951
8039.82 0.0295589
8051.89 0.0198697
8063.96 0.0156548
8076.03 0.0137305
8100.17 0.0131285
8116.82 0.0144086
8133.47 0.0172100
8150.12 0.0223871
8166.77 0.0321770
8175.10 0.0404462
8183.42 0.0529739
8191.75 0.0731751
8200.07 0.108744
8208.40 0.180120
8212.56 0.246284
8216.72 0.357336
8218.80 0.443469
8219.84 0.498662
8220.88 0.564691
8221.92 0.644706
8222.96 0.742672
8224.01 0.864511
8224.53 0.936698
8225.05 1.01812
8226.09 1.21558
8227.13 1.47435
8228.17 1.82118
8229.21 2.29745
8230.25 2.97097
8231.29 3.94811
8232.33 5.39922
8233.37 7.54618
8234.90 12.0701
8236.43 15.0662
8237.20 14.1665
8237.96 12.0326
8239.49 7.51580
8240.44 5.52834
8241.39 4.13966
8243.30 2.49109
8245.20 1.63251
8247.11 1.14331
8249.01 0.841860
8250.91 0.644493
8254.72 0.411418
8258.53 0.284939
8262.33 0.208957
8269.95 0.126311
8277.56 0.0847778
8285.18 0.0610314
8292.79 0.0461993
8300.40 0.0363218
8315.63 0.0243982
8330.86 0.0177530
8346.09 0.0136776
8361.32 0.0110038
8391.78 0.00783975
8422.23 0.00613669
8483.15 0.00457339
8544.06 0.00415641
8604.97 0.00463023
8635.43 0.00554158
8650.66 0.00644810
8665.89 0.00806978
8681.12 0.0114571
8688.73 0.0147827
8696.34 0.0207958
8700.15 0.0258385
8703.96 0.0335197
8707.77 0.0460820
8711.57 0.0687788
8713.48 0.0877405
8715.38 0.116437
8717.28 0.162947
8719.19 0.245647
8720.14 0.313634
8721.09 0.414918
8722.04 0.575322
8722.99 0.851038
8723.95 1.38651
8724.42 1.86564
8724.90 2.64015
8725.14 3.21879
8725.37 4.00603
8725.61 5.11190
8725.85 6.72577
8725.97 7.82089
8726.09 9.19014
8726.21 10.9252
8726.33 13.1542
8726.44 16.0559
8726.56 19.8746
8726.68 24.9245
8726.80 31.4827
8726.93 40.3805
8727.05 50.5404
8727.30 63.6828
8727.43 60.1933
8727.55 51.3293
8727.80 32.1613
8728.05 19.7888
8728.30 12.8536
8728.55 8.85857
8728.80 6.41919
8729.05 4.84298
8729.30 3.77389
8729.80 2.46735
8730.30 1.73429
8730.80 1.28408
8731.80 0.784707
8732.80 0.528730
8733.80 0.380653
8734.80 0.287441
8735.80 0.225071
8737.80 0.149286
8739.80 0.106839
8741.80 0.0807014
8743.80 0.0634835
8747.80 0.0429457
8751.80 0.0316592
8759.79 0.0203933
8767.79 0.0152453
8775.79 0.0125573
8791.78 0.0102146
8823.77 0.00983988
8855.76 0.0121504
8887.75 0.0180048
8903.75 0.0238215
8919.74 0.0341747
8935.74 0.0554149
8943.73 0.0757014
8951.73 0.111056
8959.73 0.181298
8963.73 0.245882
8967.73 0.353483
8969.73 0.436383
8970.73 0.489284
8971.73 0.552359
8972.73 0.628514
8973.72 0.721356
8974.72 0.836270
8975.72 0.980324
8976.72 1.16431
8977.72 1.40352
8978.72 1.72118
8979.72 2.15246
8980.72 2.75411
8981.72 3.61277
8982.72 4.86442
8983.72 6.68356
8985.27 10.7429
8986.81 13.6857
8987.58 13.0301
8988.35 11.1727
8989.89 7.03019
8991.28 4.53007
8992.66 3.04397
8994.05 2.14870
8995.44 1.58435
8998.21 0.953916
9000.99 0.634141
9003.76 0.451730
9006.53 0.338554
9012.08 0.211905
9017.63 0.146744
9023.18 0.109130
9034.27 0.0702081
9045.37 0.0523331
9056.46 0.0436730
9078.65 0.0399925
9100.84 0.0503431
9111.94 0.0636811
9123.03 0.0885512
9134.13 0.139431
9139.67 0.186644
9145.22 0.265504
9147.99 0.326256
9149.38 0.365005
9150.77 0.411232
9152.16 0.466950
9153.54 0.534885
9154.93 0.618787
9155.62 0.668253
9156.32 0.723827
9157.70 0.857670
9159.09 1.03124
9160.48 1.26093
9161.86 1.57178
9163.25 2.00251
9164.64 2.61316
9166.02 3.49311
9167.41 4.75435
9169.63 7.60485
9171.84 9.50739
9172.95 8.95033
9174.05 7.61210
9176.26 4.76452
9177.93 3.28950
9179.61 2.33737
9181.28 1.72062
9182.95 1.30943
9186.30 0.822746
9189.64 0.561868
9192.99 0.407640
9196.33 0.309560
9203.02 0.197082
9209.72 0.137833
9216.41 0.103050
9229.79 0.0663961
9243.17 0.0491264
9256.55 0.0404453
9283.32 0.0357937
9310.08 0.0438850
9323.46 0.0551327
9336.84 0.0764308
9350.23 0.120226
9356.92 0.160818
9363.61 0.228364
9366.95 0.280149
9368.63 0.313063
9370.30 0.352189
9371.97 0.399213
9373.64 0.456315
9374.48 0.489564
9375.32 0.526498
9376.15 0.567711
9376.99 0.613868
9377.83 0.665826
9378.66 0.724410
9380.34 0.866538
9382.01 1.05265
9383.68 1.30102
9385.35 1.63963
9387.03 2.10917
9388.70 2.76808
9390.37 3.68255
9391.82 4.70603
9393.27 5.85189
9396.17 7.13681
9397.62 6.62311
9399.07 5.57547
9401.97 3.46546
9404.73 2.18698
9407.49 1.45164
9410.25 1.01718
9413.01 0.746515
9418.52 0.446998
9424.04 0.296099
9429.56 0.210316
9435.08 0.157135
9446.11 0.0975315
9457.15 0.0666969
9468.19 0.0487089
9490.26 0.0296195
9512.33 0.0202516
9534.40 0.0151377
9556.47 0.0132527
9561.99 0.0141388
9567.51 0.0178803
9570.27 0.0235737
9571.65 0.0293618
9573.03 0.0399504
9574.41 0.0624080
9575.79 0.123679
9576.48 0.204371
9577.16 0.413131
9577.51 0.671180
9577.85 1.28047
9578.03 1.95355
9578.20 3.30223
9578.29 4.53782
9578.37 6.54769
9578.46 10.0053
9578.54 16.1550
9578.59 20.6283
9578.63 25.7790
9578.72 32.0839
9578.81 25.5008
9578.89 15.9377
9579.00 9.09289
9579.10 5.59403
9579.20 3.71960
9579.31 2.63071
9579.51 1.50207
9579.72 0.968654
9580.13 0.497975
9580.54 0.303881
9581.36 0.149397
9582.18 0.0906803
9583.83 0.0463132
9585.47 0.0300466
9587.12 0.0222870
9588.76 0.0179615
9592.05 0.0134971
9598.63 0.00999899
9605.21 0.00851859
9631.53 0.00617939
9684.17 0.00427108
9736.81 0.00324375
9789.45 0.00259438
9894.72 0.00184442
10000.0 0.00146296
10118.8 0.00129882
10178.3 0.00134728
10208.0 0.00144751
10222.8 0.00158597
10230.3 0.00191050
10234.0 0.00300905
10235.8 0.00693703
10236.8 0.0199159
10237.2 0.0551090
10237.4 0.126046
10237.7 0.472721
10237.8 0.941674
10238.0 0.472684
10238.3 0.0876160
10238.6 0.0337048
10239.3 0.0115805
10240.6 0.00441541
10243.2 0.00236611
10248.5 0.00185739
10259.0 0.00182026
10280.0 0.00209037
10301.1 0.00260603
10322.1 0.00357929
10332.6 0.00441206
10343.1 0.00569404
10353.7 0.00781637
10364.2 0.0116951
10369.4 0.0149724
10374.7 0.0199849
10379.9 0.0282123
10385.2 0.0430889
10387.8 0.0555585
10390.5 0.0744734
10393.1 0.105177
10395.7 0.159665
10397.0 0.204864
10398.3 0.271813
10399.7 0.378956
10401.0 0.562622
10402.3 0.924018
10402.9 1.25016
10403.6 1.77165
10404.3 2.71247
10404.6 3.48243
10404.9 4.57572
10405.1 5.36842
10405.2 6.30709
10405.4 7.58084
10405.6 9.13336
10405.7 11.3019
10405.9 14.0136
10406.1 17.6030
10406.2 22.3071
10406.4 28.6390
10406.6 35.8306
10406.9 44.2641
10407.1 41.4564
10407.2 35.0201
10407.6 22.0028
10408.0 12.4081
10408.3 7.67278
10408.7 5.07067
10409.1 3.59855
10409.5 2.65608
10409.9 2.04880
10410.7 1.31426
10411.5 0.912238
10412.3 0.669360
10413.9 0.403816
10415.5 0.269752
10417.0 0.192869
10418.6 0.144757
10420.2 0.112842
10423.3 0.0739886
10426.5 0.0523105
10429.7 0.0389982
10432.8 0.0302651
10439.1 0.0198177
10445.4 0.0140738
10451.8 0.0105763
10458.1 0.00828966
10470.7 0.00557849
10483.3 0.00409435
10508.6 0.00260732
10533.8 0.00191246
10559.1 0.00153260
10609.6 0.00115391
10710.6 0.000899837
10811.6 0.000866396
10912.6 0.000982740
10963.1 0.00113614
11013.6 0.00143317
11064.2 0.00208272
11089.4 0.00273407
11114.7 0.00392456
11127.3 0.00493034
11139.9 0.00647013
11152.6 0.00900247
11165.2 0.0136047
11171.5 0.0174787
11177.8 0.0233709
11184.1 0.0329892
11190.4 0.0502923
11193.6 0.0646969
11196.7 0.0864063
11199.9 0.121336
11203.1 0.182590
11204.6 0.232502
11206.2 0.306070
11207.8 0.420894
11209.4 0.612806
11210.9 0.974650
11211.7 1.28702
11212.5 1.77320
11212.9 2.12849
11213.3 2.58446
11213.7 3.21503
11213.9 3.61585
11214.1 4.06593
11214.3 4.63017
11214.5 5.31025
11214.9 7.09074
11215.3 9.75258
11215.7 13.7286
11216.0 17.5608
11216.2 21.9374
11216.8 27.4207
11217.1 25.8300
11217.4 21.9798
11217.9 13.7614
11218.3 9.60940
11218.7 6.88767
11219.1 5.10119
11219.5 3.92145
11220.4 2.47017
11221.2 1.69210
11222.0 1.22244
11222.8 0.925560
11224.4 0.581842
11226.1 0.397886
11227.7 0.288990
11229.3 0.219333
11230.9 0.172372
11234.2 0.114271
11237.4 0.0814026
11240.7 0.0609681
11243.9 0.0474071
11250.5 0.0310799
11257.0 0.0220302
11263.5 0.0164842
11270.0 0.0128527
11283.0 0.00853538
11296.0 0.00616989
11309.0 0.00473815
11322.0 0.00380907
11348.0 0.00272575
11374.0 0.00216100
11400.1 0.00190354
11413.1 0.00209400
11419.6 0.00322825
11422.8 0.00766358
11424.5 0.0236682
11425.3 0.0746004
11425.7 0.210366
11425.9 0.461002
11426.1 1.48783
11426.2 2.97788
11426.4 1.48784
11426.6 0.440104
11426.8 0.190978
11427.3 0.0677577
11428.1 0.0213746
11429.8 0.00700085
11433.3 0.00297631
11440.2 0.00189025
11454.0 0.00156741
11481.5 0.00143684
11536.7 0.00142438
11591.8 0.00158158
11646.9 0.00196149
11702.0 0.00282000
11729.6 0.00367540
11757.2 0.00522274
11771.0 0.00651959
11784.7 0.00849098
11798.5 0.0117105
11812.3 0.0175211
11819.2 0.0223804
11826.1 0.0297304
11833.0 0.0416423
11839.9 0.0628580
11843.3 0.0803441
11846.8 0.106352
11850.2 0.147742
11853.7 0.218973
11857.1 0.358278
11858.8 0.483217
11860.5 0.686137
11861.4 0.840495
11862.3 1.04938
11863.1 1.34454
11863.6 1.53957
11864.0 1.77859
11864.4 2.07519
11864.9 2.44823
11865.3 2.92420
11865.7 3.54067
11866.1 4.35089
11866.6 5.42910
11867.0 6.87286
11867.4 8.79028
11867.9 11.3011
11868.3 14.1190
11869.2 17.7352
11869.6 16.7325
11870.0 14.2637
11870.9 8.95412
11871.6 5.98870
11872.3 4.14507
11873.0 2.98972
11873.7 2.23886
11875.2 1.37403
11876.6 0.922091
11878.0 0.659383
11879.4 0.494127
11882.2 0.306992
11885.1 0.208717
11887.9 0.151274
11890.8 0.114631
11893.6 0.0900069
11899.3 0.0598451
11904.9 0.0428290
11910.6 0.0323073
11916.3 0.0253583
11927.6 0.0170581
11938.9 0.0125019
11950.3 0.00975838
11961.6 0.00800190
11984.3 0.00603603
12007.0 0.00513677
12052.4 0.00490405
12097.7 0.00638847
12120.4 0.00822276
12143.1 0.0117044
12154.4 0.0146642
12165.8 0.0191716
12177.1 0.0265027
12188.5 0.0395825
12194.1 0.0503490
12199.8 0.0664090
12205.5 0.0918839
12211.1 0.135832
12216.8 0.221432
12219.6 0.298495
12222.5 0.423159
12223.9 0.517000
12225.3 0.645236
12226.0 0.727610
12226.7 0.826381
12227.4 0.946041
12228.1 1.09037
12228.9 1.27167
12229.6 1.49955
12230.3 1.79009
12231.0 2.16603
12231.7 2.65953
12232.4 3.31525
12233.1 4.19158
12233.8 5.33403
12234.5 6.83072
12235.3 8.54947
12236.7 10.7457
12237.4 10.1429
12238.1 8.63730
12239.6 5.40210
12240.8 3.56734
12242.0 2.44528
12243.2 1.75141
12244.5 1.30493
12246.9 0.795665
12249.3 0.531970
12251.8 0.379577
12254.2 0.284096
12259.1 0.176275
12264.0 0.119970
12268.8 0.0871051
12273.7 0.0662245
12278.6 0.0522070
12288.3 0.0351160
12298.1 0.0255826
12307.8 0.0198022
12317.6 0.0161376
12337.1 0.0124833
12356.6 0.0129278
12366.4 0.0162704
12371.2 0.0201085
12376.1 0.0274215
12378.6 0.0337084
12381.0 0.0433816
12383.4 0.0592945
12385.9 0.0879362
12387.1 0.111888
12388.3 0.148047
12389.5 0.206322
12390.7 0.309152
12391.4 0.392917
12392.0 0.516610
12392.6 0.710138
12393.2 1.03742
12393.8 1.65527
12394.1 2.20281
12394.4 3.03265
12394.7 4.47882
12394.9 5.56286
12395.0 7.06778
12395.2 9.22087
12395.3 12.3983
12395.4 14.7104
12395.5 17.2082
12395.5 20.7317
12395.6 24.4983
12395.7 31.7685
12395.8 39.3105
12396.0 49.1105
12396.1 45.8371
12396.2 39.0744
12396.5 24.3148
12396.6 17.4804
12396.7 13.1173
12397.0 7.79093
12397.3 5.06433
12397.5 3.57106
12397.8 2.61524
12398.1 2.01259
12398.6 1.28453
12399.1 0.883759
12399.7 0.648386
12400.7 0.391873
12401.8 0.261830
12402.8 0.188231
12403.9 0.142181
12405.0 0.111471
12407.1 0.0742119
12409.2 0.0535145
12411.3 0.0407268
12413.5 0.0323401
12417.7 0.0222772
12422.0 0.0166965
12430.5 0.0110010
12439.0 0.00826373
12447.5 0.00671766
12464.5 0.00509404
12498.5 0.00383564
12532.5 0.00341584
12594.5 0.00343331
12656.5 0.00417212
12687.5 0.00491992
12718.4 0.00617372
12733.9 0.00721998
12749.4 0.00911675
12757.2 0.0110831
12764.9 0.0157884
12768.8 0.0218254
12770.8 0.0276827
12772.7 0.0381266
12774.6 0.0601115
12776.6 0.119579
12777.5 0.198471
12778.5 0.405374
12779.0 0.668905
12779.5 1.29293
12779.7 1.99444
12779.9 3.45053
12780.1 4.83248
12780.2 7.17186
12780.3 11.4453
12780.4 14.8930
12780.4 20.5435
12780.5 26.0930
12780.5 32.3649
12780.6 41.5727
12780.7 38.7206
12780.8 33.0354
12780.9 21.0637
12780.9 13.9374
12781.0 9.91612
12781.1 7.30891
12781.2 5.56621
12781.3 3.49842
12781.5 2.38528
12781.8 1.30423
12782.1 0.819733
12782.8 0.411366
12783.4 0.248664
12784.1 0.168004
12784.7 0.122291
12786.0 0.0751482
12787.3 0.0526356
12788.5 0.0402083
12791.1 0.0277722
12793.7 0.0220777
12796.2 0.0191277
12801.4 0.0165541
12821.8 0.0171417
12842.3 0.0226453
12862.8 0.0330840
12883.3 0.0540855
12893.6 0.0733425
12903.8 0.105180
12909.0 0.129554
12914.1 0.163341
12916.6 0.185355
12919.2 0.212057
12921.8 0.244839
12923.0 0.264085
12924.3 0.285629
12925.6 0.310039
12926.9 0.337378
12929.4 0.403612
12932.0 0.490256
12934.6 0.605868
12937.1 0.763328
12939.7 0.981912
12942.2 1.28914
12944.8 1.71826
12947.0 2.19934
12949.2 2.75005
12953.6 3.44400
12955.8 3.24495
12958.0 2.76020
12962.4 1.72575
12965.9 1.17216
12969.3 0.822474
12972.8 0.599456
12976.3 0.452489
12983.2 0.280786
12990.1 0.189808
12997.0 0.136445
13003.9 0.102667
13017.8 0.0640958
13031.6 0.0438195
13045.5 0.0318905
13059.3 0.0242948
13073.1 0.0191671
13100.8 0.0128972
13128.5 0.00937022
13156.2 0.00720480
13183.9 0.00579636
13239.2 0.00420754
13294.6 0.00359751
13322.3 0.00368709
13350.0 0.00448756
13363.8 0.00577407
13370.7 0.00709327
13377.6 0.00952647
13384.6 0.0147508
13388.0 0.0199538
13391.5 0.0294167
13393.2 0.0373641
13394.9 0.0494587
13396.7 0.0691791
13398.4 0.104590
13399.3 0.134162
13400.1 0.178096
13401.0 0.249377
13401.9 0.372793
13402.7 0.622171
13403.2 0.849744
13403.6 1.22878
13404.0 1.95085
13404.3 2.57244
13404.5 3.48207
13404.7 5.04277
13404.9 7.68082
13405.0 9.89637
13405.1 13.0905
13405.2 17.7845
13405.3 24.5062
13405.4 31.2592
13405.5 38.7623
13405.7 48.6907
13405.8 45.2452
13405.8 38.4326
13406.0 24.2491
13406.1 15.7068
13406.3 10.8258
13406.4 7.79096
13406.6 5.82718
13406.9 3.51708
13407.1 2.36576
13407.4 1.67634
13407.7 1.25980
13408.3 0.778727
13408.8 0.528299
13409.4 0.381857
13410.0 0.288974
13410.6 0.226424
13411.7 0.150065
13412.8 0.107021
13414.0 0.0804024
13415.1 0.0628055
13417.4 0.0417253
13419.7 0.0300642
13422.0 0.0229468
13424.2 0.0183048
13428.8 0.0127753
13433.3 0.00976032
13442.4 0.00676187
13451.6 0.00540195
13460.7 0.00470143
13478.9 0.00412614
13515.3 0.00424537
13551.8 0.00539729
13570.0 0.00651708
13588.2 0.00829016
13606.4 0.0112460
13624.7 0.0166244
13633.8 0.0211145
13642.9 0.0278915
13652.0 0.0388025
13661.1 0.0580169
13665.7 0.0736550
13670.2 0.0966456
13674.8 0.132590
13679.3 0.192983
13683.9 0.306515
13686.2 0.404534
13687.3 0.471862
13688.4 0.556264
13689.6 0.665922
13690.7 0.810247
13691.3 0.899954
13691.8 1.00473
13692.4 1.12792
13693.0 1.27383
13693.6 1.44791
13694.1 1.65716
13694.7 1.91057
13695.3 2.21952
13695.8 2.59827
13696.4 3.06390
13697.5 4.31632
13698.4 5.53546
13699.2 6.90276
13700.8 8.55403
13701.6 8.00547
13702.4 6.78169
13704.0 4.23456
13705.8 2.49601
13707.6 1.57791
13709.4 1.06604
13711.1 0.763337
13712.9 0.570196
13714.7 0.441664
13718.2 0.286129
13721.8 0.199970
13725.3 0.147499
13732.4 0.0897039
13739.5 0.0603225
13746.6 0.0433973
13753.7 0.0327723
13760.8 0.0256784
13775.0 0.0170679
13789.2 0.0122478
13803.4 0.00927966
13817.6 0.00732370
13846.0 0.00498285
13874.4 0.00368922
13931.2 0.00238301
13988.0 0.00177550
14044.8 0.00145908
14101.5 0.00132742
14129.9 0.00147579
14144.1 0.00226852
14151.2 0.00543915
14154.8 0.0175383
14156.6 0.0610428
14157.4 0.204012
14157.9 0.583722
14158.1 1.32296
14158.2 2.28330
14158.3 4.39502
14158.4 7.03753
14158.5 8.80027
14158.6 7.03457
14158.6 4.39269
14158.8 2.28222
14158.9 1.32243
14159.1 0.583546
14159.5 0.207827
14160.4 0.0629172
14162.1 0.0181610
14165.6 0.00561493
14172.5 0.00228618
14186.4 0.00142234
14214.1 0.00119403
14269.5 0.00115554
14380.3 0.00141032
14435.7 0.00183424
14463.4 0.00225871
14491.1 0.00302822
14518.8 0.00465896
14532.7 0.00627218
14546.5 0.00919916
14553.5 0.0116586
14560.4 0.0154053
14567.3 0.0215280
14574.2 0.0325448
14577.7 0.0417456
14581.2 0.0555955
14584.6 0.0779186
14588.1 0.117339
14589.8 0.149710
14591.6 0.197357
14593.3 0.272073
14595.0 0.398860
14596.8 0.639526
14597.6 0.851350
14598.5 1.18146
14599.4 1.74959
14599.8 2.18826
14600.2 2.80514
14600.4 3.22039
14600.7 3.72795
14600.9 4.35430
14601.1 5.09501
14601.3 6.06421
14601.5 7.22516
14601.7 8.75216
14601.9 10.5647
14602.2 13.5582
14602.5 16.9938
14603.1 21.2808
14603.3 20.0671
14603.6 17.0462
14604.2 10.7012
14604.8 6.23595
14605.4 3.89678
14606.0 2.61633
14606.6 1.86179
14607.3 1.38638
14607.9 1.06983
14609.1 0.690054
14610.4 0.480765
14611.6 0.353755
14614.1 0.214325
14616.6 0.143671
14619.0 0.103060
14621.5 0.0776077
14624.0 0.0606184
14629.0 0.0400669
14633.9 0.0285896
14638.9 0.0215404
14643.8 0.0169140
14653.8 0.0113973
14663.7 0.00837622
14683.5 0.00538219
14703.3 0.00404099
14723.2 0.00337668
14762.8 0.00295328
14802.5 0.00328983
14822.4 0.00383504
14842.2 0.00490758
14862.0 0.00724818
14871.9 0.00958083
14881.9 0.0138130
14886.8 0.0173679
14891.8 0.0227777
14896.7 0.0316033
14901.7 0.0474741
14904.2 0.0606593
14906.7 0.0805159
14909.1 0.112435
14911.6 0.168583
14912.9 0.214192
14914.1 0.281366
14915.3 0.386108
14916.6 0.562407
14917.8 0.892863
14918.4 1.17782
14919.1 1.62086
14919.7 2.35907
14920.0 2.92377
14920.3 3.70455
14920.6 4.81585
14920.8 5.57624
14920.9 6.44499
14921.1 7.58113
14921.2 8.89041
14921.5 12.4187
14921.7 15.8899
14922.0 19.8851
14922.4 25.0983
14922.6 23.7853
14922.8 20.3292
14923.3 12.7667
14923.7 8.46412
14924.0 5.87168
14924.4 4.24263
14924.7 3.18151
14925.5 1.94456
14926.2 1.30801
14926.9 0.932927
14927.6 0.700400
14929.1 0.435635
14930.5 0.296081
14932.0 0.214786
14933.4 0.162739
14934.9 0.127878
14937.7 0.0850801
14940.6 0.0609229
14943.5 0.0459738
14946.4 0.0360897
14952.2 0.0242398
14958.0 0.0177115
14963.8 0.0137410
14969.5 0.0111564
14981.1 0.00813085
14992.7 0.00653011
15015.8 0.00507702
15062.1 0.00459516
15108.3 0.00543541
15154.6 0.00766809
15177.7 0.00980519
15200.8 0.0134603
15224.0 0.0206505
15235.5 0.0273511
15247.1 0.0388922
15258.7 0.0618474
15264.5 0.0831778
15270.2 0.119410
15276.0 0.188740
15278.9 0.250069
15280.4 0.293145
15281.8 0.348206
15283.2 0.421166
15284.7 0.518996
15285.4 0.582085
15286.1 0.656141
15286.9 0.744997
15287.6 0.852693
15288.3 0.986687
15289.0 1.15078
15289.7 1.35678
15290.5 1.61869
15291.2 1.96111
15291.9 2.40112
15292.6 2.97649
15293.4 3.72492
15294.1 4.77498
15294.9 6.01781
15296.5 7.86169
15297.3 7.60342
15298.1 6.59146
15299.7 4.17384
15300.7 3.01378
15301.7 2.22314
15303.8 1.30537
15305.9 0.843695
15308.0 0.587165
15310.0 0.432157
15312.1 0.332120
15316.2 0.216033
15320.4 0.154413
15324.5 0.118271
15332.8 0.0808287
15341.1 0.0642483
15349.3 0.0573062
15365.9 0.0591657
15382.5 0.0798424
15390.7 0.101435
15399.0 0.137439
15403.1 0.164552
15405.2 0.181502
15407.3 0.201374
15409.4 0.224840
15411.4 0.252764
15413.5 0.286280
15415.6 0.326666
15417.6 0.376298
15419.7 0.437672
15421.8 0.514404
15423.8 0.611388
15425.9 0.735174
15428.0 0.894268
15430.0 1.09888
15432.1 1.35754
15434.5 1.73170
15436.9 2.15199
15441.7 2.63903
15444.1 2.45852
15446.6 2.07445
15451.4 1.28916
15455.7 0.837880
15460.0 0.568628
15464.3 0.404880
15468.6 0.300676
15477.1 0.182959
15485.7 0.122524
15494.3 0.0876731
15502.9 0.0658684
15520.0 0.0412124
15537.2 0.0283236
15554.3 0.0207557
15588.6 0.0126626
15617.1 0.00917068
15645.6 0.00701896
15702.6 0.00462763
15759.5 0.00343493
15816.5 0.00282878
15873.5 0.00264265
15930.4 0.00310681
15958.9 0.00404928
15973.1 0.00504982
15987.4 0.00691759
15994.5 0.00850812
16001.6 0.0109500
16008.7 0.0149684
16015.9 0.0222653
16019.4 0.0283795
16023.0 0.0376596
16026.5 0.0527328
16030.1 0.0796419
16031.9 0.101824
16033.7 0.134968
16035.4 0.187664
16037.2 0.278879
16039.0 0.457457
16039.9 0.618743
16040.8 0.882066
16041.7 1.35328
16042.1 1.74568
16042.6 2.31361
16043.0 3.21820
16043.2 3.85270
16043.5 4.67754
16043.7 5.82359
16043.9 7.29911
16044.1 9.28506
16044.3 11.9321
16044.6 15.3075
16044.8 19.1350
16045.2 23.6116
16045.4 22.0842
16045.7 18.6481
16046.1 11.6870
16046.4 8.23590
16046.7 5.95172
16047.0 4.43739
16047.3 3.40794
16047.9 2.16562
16048.6 1.49432
16049.2 1.08404
16049.8 0.820720
16051.0 0.517728
16052.3 0.354738
16053.5 0.258714
16054.7 0.196622
16056.0 0.154812
16058.4 0.103100
16060.9 0.0737084
16063.4 0.0554289
16065.8 0.0432941
16070.8 0.0286937
16075.7 0.0205803
16080.7 0.0156112
16085.6 0.0123544
16095.5 0.00847074
16105.3 0.00633875
16125.1 0.00419807
16144.8 0.00320413
16164.6 0.00267042
16204.1 0.00217156
16283.1 0.00198514
16362.1 0.00229738
16441.1 0.00323887
16480.6 0.00421358
16520.1 0.00597787
16559.6 0.00964774
16579.4 0.0131924
16599.1 0.0194464
16609.0 0.0245563
16618.9 0.0321243
16628.7 0.0440588
16638.6 0.0644527
16648.5 0.103755
16653.4 0.138662
16658.4 0.194524
16660.8 0.236023
16663.3 0.292115
16664.5 0.327959
16665.8 0.370262
16667.0 0.421476
16668.2 0.483091
16669.5 0.559249
16670.7 0.652930
16671.9 0.771464
16673.2 0.920808
16674.4 1.11421
16675.6 1.36275
16676.9 1.68526
16678.1 2.09978
16679.5 2.68395
16680.9 3.34708
16683.6 4.19860
16685.0 3.96405
16686.4 3.37062
16689.2 2.09911
16692.0 1.29772
16694.7 0.846824
16697.5 0.585989
16700.2 0.426639
16702.9 0.322962
16705.7 0.252526
16711.2 0.166442
16716.7 0.118010
16722.2 0.0883497
16733.2 0.0555636
16744.2 0.0390764
16755.1 0.0299192
16777.1 0.0217865
16799.1 0.0214314
16810.1 0.0244321
16821.1 0.0314272
16832.1 0.0474909
16837.6 0.0634554
16843.0 0.0916508
16848.5 0.148226
16851.3 0.200381
16854.0 0.286869
16856.8 0.446647
16858.2 0.581256
16859.5 0.786073
16860.2 0.931666
16860.9 1.12009
16861.6 1.36877
16862.3 1.69839
16862.6 1.91267
16863.0 2.15829
16863.3 2.44886
16863.6 2.79400
16864.3 3.71064
16865.0 4.98248
16865.6 6.36551
16866.2 7.91582
16867.3 9.67487
16867.9 8.99527
16868.4 7.58498
16869.6 4.72300
16870.5 3.14962
16871.5 2.17964
16872.4 1.57364
16873.4 1.18013
16875.3 0.726756
16877.2 0.489550
16879.1 0.351476
16881.0 0.264510
16884.8 0.165626
16888.6 0.113819
16892.4 0.0833815
16900.0 0.0509081
16907.6 0.0348561
16915.2 0.0257608
16930.4 0.0163756
16945.6 0.0119186
16960.8 0.00953242
16991.2 0.00757259
17021.6 0.00791343
17036.8 0.00916361
17052.0 0.0118831
17067.2 0.0180707
17074.8 0.0242935
17082.4 0.0355454
17086.2 0.0448972
17090.0 0.0589576
17093.8 0.0814805
17097.6 0.120858
17101.4 0.199125
17103.3 0.270957
17105.2 0.390277
17107.1 0.609413
17108.0 0.794347
17109.0 1.07554
17109.4 1.27603
17109.9 1.52946
17110.4 1.87020
17110.9 2.31853
17111.3 2.94761
17111.6 3.35150
17111.8 3.81080
17112.3 5.03202
17112.8 6.74682
17113.2 8.64917
17113.6 10.8021
17114.3 13.3065
17114.7 12.4139
17115.1 10.4688
17115.9 6.52886
17116.6 4.45423
17117.2 3.13703
17117.8 2.29392
17118.4 1.73626
17119.7 1.08184
17120.9 0.735515
17122.1 0.529618
17123.4 0.399872
17125.8 0.250411
17128.3 0.171302
17130.8 0.124862
17133.2 0.0952148
17135.7 0.0751541
17140.7 0.0505089
17145.6 0.0365863
17150.6 0.0279372
17155.5 0.0222254
17165.4 0.0153841
17175.3 0.0116335
17195.0 0.00801121
17214.8 0.00670522
17234.6 0.00701950
17244.5 0.00836065
17249.4 0.00983726
17254.4 0.0125994
17259.3 0.0185670
17261.8 0.0244932
17264.3 0.0352411
17266.7 0.0579030
17268.0 0.0802135
17269.2 0.119747
17270.5 0.201883
17271.1 0.280513
17271.7 0.414440
17272.3 0.681489
17272.9 1.32362
17273.2 2.04580
17273.5 3.54290
17273.7 5.01738
17273.9 7.34093
17274.0 11.4456
17274.1 14.8938
17274.2 19.0820
17274.2 24.9064
17274.3 30.8279
17274.4 37.9626
17274.5 35.7679
17274.6 30.5961
17274.7 18.8997
17274.9 12.4954
17275.0 8.38186
17275.1 5.90747
17275.2 4.44672
17275.5 2.70347
17275.7 1.80451
17276.0 1.27028
17276.2 0.951591
17276.7 0.590598
17277.3 0.399407
17277.8 0.290119
17278.8 0.173725
17279.8 0.115948
17280.8 0.0837208
17282.8 0.0504348
17284.8 0.0345430
17286.8 0.0258378
17290.8 0.0171206
17294.9 0.0131240
17298.9 0.0110499
17306.9 0.00928488
17323.0 0.00929760
17339.1 0.0118898
17347.1 0.0144433
17355.2 0.0184719
17363.2 0.0251576
17371.3 0.0372042
17375.3 0.0472051
17379.3 0.0621465
17383.3 0.0859386
17387.4 0.127176
17391.4 0.208312
17393.4 0.281587
17395.4 0.401416
17397.4 0.616357
17398.4 0.794438
17399.4 1.05604
17399.9 1.24000
17400.4 1.46861
17400.9 1.76224
17401.4 2.14546
17402.0 2.66530
17402.5 3.35221
17403.0 4.28154
17403.5 5.52629
17403.9 7.08297
17404.4 8.80720
17405.4 10.8827
17405.9 10.1678
17406.4 8.62048
17407.3 5.37984
17408.2 3.56348
17409.0 2.46139
17409.8 1.76710
17410.6 1.32354
17412.2 0.810837
17413.9 0.543791
17415.5 0.388835
17417.1 0.291463
17420.4 0.181254
17423.6 0.123444
17426.9 0.0896464
17430.1 0.0680961
17433.4 0.0536047
17439.9 0.0358494
17446.4 0.0258203
17452.9 0.0196081
17459.4 0.0154961
17472.5 0.0105614
17485.5 0.00783459
17511.5 0.00510801
17537.6 0.00392240
17563.6 0.00356554
17576.6 0.00382411
17583.1 0.00422206
17589.6 0.00504391
17596.2 0.00691546
17599.4 0.00882817
17602.7 0.0123379
17605.9 0.0198768
17607.6 0.0273661
17609.2 0.0408266
17610.8 0.0692568
17612.4 0.146355
17613.3 0.248150
17614.1 0.506756
17614.5 0.827027
17614.9 1.54908
17615.1 2.36923
17615.3 3.90913
17615.5 7.40355
17615.6 10.8936
17615.7 16.7589
17615.7 21.6034
17615.8 27.2061
17615.9 33.3835
17616.0 27.0501
17616.1 16.6359
17616.2 11.7497
17616.3 8.53641
17616.5 4.92341
17616.6 3.06371
17616.8 2.11656
17617.1 1.15552
17617.4 0.733206
17618.1 0.363161
17618.8 0.217826
17619.4 0.144502
17620.1 0.103547
17621.4 0.0610397
17622.7 0.0404618
17624.0 0.0290472
17626.6 0.0175112
17629.2 0.0120476
17631.8 0.00905305
17637.0 0.00603093
17642.3 0.00460458
17647.5 0.00381721
17658.0 0.00301657
17678.9 0.00242053
17699.8 0.00221153
17783.4 0.00225890
17825.2 0.00262531
17867.1 0.00354085
17888.0 0.00465192
17898.4 0.00569258
17908.9 0.00751969
17919.3 0.0113084
17924.6 0.0150156
17929.8 0.0216800
17932.4 0.0272692
17935.0 0.0357178
17937.6 0.0494456
17940.2 0.0740061
17941.5 0.0944067
17942.9 0.125045
17944.2 0.174112
17945.5 0.259077
17946.8 0.429036
17947.4 0.583704
17948.1 0.839803
17948.7 1.31810
17949.4 2.32092
17949.7 3.31375
17950.0 4.98275
17950.2 6.38318
17950.4 8.24016
17950.5 10.8688
17950.7 14.6287
17950.8 18.8558
17951.0 23.4437
17951.2 29.6907
17951.4 27.9999
17951.5 23.9852
17951.8 15.0510
17951.9 10.7777
17952.1 7.78146
17952.3 5.79264
17952.5 4.50104
17952.9 2.84545
17953.3 1.96300
17953.6 1.41933
17954.0 1.07940
17954.8 0.679322
17955.5 0.466252
17956.3 0.339827
17957.7 0.204495
17959.2 0.136642
17960.7 0.0983470
17962.2 0.0743759
17963.7 0.0585823
17966.7 0.0394903
17969.7 0.0289651
17975.7 0.0183794
17981.7 0.0134946
17987.7 0.0109251
17999.6 0.00863356
18023.6 0.00807156
18047.5 0.00991607
18071.4 0.0148163
18083.4 0.0197409
18095.4 0.0285184
18107.3 0.0464526
18113.3 0.0634208
18119.3 0.0925090
18125.3 0.148897
18128.3 0.199143
18131.3 0.280131
18132.8 0.340709
18134.3 0.422382
18135.8 0.537561
18136.5 0.613150
18137.3 0.703914
18138.0 0.817161
18138.8 0.958494
18139.5 1.13721
18140.3 1.36278
18141.0 1.65903
18141.8 2.04766
18142.5 2.55990
18143.2 3.21958
18144.0 4.12543
18144.8 5.17409
18146.4 6.56508
18147.2 6.23983
18148.0 5.33879
18149.6 3.35854
18150.9 2.27929
18152.1 1.59530
18153.4 1.16024
18154.7 0.874413
18157.2 0.541731
18159.7 0.366716
18162.2 0.263874
18164.7 0.199157
18169.8 0.125233
18174.8 0.0864205
18179.8 0.0637056
18189.9 0.0395933
18200.0 0.0278279
18210.0 0.0213261
18230.1 0.0150129
18250.3 0.0125375
18270.4 0.0118094
18310.7 0.0134521
18350.9 0.0196260
18371.1 0.0258810
18391.2 0.0366122
18411.3 0.0568101
18421.4 0.0741765
18431.4 0.100980
18436.5 0.120179
18439.0 0.131858
18441.5 0.145222
18444.0 0.160723
18446.5 0.178665
18449.1 0.199728
18451.6 0.224416
18454.1 0.253775
18456.6 0.288793
18459.1 0.330825
18461.6 0.381338
18464.2 0.442787
18466.7 0.517069
18469.2 0.607336
18471.7 0.715072
18475.5 0.914392
18479.4 1.13835
18487.0 1.39850
18490.8 1.30305
18494.7 1.10026
18502.3 0.685038
18511.3 0.389132
18520.4 0.239661
18529.4 0.159612
18538.4 0.113087
18547.5 0.0840378
18556.5 0.0648167
18574.6 0.0418958
18592.6 0.0293359
18610.7 0.0217435
18646.8 0.0134481
18682.9 0.00928142
18719.0 0.00692901
18791.3 0.00463531
18863.5 0.00393289
18899.7 0.00406789
18935.8 0.00471624
18971.9 0.00647864
18990.0 0.00834298
19008.0 0.0117863
19017.0 0.0146843
19026.1 0.0190812
19035.1 0.0262001
19044.1 0.0388240
19048.7 0.0491654
19053.2 0.0644626
19057.7 0.0885766
19062.2 0.129566
19066.7 0.208009
19069.0 0.277014
19071.2 0.385909
19073.5 0.573296
19074.6 0.720716
19075.7 0.929881
19076.3 1.06955
19076.9 1.23742
19077.4 1.44852
19078.0 1.70704
19078.6 2.03770
19079.1 2.44778
19079.7 2.96384
19080.3 3.60542
19081.0 4.61947
19081.7 5.73346
19083.1 6.95013
19083.8 6.42229
19084.5 5.39485
19086.0 3.35285
19087.3 2.11967
19088.7 1.40903
19090.0 0.988219
19091.3 0.727121
19094.0 0.435830
19096.7 0.288592
19099.4 0.204734
19102.1 0.152696
19107.5 0.0943588
19112.9 0.0642107
19118.2 0.0466627
19123.6 0.0355696
19129.0 0.0281188
19139.8 0.0190525
19150.5 0.0139664
19172.0 0.00879497
19193.6 0.00640278
19215.1 0.00517459
19258.1 0.00431831
19301.2 0.00488556
19322.7 0.00591961
19344.2 0.00802430
19355.0 0.00985832
19365.7 0.0126858
19376.5 0.0173246
19387.3 0.0256594
19392.6 0.0325525
19398.0 0.0428713
19403.4 0.0593076
19408.8 0.0878148
19414.2 0.143771
19416.9 0.194436
19419.5 0.277362
19422.2 0.426283
19423.6 0.549608
19424.9 0.731385
19425.6 0.858628
19426.3 1.01757
19426.9 1.22185
19427.6 1.48859
19428.0 1.65534
19428.3 1.84848
19429.0 2.32597
19429.6 2.97119
19430.3 3.83274
19431.0 4.90905
19431.6 6.09091
19432.9 7.39470
19433.6 6.83368
19434.2 5.74416
19435.5 3.56201
19436.6 2.39164
19437.7 1.67015
19438.7 1.21412
19439.8 0.915132
19441.9 0.566002
19444.0 0.382592
19446.2 0.274678
19448.3 0.206758
19452.5 0.129146
19456.8 0.0882319
19461.0 0.0641599
19465.3 0.0488257
19469.5 0.0384861
19478.0 0.0257874
19486.5 0.0186130
19495.0 0.0141616
19503.5 0.0112199
19520.5 0.00769853
19537.5 0.00576943
19571.5 0.00392316
19605.4 0.00333653
19622.4 0.00340864
19639.4 0.00385919
19656.4 0.00513453
19664.9 0.00650955
19673.4 0.00908326
19677.6 0.0112799
19681.9 0.0146535
19686.1 0.0202049
19690.4 0.0302474
19692.5 0.0386913
19694.6 0.0514325
19696.8 0.0720689
19698.9 0.108756
19699.9 0.139212
19701.0 0.184199
19702.1 0.255364
19703.1 0.377641
19704.2 0.614255
19704.7 0.825279
19705.2 1.16515
19705.8 1.76105
19706.3 2.93574
19706.6 4.01248
19706.8 5.65772
19707.0 6.94213
19707.1 8.50002
19707.2 10.5192
19707.4 13.1283
19707.5 16.8358
19707.7 21.0170
19708.0 25.5360
19708.1 23.6591
19708.2 20.0977
19708.5 12.4082
19708.8 7.81307
19709.1 5.18222
19709.4 3.58513
19709.7 2.63202
19710.0 1.98734
19710.2 1.56212
19710.8 1.02726
19711.4 0.724823
19712.0 0.538082
19713.1 0.329742
19714.2 0.222558
19715.4 0.160348
19716.5 0.121093
19717.6 0.0949478
19719.9 0.0628279
19722.2 0.0447962
19724.5 0.0336753
19726.8 0.0263635
19731.3 0.0175740
19735.9 0.0127264
19740.4 0.00976058
19745.0 0.00782205
19754.1 0.00551730
19763.2 0.00425399
19781.4 0.00299534
19799.6 0.00242710
19817.8 0.00214720
19854.3 0.00199325
19890.7 0.00219427
19927.1 0.00285746
19945.4 0.00352447
19963.6 0.00465807
19981.8 0.00676420
19990.9 0.00855442
20000.0 0.0112991
20006.7 0.0143834
20013.4 0.0190607
20020.1 0.0266478
20026.8 0.0401653
20030.2 0.0513057
20033.6 0.0678681
20036.9 0.0942115
20040.3 0.139494
20043.6 0.227879
20045.3 0.307248
20047.0 0.435023
20048.7 0.662368
20049.5 0.847163
20050.3 1.11778
20051.2 1.53266
20051.6 1.82567
20052.0 2.20288
20052.4 2.69482
20052.9 3.34285
20053.3 4.19915
20053.7 5.28695
20054.1 6.78572
20054.6 8.42690
20055.5 10.2768
20055.9 9.52784
20056.3 8.02659
20057.2 5.00280
20058.0 3.25947
20058.8 2.22548
20059.6 1.58428
20060.3 1.17969
20061.9 0.717038
20063.4 0.478512
20065.0 0.340976
20066.5 0.254916
20069.6 0.157904
20072.7 0.107194
20075.8 0.0776233
20078.9 0.0587980
20082.0 0.0461586
20088.2 0.0306783
20094.4 0.0219699
20100.6 0.0165861
20106.8 0.0130295
20119.2 0.00877503
20131.5 0.00643641
20143.9 0.00502190
20156.3 0.00411204
20181.1 0.00308067
20205.8 0.00259167
20255.4 0.00240414
20304.9 0.00306612
20329.7 0.00393142
20354.5 0.00560331
20366.8 0.00703724
20379.2 0.00923363
20391.6 0.0128305
20404.0 0.0192865
20410.2 0.0246417
20416.4 0.0326612
20422.6 0.0454695
20428.8 0.0677777
20435.0 0.111869
20438.1 0.152175
20441.1 0.218479
20444.2 0.339470
20445.8 0.440626
20447.3 0.591747
20448.1 0.698560
20448.9 0.833573
20449.7 1.01182
20450.4 1.24541
20450.8 1.39300
20451.2 1.56559
20451.6 1.76824
20452.0 2.00034
20452.8 2.60258
20453.5 3.42814
20454.2 4.39211
20454.9 5.45526
20456.3 6.64825
20457.0 6.15611
20457.7 5.18036
20459.1 3.21366
20460.5 1.93593
20462.0 1.24547
20463.4 0.853731
20464.9 0.616630
20466.3 0.464258
20467.8 0.361273
20470.7 0.235810
20473.6 0.165604
20476.5 0.122552
20482.3 0.0748244
20488.1 0.0503828
20493.9 0.0362802
20499.7 0.0274047
20505.5 0.0214627
20517.1 0.0142522
20528.7 0.0102271
20540.3 0.00776341
20551.9 0.00616682
20575.1 0.00438897
20598.3 0.00386326
20610.0 0.00428540
20615.8 0.00492400
20621.6 0.00623920
20627.4 0.00923626
20630.3 0.0122844
20633.2 0.0178821
20636.1 0.0298177
20637.5 0.0416052
20639.0 0.0628270
20640.4 0.107019
20641.1 0.150065
20641.9 0.224666
20642.6 0.376512
20643.3 0.748202
20643.7 1.19762
20644.0 2.16050
20644.2 3.12702
20644.4 4.86712
20644.6 8.34084
20644.7 11.3762
20644.8 15.9630
20644.8 20.4865
20644.9 24.9858
20645.0 31.2875
20645.0 0.280927
24000.0 0.269006
26000.0 0.261900
28000.0 0.254793
30000.0 0.247687
32000.0 0.245456
34000.0 0.243224
36000.0 0.240993
38000.0 0.238761
40000.0 0.236530
42000.0 0.234299
44000.0 0.232067
46000.0 0.229836
48000.0 0.227604
50000.0 0.225373
52000.0 0.223142
54000.0 0.220910
55000.0 0.219795
56000.0 0.218679
58000.0 0.216447
60000.0 0.214216
62000.0 0.213528
64000.0 0.212840
66000.0 0.212152
68000.0 0.211464
70000.0 0.210777
72000.0 0.210089
74000.0 0.209401
76000.0 0.208713
78000.0 0.208025
80000.0 0.207337
82000.0 0.206649
84000.0 0.205961
86000.0 0.205273
88000.0 0.204585
90000.0 0.203898
100000 0.200458
110000 0.198479
120000 0.196499
130000 0.194520
140000 0.192540
150000 0.190561
160000 0.188581
170000 0.186602
180000 0.184622
190000 0.182643
200000 0.180663
220000 0.178808
240000 0.176953
250000 0.176026
260000 0.175099
280000 0.173244
300000 0.171389
320000 0.161685
350000 0.147130
352127 0.146098
357515 0.143484
400000 0.122871
450000 0.112785
500000 0.102699
550000 0.0992027
600000 0.0957063
650000 0.0928932
692238 0.0905168
700000 0.0900801
750000 0.0862721
800000 0.0824641
850000 0.0809863
881378 0.0800589
881379 0.0800589
900000 0.0795085
950000 0.0785295
1.00000E+06 0.0775505
1.02026E+06 0.0772091
1.02027E+06 0.0772090
1.10000E+06 0.0758656
1.14115E+06 0.0751723
1.14116E+06 0.0751722
1.20000E+06 0.0741807
1.27675E+06 0.0745355
1.29997E+06 0.0746428
1.30000E+06 0.0746430
1.36859E+06 0.0749600
1.38067E+06 0.0750159
1.38067E+06 0.0750159
1.40000E+06 0.0751052
1.40995E+06 0.0749545
1.40995E+06 0.0749545
1.43710E+06 0.0745432
1.45449E+06 0.0742797
1.50000E+06 0.0735903
1.53365E+06 0.0730805
1.53366E+06 0.0730804
1.54371E+06 0.0729281
1.60000E+06 0.0720753
1.61275E+06 0.0719459
1.61803E+06 0.0718923
1.68589E+06 0.0712033
1.68589E+06 0.0712033
1.68846E+06 0.0711772
1.70000E+06 0.0710601
1.76369E+06 0.0704134
1.76369E+06 0.0704134
1.80000E+06 0.0700448
1.80433E+06 0.0699212
1.80433E+06 0.0699212
1.81158E+06 0.0697143
1.83006E+06 0.0691869
1.83006E+06 0.0691869
1.83261E+06 0.0691141
1.83262E+06 0.0691140
1.83511E+06 0.0690428
1.85686E+06 0.0684221
1.86320E+06 0.0682411
1.86320E+06 0.0682411
1.89269E+06 0.0673995
1.89269E+06 0.0673994
1.89786E+06 0.0672520
1.90000E+06 0.0671909
1.91149E+06 0.0668630
1.92842E+06 0.0663798
2.00000E+06 0.0643370
2.10000E+06 0.0617013
2.20000E+06 0.0590655
2.30000E+06 0.0569075
2.40000E+06 0.0547495
2.43915E+06 0.0539492
2.43915E+06 0.0539492
2.50000E+06 0.0527053
2.56600E+06 0.0513561
2.59530E+06 0.0507571
2.60000E+06 0.0506610
2.64726E+06 0.0497848
2.70000E+06 0.0488069
2.80000E+06 0.0469528
2.84913E+06 0.0461909
2.85126E+06 0.0461579
2.90000E+06 0.0454021
2.91685E+06 0.0451408
2.96421E+06 0.0444064
3.00000E+06 0.0438514
3.10000E+06 0.0423287
3.20000E+06 0.0408060
3.30000E+06 0.0394378
3.40000E+06 0.0380696
3.50000E+06 0.0367315
3.60000E+06 0.0353934
3.70000E+06 0.0340204
3.80000E+06 0.0326473
3.90000E+06 0.0313151
4.00000E+06 0.0299829
4.20000E+06 0.0273362
4.40000E+06 0.0247206
4.60000E+06 0.0222402
4.73162E+06 0.0207378
4.80000E+06 0.0199573
5.00000E+06 0.0177591
5.20000E+06 0.0157430
5.40000E+06 0.0139350
5.60000E+06 0.0122083
5.69298E+06 0.0115057
5.79689E+06 0.0107205
5.80000E+06 0.0106970
5.81793E+06 0.0105756
5.82550E+06 0.0105243
6.00000E+06 0.00934284
6.05302E+06 0.00902808
6.12255E+06 0.00861531
6.15353E+06 0.00843140
6.15353E+06 0.00843138
6.20000E+06 0.00815552
6.22914E+06 0.00800861
6.28773E+06 0.00771323
6.34101E+06 0.00744462
6.40000E+06 0.00714722
6.41737E+06 0.00706868
6.60000E+06 0.00624287
6.78469E+06 0.00554182
6.78469E+06 0.00554181
6.80000E+06 0.00548371
6.85946E+06 0.00528684
7.00000E+06 0.00482153
7.03265E+06 0.00473033
7.03265E+06 0.00473032
7.07599E+06 0.00460928
7.11106E+06 0.00451132
7.11107E+06 0.00451130
7.11541E+06 0.00449917
7.11737E+06 0.00449369
7.14546E+06 0.00441523
7.17205E+06 0.00434096
7.20000E+06 0.00426289
7.33070E+06 0.00398274
7.40000E+06 0.00383420
7.60000E+06 0.00344212
7.67522E+06 0.00333275
7.71516E+06 0.00327468
7.77098E+06 0.00319352
7.80000E+06 0.00315133
7.81064E+06 0.00313688
7.96270E+06 0.00293032
7.96695E+06 0.00292455
8.00000E+06 0.00287965
8.05395E+06 0.00283327
8.06152E+06 0.00282677
8.17953E+06 0.00272532
8.22333E+06 0.00268767
8.28904E+06 0.00263118
8.38955E+06 0.00254478
8.50000E+06 0.00244983
9.00000E+06 0.00218095
9.50000E+06 0.00200893
9.51295E+06 0.00200601
9.51296E+06 0.00200601
1.00000E+07 0.00189626
1.00578E+07 0.00188569
1.05000E+07 0.00180483
1.05208E+07 0.00180230
1.10000E+07 0.00174401
1.10766E+07 0.00173521
1.11078E+07 0.00173163
1.11877E+07 0.00172245
1.15000E+07 0.00168657
1.20000E+07 0.00163460
1.20863E+07 0.00162587
1.21062E+07 0.00162385
1.25000E+07 0.00158400
1.25731E+07 0.00157437
1.26328E+07 0.00156650
1.27068E+07 0.00155675
1.30000E+07 0.00151811
1.31307E+07 0.00149660
1.31970E+07 0.00148568
1.32114E+07 0.00148332
1.33221E+07 0.00146509
1.33221E+07 0.00146509
1.33742E+07 0.00145652
1.34914E+07 0.00143723
1.35000E+07 0.00143581
1.38327E+07 0.00137772
1.40000E+07 0.00134851
1.40992E+07 0.00132770
1.40992E+07 0.00132770
1.41419E+07 0.00131875
1.42591E+07 0.00129416
1.43224E+07 0.00128088
1.45000E+07 0.00124363
1.46004E+07 0.00121771
1.48688E+07 0.00114841
1.48689E+07 0.00114839
1.49428E+07 0.00112930
1.50000E+07 0.00111453
1.54330E+07 0.00102768
1.55000E+07 0.00101424
1.55581E+07 0.00100259
1.55582E+07 0.00100257
1.57247E+07 0.000969175
1.60000E+07 0.000913957
1.65000E+07 0.000833372
1.65039E+07 0.000832743
1.65792E+07 0.000820607
1.68103E+07 0.000783361
1.68675E+07 0.000774142
1.70000E+07 0.000752787
1.73972E+07 0.000709031
1.74817E+07 0.000699722
1.75000E+07 0.000697706
1.75448E+07 0.000692771
1.77681E+07 0.000668172
1.78861E+07 0.000655173
1.80000E+07 0.000642625
1.83286E+07 0.000615782
1.83957E+07 0.000610301
1.84159E+07 0.000608651
1.85000E+07 0.000601781
1.87399E+07 0.000582183
1.89863E+07 0.000562055
1.90000E+07 0.000560936
1.90963E+07 0.000555200
1.91035E+07 0.000554771
1.91755E+07 0.000550482
1.94201E+07 0.000535912
1.94202E+07 0.000535908
1.95000E+07 0.000531152
1.95008E+07 0.000531104
1.95076E+07 0.000530699
1.96332E+07 0.000523218
1.97808E+07 0.000514425
1.98712E+07 0.000509040
2.00000E+07 0.000501368
2.10000E+07 0.000458670
2.16562E+07 0.000432792
2.17368E+07 0.000429613
2.20000E+07 0.000419234
2.24996E+07 0.000404721
2.26502E+07 0.000400347
2.30000E+07 0.000390186
2.40000E+07 0.000370105
2.50000E+07 0.000348616
2.60000E+07 0.000333209
2.70000E+07 0.000318835
2.80000E+07 0.000305247
2.90000E+07 0.000294010
3.00000E+07 0.000283030
3.00000E+07 0.00000
3.10000E+07 0.00000
3.20000E+07 0.00000
3.30000E+07 0.00000
3.40000E+07 0.00000
3.50000E+07 0.00000
3.60000E+07 0.00000
3.70000E+07 0.00000
3.80000E+07 0.00000
3.90000E+07 0.00000
4.00000E+07 0.00000
4.10000E+07 0.00000
4.20000E+07 0.00000
4.30000E+07 0.00000
4.40000E+07 0.00000
4.50000E+07 0.00000
4.60000E+07 0.00000
4.70000E+07 0.00000
4.80000E+07 0.00000
4.90000E+07 0.00000
5.00000E+07 0.00000
5.10000E+07 0.00000
5.20000E+07 0.00000
5.30000E+07 0.00000
5.40000E+07 0.00000
5.50000E+07 0.00000
5.60000E+07 0.00000
5.70000E+07 0.00000
5.80000E+07 0.00000
5.90000E+07 0.00000
6.00000E+07 0.00000
6.10000E+07 0.00000
6.20000E+07 0.00000
6.30000E+07 0.00000
6.40000E+07 0.00000
6.50000E+07 0.00000
6.60000E+07 0.00000
6.70000E+07 0.00000
6.80000E+07 0.00000
6.90000E+07 0.00000
7.00000E+07 0.00000
7.10000E+07 0.00000
7.20000E+07 0.00000
7.30000E+07 0.00000
7.40000E+07 0.00000
7.50000E+07 0.00000
7.60000E+07 0.00000
7.70000E+07 0.00000
7.80000E+07 0.00000
7.90000E+07 0.00000
8.00000E+07 0.00000
8.10000E+07 0.00000
8.20000E+07 0.00000
8.30000E+07 0.00000
8.40000E+07 0.00000
8.50000E+07 0.00000
8.60000E+07 0.00000
8.70000E+07 0.00000
8.80000E+07 0.00000
8.90000E+07 0.00000
9.00000E+07 0.00000
9.10000E+07 0.00000
9.20000E+07 0.00000
9.30000E+07 0.00000
9.40000E+07 0.00000
9.50000E+07 0.00000
9.60000E+07 0.00000
9.70000E+07 0.00000
9.80000E+07 0.00000
9.90000E+07 0.00000
1.00000E+08 0.00000
1.02000E+08 0.00000
1.04000E+08 0.00000
1.06000E+08 0.00000
1.08000E+08 0.00000
1.10000E+08 0.00000
1.12000E+08 0.00000
1.14000E+08 0.00000
1.16000E+08 0.00000
1.18000E+08 0.00000
1.20000E+08 0.00000
1.22000E+08 0.00000
1.24000E+08 0.00000
1.26000E+08 0.00000
1.28000E+08 0.00000
1.30000E+08 0.00000
1.32000E+08 0.00000
1.34000E+08 0.00000
1.36000E+08 0.00000
1.38000E+08 0.00000
1.40000E+08 0.00000
1.42000E+08 0.00000
1.44000E+08 0.00000
1.46000E+08 0.00000
1.48000E+08 0.00000
1.50000E+08 0.00000
1.52000E+08 0.00000
1.54000E+08 0.00000
1.56000E+08 0.00000
1.58000E+08 0.00000
1.60000E+08 0.00000
1.62000E+08 0.00000
1.64000E+08 0.00000
1.66000E+08 0.00000
1.68000E+08 0.00000
1.70000E+08 0.00000
1.72000E+08 0.00000
1.74000E+08 0.00000
1.76000E+08 0.00000
1.78000E+08 0.00000
1.80000E+08 0.00000
1.82000E+08 0.00000
1.84000E+08 0.00000
1.86000E+08 0.00000
1.88000E+08 0.00000
1.90000E+08 0.00000
1.92000E+08 0.00000
1.94000E+08 0.00000
1.96000E+08 0.00000
1.98000E+08 0.00000
2.00000E+08 0.00000