Pt-194(n,g) JEFF-3.2
Energy(eV) XS(b)
1.00000E-05 72.1994
1.25000E-05 64.5771
1.50000E-05 58.9506
1.51356E-05 58.6859
1.86209E-05 52.9095
2.00000E-05 51.0527
2.29087E-05 47.7017
2.75000E-05 43.5379
2.81838E-05 43.0065
2.98063E-05 41.8196
3.14288E-05 40.7258
3.46737E-05 38.7734
3.50000E-05 38.5922
3.59573E-05 38.0750
3.69145E-05 37.5781
3.88290E-05 36.6400
4.26579E-05 34.9570
5.00000E-05 32.2885
5.24808E-05 31.5162
5.85231E-05 29.8449
6.45654E-05 28.4141
7.50000E-05 26.3635
7.94328E-05 25.6173
8.85783E-05 24.2588
9.77238E-05 23.0958
0.000100000 22.8314
0.000105057 22.2752
0.000110113 21.7577
0.000120226 20.8225
0.000147911 18.7729
0.000150000 18.6417
0.000157993 18.1641
0.000165985 17.7214
0.000181970 16.9251
0.000200000 16.1442
0.000223872 15.2592
0.000275000 13.7678
0.000275423 13.7572
0.000276414 13.7325
0.000277405 13.7080
0.000279387 13.6593
0.000283350 13.5634
0.000291278 13.3776
0.000307133 13.0277
0.000338844 12.4031
0.000350000 12.2038
0.000383435 11.6596
0.000416870 11.1822
0.000500000 10.2104
0.000512861 10.0816
0.000542385 9.80332
0.000571909 9.54692
0.000630958 9.08921
0.000750000 8.33670
0.000776247 8.19454
0.000865620 7.75996
0.000954993 7.38792
0.00100000 7.21974
0.00117490 6.66069
0.00144544 6.00504
0.00150000 5.89481
0.00163914 5.63904
0.00177828 5.41392
0.00200000 5.10498
0.00218776 4.88098
0.00269154 4.40048
0.00275000 4.35344
0.00289033 4.24643
0.00303066 4.14694
0.00331131 3.96727
0.00350000 3.85883
0.00407380 3.57670
0.00500000 3.22839
0.00501187 3.22456
0.00504794 3.21302
0.00508401 3.20160
0.00515614 3.17912
0.00530040 3.13555
0.00558892 3.05351
0.00616596 2.90707
0.00750000 2.63578
0.00758578 2.62083
0.00780412 2.58389
0.00802247 2.54847
0.00845916 2.48178
0.00933255 2.36274
0.0100000 2.28249
0.0114816 2.13005
0.0141254 1.92024
0.0150000 1.86337
0.0173780 1.73107
0.0200000 1.61349
0.0213796 1.56050
0.0253000 1.43435
0.0323594 1.26802
0.0376500 1.17538
0.0398107 1.14296
0.0443943 1.08221
0.0489778 1.03019
0.0500000 1.01958
0.0525640 0.994324
0.0551280 0.970854
0.0602560 0.928486
0.0741311 0.836760
0.0750000 0.831877
0.0770252 0.820820
0.0790503 0.810191
0.0831006 0.790107
0.0912012 0.754025
0.100000 0.719906
0.112202 0.679395
0.138039 0.612065
0.150000 0.586951
0.169824 0.551313
0.200000 0.507580
0.208930 0.496487
0.232985 0.469832
0.257040 0.446997
0.275000 0.431930
0.316228 0.402312
0.350000 0.382038
0.389045 0.361953
0.478630 0.325487
0.500000 0.318260
0.544422 0.304611
0.588844 0.292523
0.724437 0.262709
0.750000 0.258004
0.820626 0.246156
0.891251 0.235726
1.00000 0.221852
1.34896 0.189135
1.50000 0.178598
1.65959 0.169035
2.00000 0.152520
2.04174 0.150778
2.15928 0.146139
2.27681 0.141853
2.51189 0.134178
2.75000 0.127400
3.09030 0.119068
3.50000 0.110644
3.80190 0.105300
4.67735 0.0927463
5.00000 0.0889449
5.75440 0.0812957
7.07946 0.0708548
7.50000 0.0681164
8.70965 0.0613469
10.0000 0.0554962
13.1826 0.0449021
15.0000 0.0404373
16.2181 0.0378846
19.9526 0.0316341
20.0000 0.0315669
20.1421 0.0313670
20.2842 0.0311693
20.5684 0.0307806
21.1368 0.0300287
22.2736 0.0286198
24.5471 0.0261302
27.5000 0.0234231
30.1996 0.0213529
35.0000 0.0183813
40.0000 0.0159884
45.7089 0.0138685
50.0000 0.0125887
56.2342 0.0110822
69.1831 0.00886284
75.0000 0.00813824
85.1138 0.00714756
100.000 0.00612102
128.825 0.00498268
150.000 0.00455364
158.489 0.00444492
179.245 0.00429790
200.000 0.00429732
239.883 0.00471900
264.158 0.00537077
288.433 0.00663643
300.000 0.00766969
315.770 0.0100448
331.539 0.0150894
339.424 0.0201664
347.309 0.0296514
351.251 0.0378929
355.193 0.0509187
359.136 0.0733713
363.078 0.117299
364.802 0.151049
366.525 0.202709
368.249 0.287680
369.972 0.442342
370.834 0.572439
371.696 0.770766
372.557 1.09509
373.419 1.67997
373.635 1.90040
373.850 2.16732
374.066 2.49508
374.173 2.68757
374.281 2.90328
374.389 3.14635
374.496 3.42108
374.604 3.73349
374.712 4.09080
374.820 4.50205
374.927 4.97864
375.035 5.53517
375.143 6.19055
375.358 7.90637
375.574 10.4461
375.789 14.4351
375.897 17.3425
376.004 21.2203
376.112 26.5555
376.220 34.1567
376.328 45.5048
376.435 63.4745
376.543 94.2199
376.597 118.392
376.651 152.587
376.705 202.925
376.758 279.682
376.812 401.390
376.866 595.385
376.933 955.632
377.000 1201.30
377.067 963.666
377.134 601.553
377.202 366.936
377.270 237.087
377.338 162.827
377.406 117.699
377.474 88.6005
377.542 68.9442
377.677 44.9754
377.813 31.5480
377.949 23.3203
378.221 14.1966
378.493 9.53189
378.764 6.83549
379.036 5.13900
379.308 4.00366
379.851 2.62555
380.394 1.85360
380.938 1.37817
381.481 1.06495
382.568 0.690910
383.654 0.484730
384.741 0.359188
385.828 0.277149
388.001 0.180052
390.175 0.127026
392.348 0.0949756
394.522 0.0741667
398.868 0.0497617
403.215 0.0366320
411.909 0.0239637
420.603 0.0186523
429.297 0.0164429
446.684 0.0170933
458.062 0.0217372
463.752 0.0268020
469.441 0.0361898
475.130 0.0563042
477.975 0.0763339
480.819 0.112880
482.241 0.143728
483.664 0.190957
485.086 0.268674
486.508 0.410243
487.220 0.529424
487.931 0.711254
488.642 1.00893
489.353 1.54660
489.709 1.99532
490.064 2.67397
490.420 3.77125
490.509 4.15192
490.598 4.59343
490.686 5.10947
490.775 5.71702
490.864 6.44078
490.953 7.31130
491.042 8.37104
491.131 9.67893
491.220 11.3187
491.309 13.4125
491.398 16.1439
491.486 19.7943
491.575 24.8370
491.664 32.0651
491.753 42.9315
491.842 60.3047
491.931 90.4481
491.975 114.486
492.020 148.931
492.064 200.540
492.109 281.015
492.153 412.133
492.197 628.853
492.249 1007.45
492.300 1265.48
492.351 1017.19
492.403 636.410
492.462 364.119
492.521 224.642
492.581 149.546
492.640 105.850
492.700 78.4797
492.759 60.3857
492.878 38.7748
492.996 26.9282
493.115 19.7640
493.352 11.9247
493.590 7.96290
493.827 5.69115
494.065 4.26917
494.302 3.32083
494.777 2.17436
495.252 1.53464
495.727 1.14173
496.201 0.883295
497.151 0.575298
498.101 0.405841
499.050 0.302813
500.000 0.235580
501.563 0.166743
503.125 0.125636
506.250 0.0812555
509.375 0.0592882
512.500 0.0470508
518.750 0.0352086
525.000 0.0307310
537.500 0.0307484
550.000 0.0385729
562.500 0.0580650
568.750 0.0771743
575.000 0.110400
581.250 0.175592
584.375 0.234721
587.500 0.332042
589.063 0.406244
590.625 0.509363
591.016 0.541447
591.406 0.576716
591.797 0.615616
592.188 0.658664
592.578 0.706484
592.969 0.759781
593.359 0.819440
593.750 0.886515
594.141 0.962310
594.531 1.04836
594.922 1.14662
595.313 1.25951
596.094 1.54232
596.875 1.93310
597.656 2.49474
598.438 3.34278
599.219 4.70998
599.609 5.73032
600.000 7.11948
600.342 8.79217
600.684 11.1223
601.026 14.4966
601.368 19.6229
601.710 27.8922
602.052 42.2629
602.223 53.5861
602.394 69.4790
602.565 92.1170
602.736 124.211
603.018 198.989
603.300 250.372
603.582 201.684
603.864 126.274
604.146 77.6254
604.428 50.3929
604.710 34.7148
604.993 25.1452
605.275 18.9637
605.557 14.7720
606.121 9.65066
606.685 6.77779
607.249 5.01433
608.378 3.05772
609.506 2.05652
610.635 1.47769
611.763 1.11352
612.892 0.869793
615.148 0.574288
617.405 0.409036
619.662 0.307564
621.919 0.240980
626.433 0.162232
630.946 0.119824
635.460 0.0951208
639.974 0.0802732
649.001 0.0673241
658.029 0.0695921
667.056 0.0896656
671.570 0.111910
676.083 0.151040
678.794 0.189467
681.504 0.248512
684.214 0.345334
686.924 0.519702
688.279 0.664429
688.957 0.761446
689.296 0.818337
689.634 0.881978
689.973 0.953524
690.312 1.03431
690.651 1.12600
690.820 1.17655
690.990 1.23060
691.328 1.35074
691.667 1.48958
692.006 1.65122
692.345 1.84085
692.683 2.06547
693.022 2.33410
693.361 2.65901
693.700 3.05687
694.039 3.55145
694.377 4.17645
694.716 4.98169
695.055 6.04267
695.394 7.47978
695.732 9.49052
696.071 12.4187
696.410 16.8991
696.749 24.2031
697.088 37.0861
697.257 47.3838
697.426 62.0241
697.596 83.1921
697.765 113.645
698.033 181.745
698.300 227.184
698.568 181.841
698.835 113.687
699.095 70.9150
699.354 46.5605
699.614 32.3311
699.874 23.5562
700.133 17.8408
700.393 13.9437
700.912 9.15255
701.431 6.44819
701.951 4.78115
702.989 2.92389
704.028 1.96983
705.066 1.41678
706.105 1.06810
707.143 0.834330
709.220 0.550225
711.297 0.390790
713.374 0.292480
715.451 0.227618
719.605 0.150040
723.759 0.107167
727.914 0.0809977
732.068 0.0638576
740.376 0.0435266
748.684 0.0324332
765.300 0.0216172
781.916 0.0172635
798.532 0.0161232
815.149 0.0178064
831.765 0.0243683
843.719 0.0370309
849.696 0.0499912
855.672 0.0738265
858.661 0.0939708
861.649 0.124761
864.638 0.175224
867.626 0.266462
869.121 0.342645
870.615 0.457908
872.109 0.644378
872.856 0.784171
873.230 0.871953
873.603 0.975431
873.977 1.09865
874.164 1.16925
874.350 1.24691
874.537 1.33260
874.724 1.42748
874.911 1.53289
875.097 1.65038
875.284 1.78203
875.471 1.93010
875.845 2.28742
876.218 2.75410
876.592 3.37915
876.965 4.24320
877.339 5.48366
877.712 7.35364
878.086 10.3528
878.273 12.5777
878.459 15.5844
878.646 19.7723
878.833 25.8128
879.020 34.9052
879.207 49.2378
879.393 72.8701
879.580 112.454
879.790 180.060
880.000 225.552
880.210 180.737
880.420 112.963
880.654 65.9878
880.887 41.3143
881.121 27.7748
881.354 19.7843
881.588 14.7403
881.821 11.3797
882.289 7.34251
882.756 5.11537
883.223 3.76290
884.157 2.27729
885.091 1.52403
886.025 1.09099
886.960 0.819541
887.894 0.638318
889.762 0.419039
891.631 0.296538
893.499 0.221251
895.368 0.171710
899.104 0.112641
902.841 0.0801215
906.578 0.0603388
910.315 0.0474209
917.789 0.0321481
925.263 0.0238262
940.210 0.0155939
955.158 0.0119014
970.105 0.0100564
1000.00 0.00878575
1024.23 0.00903441
1048.47 0.0102058
1072.70 0.0125722
1096.94 0.0170305
1121.17 0.0261734
1133.29 0.0347854
1145.40 0.0496708
1157.52 0.0794167
1163.58 0.107464
1169.64 0.156312
1172.67 0.196015
1174.18 0.222367
1175.70 0.254885
1176.45 0.274126
1177.21 0.295763
1177.59 0.307637
1177.97 0.320253
1178.73 0.348130
1179.48 0.380104
1180.24 0.416928
1181.00 0.459709
1181.75 0.509821
1182.51 0.569145
1183.27 0.639907
1184.03 0.725390
1184.78 0.830007
1185.54 0.960142
1186.30 1.12437
1187.06 1.33602
1187.81 1.61523
1188.57 1.99451
1189.33 2.52594
1190.08 3.30284
1190.84 4.49895
1191.60 6.46911
1192.36 9.98981
1192.74 12.8502
1193.11 16.9644
1193.49 23.0399
1193.87 31.9611
1194.44 51.2315
1195.00 65.0342
1195.57 52.9787
1196.13 33.3224
1196.74 19.7443
1197.35 12.4885
1197.96 8.46063
1198.58 6.06648
1199.19 4.54783
1199.80 3.53524
1201.02 2.31785
1202.24 1.64701
1203.47 1.24237
1205.91 0.805571
1208.36 0.595945
1210.80 0.489896
1215.69 0.434498
1220.58 0.539655
1223.03 0.684701
1225.47 0.960791
1226.69 1.19169
1227.30 1.34559
1227.92 1.53555
1228.22 1.64774
1228.53 1.77377
1228.83 1.91593
1229.14 2.07650
1229.44 2.25997
1229.75 2.46939
1230.06 2.71147
1230.36 2.99132
1230.67 3.31935
1230.97 3.70580
1231.28 4.16519
1231.58 4.71477
1232.19 6.20376
1232.81 8.52297
1233.11 10.1975
1233.42 12.4034
1233.72 15.3789
1234.03 19.4847
1234.33 25.3558
1234.64 33.9432
1234.95 46.8785
1235.25 66.1791
1235.69 105.295
1236.12 129.461
1236.56 102.077
1236.99 63.6397
1237.33 43.3142
1237.68 30.4466
1238.02 22.2321
1238.36 16.8104
1239.05 10.4622
1239.73 7.09311
1240.42 5.10917
1241.10 3.85278
1242.48 2.41352
1243.85 1.65477
1245.22 1.20717
1246.59 0.921331
1247.96 0.727747
1250.70 0.489779
1253.44 0.354457
1256.19 0.270109
1258.93 0.213945
1264.94 0.141454
1270.96 0.102942
1276.98 0.0803315
1282.99 0.0663399
1295.03 0.0525317
1307.06 0.0509830
1319.09 0.0633859
1325.11 0.0797332
1331.13 0.111715
1334.13 0.139338
1337.14 0.181851
1340.15 0.251690
1343.16 0.377684
1344.66 0.482393
1346.17 0.639943
1347.67 0.892710
1349.17 1.33581
1349.55 1.49906
1349.93 1.69440
1350.30 1.93081
1350.49 2.06808
1350.68 2.22058
1350.87 2.39062
1351.05 2.58099
1351.24 2.79503
1351.43 3.03683
1351.62 3.31136
1351.81 3.62475
1352.18 4.40063
1352.56 5.45294
1352.93 6.92813
1353.31 9.08175
1353.69 12.3891
1354.06 17.8043
1354.25 21.8765
1354.44 27.4190
1354.63 35.1533
1354.81 46.2122
1355.00 62.3081
1355.19 85.6351
1355.49 137.470
1355.78 170.244
1356.07 134.675
1356.36 84.1728
1356.55 61.2750
1356.74 45.4965
1357.11 27.0566
1357.49 17.6002
1357.86 12.2624
1358.24 8.99666
1358.62 6.86729
1359.37 4.36475
1360.12 3.01252
1360.87 2.20242
1362.38 1.32390
1363.88 0.883104
1365.38 0.631565
1366.89 0.474492
1368.39 0.370022
1371.40 0.243879
1374.40 0.173565
1377.41 0.130359
1380.42 0.101898
1386.43 0.0678501
1392.45 0.0489746
1398.46 0.0373786
1404.48 0.0297143
1416.50 0.0204634
1428.53 0.0152451
1452.59 0.00977125
1476.65 0.00704137
1500.71 0.00545977
1548.82 0.00380221
1576.32 0.00336370
1590.07 0.00345927
1593.50 0.00370358
1596.94 0.00446865
1598.66 0.00556320
1600.38 0.00867871
1601.24 0.0129888
1602.10 0.0249937
1602.53 0.0412860
1602.95 0.0853932
1603.17 0.143309
1603.38 0.292840
1603.49 0.477861
1603.60 0.907578
1603.65 1.38066
1603.71 2.30197
1603.73 3.14862
1603.76 4.51092
1603.79 6.81664
1603.81 10.6042
1603.84 17.0040
1603.87 21.0432
1603.90 16.7683
1603.93 10.6028
1603.95 7.15912
1603.97 5.06810
1604.00 3.67066
1604.02 2.78951
1604.06 1.73109
1604.11 1.17943
1604.20 0.636356
1604.29 0.398360
1604.46 0.197822
1604.64 0.118750
1605.00 0.0571498
1605.36 0.0342764
1606.07 0.0172361
1606.79 0.0110873
1608.22 0.00659336
1609.65 0.00499113
1612.50 0.00382351
1615.36 0.00340190
1626.80 0.00297086
1638.23 0.00299595
1643.95 0.00351754
1646.81 0.00565183
1648.24 0.0138268
1648.95 0.0436678
1649.31 0.142724
1649.40 0.228615
1649.49 0.420773
1649.58 0.997857
1649.62 1.82044
1649.65 2.57926
1649.67 3.76638
1649.70 6.06918
1649.72 7.53489
1649.75 5.98433
1649.78 3.76617
1649.81 2.41433
1649.83 1.64194
1649.88 0.859449
1649.93 0.518920
1649.99 0.345183
1650.09 0.183756
1650.19 0.114105
1650.60 0.0346883
1651.41 0.0113280
1653.04 0.00498031
1656.30 0.00332531
1662.82 0.00290895
1675.87 0.00284555
1701.95 0.00305390
1728.04 0.00357879
1754.12 0.00468193
1780.21 0.00719308
1793.25 0.00975203
1806.29 0.0144658
1812.81 0.0184628
1819.34 0.0245936
1825.86 0.0346937
1832.38 0.0530981
1835.64 0.0685895
1838.90 0.0922162
1842.16 0.130859
1845.42 0.200540
1847.05 0.258634
1848.68 0.346310
1850.31 0.487751
1851.94 0.737835
1852.76 0.942330
1853.57 1.24476
1853.98 1.45389
1854.39 1.71961
1854.59 1.88098
1854.80 2.06608
1855.00 2.27977
1855.20 2.52690
1855.41 2.81779
1855.61 3.16156
1855.81 3.57173
1856.02 4.06372
1856.22 4.66683
1856.43 5.41290
1856.63 6.35009
1856.83 7.54155
1857.04 9.10242
1857.24 11.1865
1857.44 14.0454
1857.65 18.0680
1857.85 23.9902
1858.06 33.0099
1858.26 47.2193
1858.46 69.6201
1858.72 111.512
1858.98 139.231
1859.23 111.179
1859.49 69.4885
1859.76 41.3539
1860.04 26.2802
1860.31 17.8246
1860.59 12.7872
1860.86 9.56786
1861.14 7.41562
1861.68 4.80783
1862.23 3.35983
1862.78 2.47666
1863.88 1.50321
1864.98 1.00720
1866.08 0.721338
1867.17 0.541848
1868.27 0.421960
1870.47 0.276561
1872.66 0.195252
1874.86 0.145208
1877.05 0.112267
1881.44 0.0729487
1885.83 0.0512822
1890.23 0.0380913
1894.62 0.0294705
1903.40 0.0192633
1912.18 0.0136828
1920.96 0.0103046
1929.74 0.00810726
1947.31 0.00552281
1964.87 0.00412855
2000.00 0.00280323
2031.06 0.00239093
2062.12 0.00258971
2077.64 0.00322979
2085.41 0.00394025
2093.17 0.00529075
2100.94 0.00825248
2104.82 0.0112404
2108.70 0.0167343
2110.64 0.0213936
2112.58 0.0285496
2114.52 0.0403618
2116.47 0.0619527
2117.44 0.0801911
2118.41 0.108061
2119.38 0.153876
2120.35 0.236919
2120.83 0.306669
2121.32 0.412405
2121.80 0.584300
2122.29 0.891641
2122.53 1.14605
2122.77 1.52716
2123.02 2.13531
2123.26 3.18766
2123.50 5.26994
2123.62 7.15622
2123.74 10.2555
2123.81 12.6306
2123.87 15.9193
2123.90 18.0951
2123.93 20.6435
2123.96 23.7540
2123.99 27.5982
2124.02 32.5965
2124.05 38.7770
2124.08 46.7769
2124.11 57.3167
2124.14 72.0033
2124.17 91.4773
2124.20 118.281
2124.23 154.881
2124.28 247.597
2124.34 309.369
2124.37 290.628
2124.39 247.688
2124.45 154.949
2124.49 104.744
2124.54 73.7103
2124.58 53.4780
2124.62 40.4667
2124.71 25.0697
2124.80 16.9912
2124.88 12.1880
2124.97 9.15136
2125.14 5.70171
2125.32 3.87672
2125.49 2.80892
2125.66 2.12456
2125.84 1.66486
2126.18 1.09986
2126.53 0.780308
2126.88 0.582240
2127.22 0.451395
2127.92 0.293849
2128.61 0.206547
2129.31 0.153187
2130.00 0.118252
2131.39 0.0766891
2132.77 0.0539023
2134.16 0.0400663
2135.55 0.0310403
2138.32 0.0203679
2141.10 0.0145426
2143.87 0.0110157
2146.65 0.00872087
2152.20 0.00601240
2157.75 0.00453601
2168.84 0.00306314
2179.94 0.00238212
2191.04 0.00201855
2213.24 0.00169425
2235.43 0.00164737
2257.63 0.00192524
2268.73 0.00240843
2274.28 0.00290819
2279.83 0.00383443
2285.38 0.00583672
2288.15 0.00784618
2290.92 0.0115312
2292.31 0.0146559
2293.70 0.0194500
2295.09 0.0273614
2296.47 0.0418212
2297.17 0.0540394
2297.86 0.0727381
2298.56 0.103464
2299.25 0.159160
2299.60 0.205923
2299.94 0.277001
2300.29 0.392701
2300.64 0.599141
2300.81 0.770815
2300.98 1.02665
2301.16 1.43766
2301.33 2.14946
2301.50 3.56590
2301.59 4.86177
2301.68 6.97480
2301.76 10.8635
2301.81 14.0768
2301.85 18.9013
2301.87 22.3496
2301.89 26.7848
2301.92 32.5946
2301.94 39.9499
2301.96 50.3753
2301.98 64.0623
2301.99 73.1928
2302.00 84.0062
2302.02 110.251
2302.04 140.871
2302.06 175.750
2302.10 219.269
2302.12 206.607
2302.14 175.983
2302.17 110.434
2302.22 64.9266
2302.26 41.2368
2302.30 27.9965
2302.34 20.0773
2302.38 15.0339
2302.42 11.6489
2302.50 7.55514
2302.59 5.26012
2302.67 3.88050
2302.83 2.35700
2303.00 1.57715
2303.16 1.13064
2303.33 0.849956
2303.49 0.662160
2303.82 0.433913
2304.15 0.306572
2304.48 0.227962
2304.80 0.176340
2305.46 0.114538
2306.12 0.0805314
2306.78 0.0598164
2307.43 0.0462718
2308.75 0.0302160
2310.06 0.0214390
2311.38 0.0161206
2312.69 0.0126568
2315.32 0.00856924
2317.95 0.00634415
2323.20 0.00413015
2328.46 0.00310951
2333.72 0.00256135
2344.23 0.00203442
2369.17 0.00170947
2394.11 0.00175730
2419.04 0.00200082
2443.98 0.00251250
2468.92 0.00362597
2481.39 0.00472943
2493.85 0.00673236
2500.09 0.00841829
2506.32 0.0109960
2512.56 0.0152366
2518.79 0.0229713
2521.91 0.0294968
2525.03 0.0394805
2528.14 0.0558887
2531.26 0.0857148
2532.82 0.110774
2534.38 0.148894
2535.94 0.211120
2537.49 0.322881
2538.27 0.415778
2539.05 0.555382
2539.83 0.779441
2540.61 1.17264
2541.00 1.49174
2541.39 1.96089
2541.59 2.28280
2541.78 2.69059
2541.98 3.21750
2542.17 3.91030
2542.27 4.34781
2542.36 4.85659
2542.46 5.46586
2542.56 6.18760
2542.66 7.06986
2542.75 8.13927
2542.85 9.46536
2542.95 11.1350
2543.05 13.2986
2543.14 16.0996
2543.24 19.8848
2543.34 25.0212
2543.44 32.3305
2543.53 42.7949
2543.63 58.2163
2543.73 80.9012
2543.87 129.499
2544.02 162.520
2544.09 153.256
2544.16 130.649
2544.31 81.7972
2544.46 49.0727
2544.61 31.2998
2544.77 21.3044
2544.92 15.3030
2545.07 11.4715
2545.23 8.89548
2545.53 5.78254
2545.84 4.04380
2546.14 2.98235
2546.75 1.81203
2547.37 1.21471
2547.98 0.870766
2548.59 0.654605
2549.20 0.510012
2550.42 0.334601
2551.64 0.236436
2552.87 0.176032
2554.09 0.136276
2556.54 0.0887864
2558.98 0.0626288
2561.43 0.0467019
2563.87 0.0363041
2568.76 0.0240102
2573.65 0.0173161
2578.54 0.0132915
2583.43 0.0107019
2593.22 0.00773332
2603.00 0.00623998
2622.56 0.00518592
2642.13 0.00564270
2651.91 0.00654384
2661.69 0.00832830
2671.47 0.0121639
2676.36 0.0159323
2681.25 0.0227172
2683.70 0.0283938
2686.14 0.0370289
2688.59 0.0511672
2691.03 0.0767910
2692.26 0.0983092
2693.48 0.131090
2694.70 0.184671
2695.92 0.281222
2696.54 0.361826
2697.15 0.483420
2697.76 0.679710
2698.37 1.02715
2698.68 1.31172
2698.98 1.73376
2699.29 2.39806
2699.59 3.52645
2699.75 4.41723
2699.90 5.69040
2699.98 6.54799
2700.05 7.59713
2700.13 8.91609
2700.20 10.6040
2700.28 12.8421
2700.36 15.8031
2700.43 19.9396
2700.51 25.7543
2700.59 34.4680
2700.66 47.7118
2700.74 68.8181
2700.81 102.790
2700.91 164.908
2701.00 206.830
2701.05 195.055
2701.09 166.258
2701.18 104.403
2701.29 59.2259
2701.40 36.3171
2701.51 24.0794
2701.62 16.9881
2701.73 12.5723
2701.84 9.65702
2702.06 6.20053
2702.27 4.30031
2702.49 3.15801
2702.93 1.90598
2703.36 1.27308
2703.80 0.911279
2704.23 0.684910
2704.67 0.533996
2705.54 0.351530
2706.41 0.249928
2707.28 0.187601
2708.15 0.146677
2709.89 0.0980783
2711.63 0.0715991
2713.37 0.0557402
2715.11 0.0456566
2718.59 0.0345128
2722.07 0.0296188
2729.03 0.0292886
2732.52 0.0329963
2736.00 0.0402036
2739.48 0.0532710
2742.96 0.0780832
2744.70 0.0992532
2746.44 0.131678
2748.18 0.184779
2749.92 0.280356
2750.79 0.359850
2751.66 0.479349
2752.53 0.671132
2753.40 1.00758
2753.84 1.28083
2754.27 1.68142
2754.49 1.95677
2754.71 2.30370
2754.93 2.75367
2755.14 3.34545
2755.25 3.71682
2755.36 4.15302
2755.47 4.66987
2755.58 5.28203
2755.69 6.02853
2755.80 6.94219
2755.91 8.07565
2756.01 9.48867
2756.12 11.3141
2756.23 13.6989
2756.34 16.8840
2756.45 21.1961
2756.56 27.3014
2756.67 36.1059
2756.78 49.0599
2756.88 67.8687
2757.05 108.733
2757.21 136.491
2757.29 128.756
2757.38 109.604
2757.54 68.5451
2757.66 47.9600
2757.78 34.5227
2757.90 25.5927
2758.01 19.6071
2758.25 12.3928
2758.49 8.47220
2758.73 6.13425
2758.96 4.63729
2759.44 2.91145
2759.91 1.99212
2760.38 1.44844
2760.86 1.09961
2761.33 0.863575
2762.28 0.573035
2763.22 0.408097
2764.17 0.305594
2765.12 0.237583
2767.01 0.155757
2768.91 0.110327
2770.80 0.0824985
2772.69 0.0642228
2776.48 0.0424561
2780.27 0.0304778
2784.06 0.0231811
2787.85 0.0184093
2795.43 0.0127510
2803.00 0.00965707
2818.16 0.00659392
2833.31 0.00523697
2848.46 0.00458906
2878.77 0.00425729
2909.08 0.00465822
2939.39 0.00575443
2969.69 0.00800155
2984.85 0.00995133
3000.00 0.0129656
3010.90 0.0162767
3021.80 0.0212854
3032.70 0.0294055
3043.61 0.0439229
3049.06 0.0559445
3054.51 0.0740193
3059.96 0.103052
3065.41 0.154135
3068.13 0.195705
3070.86 0.257029
3072.22 0.299282
3072.90 0.324443
3073.58 0.352941
3074.27 0.385441
3074.95 0.422609
3075.63 0.465446
3076.31 0.515156
3076.99 0.573376
3077.67 0.641934
3078.35 0.723659
3079.04 0.821806
3079.72 0.941403
3080.40 1.08862
3081.08 1.27277
3081.76 1.50704
3082.44 1.81135
3083.12 2.21434
3083.80 2.76243
3084.49 3.52993
3085.17 4.64231
3085.85 6.30612
3086.53 8.87298
3087.21 12.8529
3088.11 20.6004
3089.01 25.9741
3089.46 24.5764
3089.91 20.9698
3090.81 13.1390
3091.49 9.05373
3092.17 6.42050
3092.86 4.71413
3093.54 3.57909
3094.90 2.23761
3096.26 1.51969
3097.63 1.09594
3098.99 0.826595
3101.71 0.517893
3104.44 0.355142
3107.17 0.259299
3109.89 0.198308
3112.62 0.157237
3118.07 0.107354
3123.52 0.0798529
3128.97 0.0637247
3134.42 0.0542790
3145.33 0.0486752
3150.78 0.0526588
3156.23 0.0644763
3161.68 0.0939124
3164.41 0.124329
3167.13 0.179924
3168.50 0.226435
3169.86 0.296660
3171.22 0.409678
3172.59 0.608435
3173.95 1.00691
3174.63 1.37629
3174.97 1.64315
3175.31 1.99506
3175.48 2.21642
3175.65 2.47505
3175.82 2.78348
3175.99 3.15058
3176.17 3.59750
3176.34 4.14182
3176.51 4.81742
3176.68 5.66890
3176.85 6.76813
3177.02 8.19854
3177.19 10.1115
3177.36 12.7338
3177.53 16.4520
3177.70 21.8030
3177.87 29.6998
3178.04 41.3200
3178.29 66.0581
3178.54 82.1603
3178.80 65.4463
3179.05 40.9200
3179.35 23.1026
3179.66 14.1374
3179.96 9.36623
3180.26 6.61398
3180.56 4.89515
3180.86 3.76442
3181.46 2.41679
3182.07 1.68018
3182.67 1.23552
3183.88 0.749706
3185.08 0.504405
3186.29 0.363887
3187.50 0.275934
3188.70 0.217261
3191.11 0.146267
3193.53 0.106602
3195.94 0.0821870
3198.35 0.0661071
3203.18 0.0469088
3208.00 0.0363616
3217.65 0.0259828
3227.30 0.0216446
3236.95 0.0200468
3256.25 0.0217693
3265.90 0.0251055
3275.55 0.0309607
3285.20 0.0411417
3294.85 0.0599548
3299.68 0.0756935
3304.50 0.0993921
3309.33 0.137341
3314.15 0.203540
3316.56 0.256819
3317.77 0.291788
3318.98 0.334504
3319.58 0.359540
3320.18 0.387465
3320.79 0.418788
3321.39 0.454080
3321.99 0.494035
3322.60 0.539502
3323.20 0.591533
3323.80 0.651440
3324.41 0.720999
3325.01 0.802083
3325.61 0.897507
3326.21 1.01079
3327.42 1.31113
3328.63 1.76351
3329.23 2.07951
3329.83 2.48444
3330.44 3.01264
3331.04 3.71495
3331.64 4.66721
3332.24 5.98160
3332.85 7.81574
3333.45 10.3550
3334.51 16.5337
3335.57 20.5257
3336.63 16.3134
3337.69 10.1803
3338.51 6.95938
3339.34 4.90816
3340.16 3.59169
3340.98 2.71952
3342.62 1.69471
3344.27 1.14855
3345.91 0.826941
3347.56 0.622800
3350.84 0.389034
3354.13 0.265773
3357.42 0.193130
3360.71 0.146790
3364.00 0.115450
3370.57 0.0770171
3377.15 0.0552596
3383.73 0.0417624
3390.30 0.0328249
3403.46 0.0221135
3416.61 0.0162188
3429.76 0.0126828
3442.91 0.0104615
3469.22 0.00824884
3495.53 0.00812387
3508.68 0.00901612
3521.83 0.0111001
3534.99 0.0157549
3541.56 0.0201992
3548.14 0.0277100
3552.13 0.0350557
3556.12 0.0462963
3560.12 0.0647117
3564.11 0.0979250
3566.11 0.125586
3568.10 0.167279
3570.10 0.234436
3572.09 0.352726
3573.09 0.449081
3574.09 0.591095
3575.09 0.812979
3575.59 0.973881
3576.09 1.18751
3576.34 1.32182
3576.59 1.47942
3576.84 1.66753
3577.09 1.89255
3577.34 2.16697
3577.58 2.50323
3577.83 2.92462
3578.08 3.45705
3578.33 4.14800
3578.58 5.05656
3578.83 6.29061
3579.08 7.99959
3579.33 10.4591
3579.58 14.0810
3579.83 19.5959
3580.08 27.9226
3580.43 44.5667
3580.77 55.2370
3581.12 43.8371
3581.46 27.3502
3581.67 20.3046
3581.88 15.3487
3582.30 9.36698
3582.71 6.18905
3583.13 4.36042
3583.55 3.22212
3583.96 2.47382
3584.79 1.58466
3585.63 1.09865
3586.46 0.805882
3588.12 0.486043
3589.79 0.324794
3591.45 0.232399
3593.12 0.174612
3594.78 0.136092
3598.11 0.0895475
3601.44 0.0635690
3604.77 0.0476064
3608.10 0.0370986
3614.77 0.0245522
3621.43 0.0176243
3628.09 0.0133902
3634.75 0.0106087
3648.07 0.00728314
3661.39 0.00543343
3688.03 0.00352801
3714.67 0.00259696
3741.31 0.00206399
3794.59 0.00150703
3847.87 0.00126946
3901.15 0.00127155
3927.79 0.00145097
3941.11 0.00166165
3954.43 0.00206667
3967.76 0.00295659
3974.42 0.00385360
3981.08 0.00550159
3984.41 0.00689887
3987.74 0.00904518
3991.07 0.0125900
3994.40 0.0190773
3996.06 0.0245617
3997.73 0.0329640
3999.39 0.0467919
4001.06 0.0719644
4001.89 0.0931462
4002.72 0.125384
4003.55 0.178109
4004.39 0.272926
4004.80 0.351976
4005.22 0.470857
4005.63 0.662084
4006.05 0.998744
4006.26 1.27400
4006.47 1.67820
4006.68 2.30927
4006.88 3.37342
4007.09 5.37369
4007.20 7.10363
4007.30 9.80147
4007.35 11.7486
4007.40 14.3163
4007.46 17.7846
4007.51 22.5988
4007.56 29.4849
4007.61 39.6429
4007.66 55.0090
4007.72 78.2677
4007.75 100.664
4007.79 125.513
4007.86 156.294
4007.90 146.666
4007.93 124.595
4008.01 78.0880
4008.09 44.7078
4008.17 27.7548
4008.26 18.4767
4008.34 13.1211
4008.42 9.72427
4008.51 7.49884
4008.67 4.83201
4008.84 3.35693
4009.01 2.46869
4009.34 1.49141
4009.67 0.996846
4010.00 0.712796
4010.34 0.534859
4010.67 0.416116
4011.34 0.272338
4012.00 0.192179
4012.67 0.142911
4013.34 0.110487
4014.67 0.0717954
4016.00 0.0505044
4017.33 0.0375368
4018.67 0.0290705
4021.33 0.0190440
4024.00 0.0135640
4026.66 0.0102478
4029.32 0.00809221
4034.65 0.00555620
4039.98 0.00418513
4050.64 0.00284897
4061.30 0.00227382
4071.96 0.00201644
4093.28 0.00197591
4114.60 0.00248588
4125.26 0.00310915
4135.92 0.00430330
4141.25 0.00532995
4146.58 0.00691480
4151.91 0.00953963
4157.24 0.0143487
4159.90 0.0184168
4162.57 0.0246503
4165.23 0.0349097
4167.90 0.0535777
4169.23 0.0692861
4170.56 0.0932045
4171.89 0.132306
4173.23 0.202658
4173.89 0.261257
4174.56 0.349458
4175.22 0.491358
4175.89 0.741236
4176.22 0.944422
4176.56 1.24398
4176.89 1.71167
4177.22 2.50034
4177.39 3.11663
4177.56 3.98286
4177.72 5.26983
4177.81 6.14999
4177.89 7.26495
4177.97 8.72332
4178.06 10.6254
4178.14 13.1931
4178.22 16.7547
4178.31 21.9190
4178.39 29.4587
4178.47 40.8594
4178.55 58.1138
4178.67 93.0504
4178.79 116.361
4178.84 109.492
4178.90 93.0302
4179.02 58.0968
4179.15 33.5478
4179.28 20.9101
4179.41 14.0187
4179.54 9.96642
4179.68 7.40094
4179.81 5.70943
4180.07 3.68075
4180.33 2.55971
4180.59 1.88257
4181.12 1.13895
4181.64 0.761442
4182.17 0.544570
4182.69 0.408696
4183.22 0.318157
4184.27 0.208398
4185.32 0.147138
4186.37 0.109449
4187.41 0.0846691
4189.51 0.0551011
4191.61 0.0388180
4193.71 0.0289097
4195.81 0.0224403
4200.01 0.0147843
4204.21 0.0106086
4208.40 0.00809116
4212.60 0.00646471
4221.00 0.00458306
4229.39 0.00361558
4246.18 0.00287585
4262.97 0.00308626
4271.37 0.00364152
4279.76 0.00482474
4283.96 0.00587847
4288.16 0.00752831
4292.36 0.0102861
4296.55 0.0153682
4298.65 0.0196797
4300.75 0.0262959
4302.85 0.0371987
4304.95 0.0570558
4306.00 0.0737807
4307.05 0.0992565
4308.10 0.140942
4309.15 0.215998
4309.67 0.278528
4310.20 0.372873
4310.72 0.524901
4311.25 0.792539
4311.51 1.01142
4311.77 1.33354
4312.03 1.83740
4312.30 2.68934
4312.56 4.30613
4312.69 5.70769
4312.82 7.90488
4312.89 9.51253
4312.95 11.6096
4313.02 14.5026
4313.08 18.4848
4313.15 24.3223
4313.21 32.9002
4313.28 46.2745
4313.34 66.5488
4313.39 85.2165
4313.43 106.570
4313.52 133.289
4313.56 125.427
4313.61 106.569
4313.70 66.5470
4313.80 38.2542
4313.90 23.6907
4314.00 15.8138
4314.10 11.2442
4314.20 8.34583
4314.30 6.43994
4314.50 4.14519
4314.70 2.88339
4314.90 2.11872
4315.31 1.28030
4315.71 0.855898
4316.11 0.612098
4316.51 0.459357
4316.91 0.357418
4317.72 0.234108
4318.52 0.165224
4319.33 0.122887
4320.13 0.0950239
4321.74 0.0617774
4323.35 0.0434770
4324.95 0.0323351
4326.56 0.0250520
4329.78 0.0164220
4333.00 0.0117004
4336.21 0.00883745
4339.43 0.00697112
4345.86 0.00476506
4352.29 0.00356020
4365.16 0.00235642
4379.44 0.00175831
4393.72 0.00145867
4422.28 0.00121301
4450.85 0.00118585
4479.41 0.00132248
4507.97 0.00173150
4522.25 0.00216640
4536.53 0.00297471
4543.67 0.00366225
4550.81 0.00471916
4557.96 0.00646516
4565.10 0.00966008
4568.67 0.0123622
4572.24 0.0165016
4575.81 0.0233163
4579.38 0.0357298
4581.16 0.0461825
4582.95 0.0621155
4584.73 0.0881710
4586.52 0.135164
4587.41 0.174334
4588.30 0.233404
4589.20 0.328778
4590.09 0.497134
4590.53 0.634853
4590.98 0.838194
4591.43 1.15713
4591.87 1.69848
4592.10 2.12503
4592.32 2.72978
4592.54 3.63031
4592.65 4.25770
4592.77 5.05120
4592.88 6.09356
4592.99 7.46947
4593.10 9.36850
4593.21 12.0221
4593.32 15.9307
4593.43 21.7954
4593.55 31.0515
4593.66 45.4833
4593.80 72.8996
4593.94 91.2241
4594.01 85.8962
4594.09 73.0931
4594.23 45.7936
4594.32 33.3072
4594.41 24.7734
4594.59 14.7604
4594.78 9.58899
4594.96 6.68548
4595.14 4.89908
4595.32 3.74090
4595.69 2.37826
4596.05 1.63966
4596.42 1.19741
4597.15 0.718296
4597.88 0.477824
4598.60 0.340749
4599.33 0.255125
4600.06 0.198243
4601.52 0.129605
4602.98 0.0913880
4604.44 0.0679538
4605.90 0.0525576
4608.82 0.0342289
4611.74 0.0241527
4614.65 0.0180286
4617.57 0.0140331
4623.41 0.00930927
4629.24 0.00673442
4635.08 0.00518185
4640.91 0.00417757
4652.59 0.00300994
4664.26 0.00239748
4687.60 0.00186544
4710.94 0.00178129
4734.28 0.00214749
4745.96 0.00277448
4751.79 0.00341562
4757.63 0.00459517
4763.46 0.00712995
4766.38 0.00966383
4769.30 0.0142978
4770.76 0.0182166
4772.22 0.0242221
4773.67 0.0341109
4775.13 0.0521295
4775.86 0.0673088
4776.59 0.0904312
4777.32 0.128311
4778.05 0.196567
4778.42 0.253525
4778.78 0.339581
4779.15 0.478511
4779.51 0.723482
4779.69 0.924687
4779.88 1.22107
4780.06 1.68614
4780.24 2.47609
4780.42 3.98959
4780.51 5.31044
4780.60 7.39833
4780.70 10.9615
4780.74 13.7887
4780.79 17.6987
4780.83 23.5559
4780.88 32.2722
4780.90 38.4671
4780.92 46.3074
4780.95 56.2364
4780.97 68.5105
4781.00 87.5062
4781.03 109.823
4781.08 137.566
4781.11 129.485
4781.14 110.508
4781.20 69.0450
4781.24 49.0403
4781.28 35.5642
4781.32 26.5776
4781.36 20.5720
4781.44 13.0826
4781.52 9.01673
4781.60 6.54099
4781.67 4.96727
4781.83 3.13485
4781.99 2.14869
4782.15 1.56289
4782.31 1.18725
4782.47 0.933588
4782.79 0.619118
4783.10 0.440896
4783.42 0.329666
4783.74 0.256052
4784.37 0.167307
4785.01 0.117993
4785.64 0.0877942
4786.28 0.0679990
4787.55 0.0444139
4788.82 0.0314621
4790.09 0.0235965
4791.36 0.0184699
4793.90 0.0124107
4796.43 0.00911310
4801.51 0.00584630
4806.59 0.00436524
4811.67 0.00360184
4821.83 0.00299297
4831.98 0.00305206
4842.14 0.00402586
4852.30 0.00999686
4854.84 0.0161993
4857.38 0.0337531
4858.65 0.0580322
4859.92 0.125969
4860.55 0.218726
4861.19 0.473428
4861.50 0.813009
4861.66 1.13960
4861.82 1.70624
4861.98 2.83883
4862.06 3.87143
4862.14 5.58278
4862.22 8.77118
4862.26 11.4753
4862.30 15.4790
4862.34 22.1071
4862.38 33.3279
4862.42 55.1417
4862.44 73.3975
4862.45 99.0661
4862.49 157.709
4862.52 198.095
4862.55 157.710
4862.59 99.0673
4862.62 59.9453
4862.65 38.3958
4862.69 26.2118
4862.72 19.0387
4862.75 14.2784
4862.79 11.1539
4862.85 7.27635
4862.92 5.10601
4862.99 3.77507
4863.12 2.29963
4863.26 1.54093
4863.39 1.10627
4863.66 0.649242
4863.93 0.426025
4864.20 0.301441
4864.73 0.173848
4865.81 0.0799138
4866.88 0.0462772
4869.03 0.0218673
4871.17 0.0132270
4879.76 0.00485651
4896.94 0.00288200
4914.12 0.00270569
4931.29 0.00286314
4965.65 0.00368206
5000.00 0.00536609
5028.21 0.00818733
5042.32 0.0107209
5056.43 0.0149339
5070.53 0.0230072
5077.59 0.0304004
5084.64 0.0430485
5091.69 0.0682535
5095.22 0.0920435
5098.74 0.133460
5102.27 0.216556
5104.03 0.294221
5104.92 0.350894
5105.80 0.426509
5106.68 0.530829
5107.12 0.598454
5107.56 0.680228
5108.00 0.780364
5108.44 0.904750
5108.88 1.06180
5109.32 1.26333
5109.77 1.52884
5110.21 1.88694
5110.65 2.38466
5111.09 3.09943
5111.53 4.17431
5111.97 5.86545
5112.41 8.65399
5112.85 13.3454
5113.83 27.9694
5114.08 26.9288
5114.33 23.2571
5114.82 14.6892
5115.25 9.56640
5115.67 6.47952
5116.10 4.59917
5116.53 3.40513
5117.39 2.06162
5118.24 1.37736
5119.10 0.985722
5119.96 0.742726
5121.67 0.470573
5123.38 0.330947
5125.09 0.250839
5128.52 0.169483
5131.95 0.134361
5135.37 0.120175
5142.22 0.126112
5149.08 0.174858
5152.50 0.226345
5154.21 0.264248
5155.07 0.287575
5155.93 0.314539
5156.78 0.345960
5157.64 0.382726
5158.50 0.426164
5159.35 0.477783
5160.21 0.539836
5161.07 0.615026
5161.92 0.707400
5162.78 0.822084
5163.64 0.966859
5164.49 1.15211
5165.35 1.39389
5166.21 1.71465
5167.06 2.14940
5167.92 2.74747
5168.77 3.57943
5169.63 4.72669
5171.15 7.53219
5172.67 9.30844
5173.43 8.70676
5174.19 7.37060
5175.71 4.59835
5177.23 2.83459
5178.75 1.84768
5180.27 1.27756
5181.79 0.928768
5183.31 0.702687
5184.83 0.549107
5187.87 0.360827
5190.92 0.254827
5193.96 0.189525
5200.04 0.116743
5206.12 0.0792626
5212.20 0.0574496
5218.28 0.0436340
5224.37 0.0343248
5236.53 0.0229273
5248.69 0.0164633
5260.86 0.0124378
5273.02 0.00975792
5297.35 0.00651773
5321.68 0.00470777
5346.00 0.00359984
5370.33 0.00288313
5399.85 0.00233913
5429.37 0.00209589
5444.13 0.00216775
5458.88 0.00267990
5466.26 0.00351735
5469.95 0.00438722
5473.64 0.00600594
5475.49 0.00738736
5477.33 0.00951579
5479.18 0.0130383
5481.02 0.0194869
5481.95 0.0249448
5482.87 0.0332945
5483.79 0.0470407
5484.71 0.0720015
5485.17 0.0930062
5485.64 0.124900
5486.10 0.176867
5486.56 0.270091
5487.02 0.463284
5487.25 0.649425
5487.48 0.973385
5487.71 1.62064
5487.83 2.21286
5487.94 3.19669
5488.06 5.02609
5488.11 6.57929
5488.17 8.90424
5488.23 12.7367
5488.26 15.5982
5488.29 19.3122
5488.32 24.6033
5488.34 32.0802
5488.37 42.8051
5488.40 57.5366
5488.43 73.9558
5488.45 91.9553
5488.50 114.686
5488.52 107.483
5488.54 91.4690
5488.59 57.1564
5488.63 38.0338
5488.67 26.0283
5488.71 18.6183
5488.75 13.9538
5488.83 8.52896
5488.91 5.70896
5488.98 4.07488
5489.06 3.04906
5489.22 1.88669
5489.38 1.27712
5489.54 0.922821
5489.70 0.697728
5489.85 0.545957
5490.17 0.360016
5490.49 0.255476
5490.80 0.190751
5491.12 0.147924
5491.75 0.0965107
5492.38 0.0680928
5493.02 0.0507049
5493.65 0.0393299
5494.91 0.0258099
5496.18 0.0183935
5497.44 0.0138905
5498.71 0.0109521
5501.24 0.00747548
5503.77 0.00557297
5508.83 0.00366275
5513.89 0.00276460
5518.95 0.00226728
5529.07 0.00175584
5549.31 0.00135955
5569.55 0.00120667
5610.03 0.00117251
5620.15 0.00125446
5630.27 0.00150668
5635.33 0.00185925
5640.39 0.00285496
5642.92 0.00423454
5645.45 0.00812975
5646.72 0.0135102
5647.98 0.0285788
5648.61 0.0491710
5649.25 0.105645
5649.56 0.181105
5649.88 0.380005
5650.04 0.631717
5650.20 1.24785
5650.27 1.95647
5650.35 3.47112
5650.39 4.97936
5650.43 7.55431
5650.47 12.6221
5650.49 16.9113
5650.51 22.8109
5650.54 36.4254
5650.58 45.6078
5650.61 36.4111
5650.64 22.7997
5650.68 13.1630
5650.71 8.10707
5650.75 5.39049
5650.79 3.81021
5650.86 2.17090
5650.93 1.39308
5651.08 0.709813
5651.23 0.428383
5651.53 0.204790
5651.82 0.119975
5652.41 0.0558639
5653.00 0.0324633
5654.19 0.0152943
5655.37 0.00916058
5657.73 0.00472582
5660.10 0.00316360
5664.82 0.00205442
5669.55 0.00168115
5679.01 0.00145733
5688.46 0.00143950
5707.38 0.00162879
5726.29 0.00210641
5745.20 0.00320152
5754.66 0.00431420
5764.11 0.00636096
5768.84 0.00809521
5773.57 0.0107552
5778.30 0.0151372
5783.02 0.0231224
5785.39 0.0298427
5787.75 0.0400910
5790.12 0.0568489
5792.48 0.0870676
5793.66 0.112235
5794.84 0.150221
5796.03 0.211464
5797.21 0.319645
5797.80 0.407887
5798.39 0.538378
5798.98 0.742960
5799.57 1.09000
5799.87 1.36238
5800.16 1.74838
5800.46 2.32457
5800.61 2.72384
5800.75 3.22928
5800.90 3.89080
5801.05 4.77121
5801.20 5.97412
5801.35 7.65437
5801.49 10.1154
5801.64 13.8312
5801.79 19.6197
5801.94 28.6059
5802.13 45.8425
5802.32 57.2399
5802.42 53.8322
5802.51 45.6985
5802.70 28.5675
5802.90 17.5095
5803.09 11.3491
5803.28 7.81215
5803.47 5.66523
5803.67 4.27085
5803.86 3.32596
5804.24 2.17435
5804.63 1.52660
5805.02 1.12986
5805.79 0.689188
5806.56 0.463205
5807.33 0.332472
5808.10 0.250170
5808.87 0.195108
5810.41 0.128163
5811.95 0.0906549
5813.49 0.0675300
5815.03 0.0522939
5818.12 0.0340835
5821.20 0.0240356
5824.28 0.0179123
5827.37 0.0139085
5833.53 0.00916251
5839.70 0.00656623
5845.86 0.00499371
5852.03 0.00397091
5864.36 0.00276793
5876.69 0.00211847
5901.35 0.00149115
5926.01 0.00123358
5950.68 0.00114005
6000.00 0.00126375
6036.12 0.00172023
6054.19 0.00221982
6072.25 0.00315763
6081.28 0.00395850
6090.31 0.00519109
6099.34 0.00722684
6108.37 0.0109443
6112.89 0.0140786
6117.40 0.0188642
6121.92 0.0267036
6126.43 0.0408760
6128.69 0.0527123
6130.95 0.0706247
6133.20 0.0996080
6135.46 0.151044
6136.59 0.193233
6137.72 0.255944
6138.85 0.354955
6139.98 0.524415
6141.11 0.851164
6141.67 1.14162
6141.95 1.34481
6142.23 1.60649
6142.52 1.95234
6142.80 2.41791
6142.94 2.71384
6143.08 3.06569
6143.22 3.48785
6143.36 3.99937
6143.50 4.62579
6143.65 5.40161
6143.79 6.37381
6143.93 7.60656
6144.07 9.18690
6144.21 11.2299
6144.35 13.8778
6144.49 17.2773
6144.81 27.6714
6145.13 34.6180
6145.29 32.6029
6145.45 27.7159
6145.77 17.3385
6145.98 12.5200
6146.19 9.24045
6146.61 5.44550
6147.03 3.51759
6147.45 2.44092
6147.87 1.78439
6148.29 1.35913
6149.13 0.860716
6149.97 0.592501
6150.82 0.432253
6152.50 0.258900
6154.18 0.172138
6155.86 0.122683
6157.54 0.0918638
6159.22 0.0713863
6162.59 0.0466980
6165.95 0.0329653
6169.31 0.0245458
6172.68 0.0190177
6179.40 0.0124376
6186.13 0.00882130
6192.86 0.00662378
6199.58 0.00519003
6213.04 0.00349580
6226.49 0.00257317
6253.40 0.00166113
6280.31 0.00125668
6307.21 0.00108071
6320.67 0.00107200
6334.12 0.00119413
6340.85 0.00141692
6347.57 0.00209268
6350.94 0.00305136
6354.30 0.00578391
6355.98 0.00957994
6357.66 0.0202590
6358.50 0.0349271
6359.35 0.0755799
6359.77 0.130401
6360.19 0.277397
6360.40 0.467424
6360.61 0.947609
6360.71 1.52218
6360.82 2.81932
6360.87 4.19003
6360.92 6.72682
6360.97 12.3100
6361.00 17.5025
6361.03 25.9114
6361.06 41.5441
6361.09 51.8116
6361.13 41.5775
6361.16 25.9375
6361.19 16.3256
6361.22 10.7371
6361.26 7.46455
6361.29 5.44230
6361.35 3.22436
6361.41 2.12999
6361.54 1.11130
6361.67 0.681285
6361.92 0.329968
6362.18 0.194395
6362.69 0.0905632
6363.20 0.0524238
6364.22 0.0242445
6365.23 0.0141369
6367.27 0.00679108
6369.31 0.00418554
6373.38 0.00230615
6377.46 0.00164149
6385.61 0.00116079
6393.75 0.000989666
6426.35 0.000830658
6491.53 0.000894685
6556.72 0.00121947
6573.02 0.00140128
6589.31 0.00174145
6597.46 0.00210194
6605.61 0.00297916
6609.68 0.00411772
6611.72 0.00523179
6613.76 0.00724992
6615.79 0.0115441
6616.81 0.0158152
6617.83 0.0235847
6618.85 0.0401221
6619.87 0.0859784
6620.38 0.148022
6620.89 0.315304
6621.14 0.533668
6621.39 1.08898
6621.52 1.76860
6621.65 3.32256
6621.71 4.99681
6621.78 8.18930
6621.81 11.0419
6621.84 15.5126
6621.87 22.8249
6621.90 34.7635
6621.92 44.5370
6621.94 55.4884
6621.98 69.7873
6622.00 65.5082
6622.01 55.7887
6622.05 34.9975
6622.09 20.7606
6622.13 13.0834
6622.17 8.83314
6622.21 6.35889
6622.29 3.66412
6622.37 2.37830
6622.53 1.22300
6622.69 0.741705
6623.00 0.356345
6623.32 0.209254
6623.64 0.137611
6623.96 0.0976562
6624.59 0.0568045
6625.23 0.0374265
6625.86 0.0267706
6627.13 0.0160478
6628.40 0.0110356
6629.67 0.00830725
6632.21 0.00560306
6634.76 0.00437504
6637.30 0.00373364
6642.38 0.00316170
6662.71 0.00315412
6683.03 0.00412724
6703.36 0.00608029
6713.52 0.00774547
6723.69 0.0102897
6733.85 0.0144484
6744.01 0.0219313
6749.10 0.0281488
6754.18 0.0375107
6759.26 0.0525548
6764.34 0.0789963
6766.88 0.100465
6769.42 0.132067
6771.96 0.181304
6774.51 0.264090
6775.78 0.328401
6776.41 0.369620
6777.05 0.419023
6777.68 0.478995
6778.32 0.552474
6778.95 0.643900
6779.59 0.759466
6780.22 0.908460
6780.86 1.10390
6781.49 1.36665
6782.13 1.72924
6782.76 2.24412
6783.40 2.99686
6784.03 4.12334
6784.67 5.80946
6785.58 9.30752
6786.49 11.6918
6786.95 11.0363
6787.40 9.40142
6788.31 5.88546
6788.91 4.26350
6789.50 3.15015
6790.69 1.85872
6791.88 1.20255
6793.07 0.834661
6794.26 0.610675
6795.45 0.465154
6797.83 0.294756
6800.21 0.203016
6802.59 0.148191
6807.35 0.0888562
6812.11 0.0591719
6816.87 0.0422513
6821.63 0.0317082
6826.39 0.0247019
6835.91 0.0162622
6845.43 0.0115712
6854.95 0.00870002
6864.47 0.00681854
6883.51 0.00459035
6902.54 0.00338078
6921.58 0.00266288
6940.62 0.00221502
6978.70 0.00176670
7016.78 0.00173142
7035.82 0.00193163
7054.85 0.00254599
7064.37 0.00333803
7069.13 0.00408662
7073.89 0.00540175
7078.65 0.00811973
7081.03 0.0107766
7083.41 0.0155716
7084.60 0.0195949
7085.79 0.0257299
7086.98 0.0357852
7088.17 0.0540232
7088.77 0.0693203
7089.36 0.0925859
7089.96 0.130507
7090.55 0.198595
7091.15 0.339962
7091.45 0.476388
7091.74 0.714680
7092.04 1.19227
7092.19 1.63351
7092.34 2.36541
7092.49 3.73074
7092.56 4.88634
7092.63 6.65780
7092.71 9.60233
7092.78 14.7683
7092.82 18.9186
7092.86 24.8483
7092.89 33.4764
7092.93 46.0758
7092.96 59.0462
7092.99 74.0299
7093.05 92.7177
7093.08 87.3900
7093.10 74.7103
7093.16 46.6076
7093.21 30.3904
7093.26 20.6565
7093.31 14.6107
7093.36 10.8443
7093.46 6.54858
7093.56 4.36647
7093.66 3.09927
7093.76 2.31621
7093.97 1.42830
7094.17 0.965542
7094.37 0.697027
7094.57 0.526854
7094.77 0.412324
7095.17 0.272348
7095.58 0.193744
7095.98 0.145058
7096.38 0.112984
7097.19 0.0745538
7097.99 0.0533401
7098.80 0.0404280
7099.60 0.0320073
7101.21 0.0221048
7102.82 0.0167899
7106.04 0.0117699
7109.26 0.00985884
7112.48 0.00933401
7118.92 0.0107844
7122.14 0.0128196
7125.36 0.0162464
7128.58 0.0221273
7131.80 0.0330263
7133.41 0.0422446
7135.02 0.0563103
7136.63 0.0792803
7138.24 0.120523
7139.04 0.154744
7139.85 0.206172
7140.65 0.288580
7141.46 0.432838
7142.26 0.720328
7142.66 0.985432
7143.07 1.42630
7143.47 2.24286
7143.67 2.93473
7143.87 3.99314
7143.97 4.74757
7144.07 5.71698
7144.17 7.01427
7144.27 8.75483
7144.37 11.1957
7144.47 14.6299
7144.58 19.6453
7144.68 26.7987
7144.76 34.3770
7144.83 42.9688
7144.99 54.0085
7145.07 50.9332
7145.15 43.3943
7145.31 27.1301
7145.41 19.9395
7145.51 14.9578
7145.71 9.00082
7145.90 5.89646
7146.10 4.13359
7146.30 3.04125
7146.49 2.32598
7146.89 1.48350
7147.28 1.02509
7147.67 0.750421
7148.46 0.451207
7149.25 0.300876
7150.03 0.214927
7150.82 0.161254
7151.61 0.125517
7153.18 0.0823896
7154.76 0.0583516
7156.33 0.0435989
7157.90 0.0339040
7161.05 0.0223425
7164.20 0.0159783
7167.35 0.0121060
7170.49 0.00957748
7176.79 0.00658773
7183.08 0.00496354
7195.67 0.00338548
7208.27 0.00275617
7220.86 0.00266417
7233.45 0.00381188
7239.74 0.00875143
7242.89 0.0279720
7244.46 0.101120
7244.86 0.173420
7245.25 0.366621
7245.45 0.616252
7245.64 1.23978
7245.74 1.98899
7245.84 3.64853
7245.89 5.35615
7245.94 8.52349
7245.99 15.1597
7246.01 21.4096
7246.04 30.7314
7246.07 49.1132
7246.10 61.4737
7246.14 49.1221
7246.17 30.7385
7246.20 20.2172
7246.23 13.8536
7246.25 9.81144
7246.28 7.31929
7246.34 4.43570
7246.40 2.95326
7246.51 1.56784
7246.62 0.970911
7246.85 0.474251
7247.08 0.280952
7247.53 0.132156
7247.99 0.0771870
7249.81 0.0217587
7253.44 0.00739554
7260.72 0.00404037
7267.99 0.00395433
7275.26 0.00486053
7282.53 0.00725234
7286.17 0.00973108
7289.81 0.0143027
7291.63 0.0181777
7293.44 0.0241113
7295.26 0.0338657
7297.08 0.0515828
7297.99 0.0664623
7298.90 0.0890575
7299.81 0.125836
7300.72 0.191710
7301.17 0.246272
7301.63 0.327894
7302.08 0.458583
7302.54 0.685856
7302.99 1.13679
7303.22 1.54813
7303.44 2.22815
7303.67 3.47596
7303.79 4.52453
7303.90 6.09497
7304.01 8.63224
7304.07 10.5032
7304.13 12.9547
7304.18 16.3527
7304.24 21.0833
7304.30 27.7555
7304.35 36.9389
7304.40 47.4001
7304.45 59.1971
7304.55 74.5269
7304.60 70.3390
7304.64 60.0175
7304.74 37.5793
7304.83 23.7654
7304.92 15.7620
7305.02 10.9826
7305.11 8.04473
7305.29 4.78333
7305.47 3.14771
7305.66 2.22134
7305.84 1.64881
7306.20 1.01079
7306.57 0.681216
7306.94 0.489928
7307.30 0.369231
7307.67 0.288444
7308.40 0.189900
7309.13 0.134633
7309.86 0.100532
7310.59 0.0780265
7312.05 0.0510993
7313.52 0.0362370
7314.98 0.0271827
7316.44 0.0212703
7319.37 0.0142821
7322.29 0.0104988
7325.22 0.00825919
7328.14 0.00687529
7334.00 0.00559549
7339.85 0.00609153
7345.70 0.0133539
7348.62 0.0436442
7349.35 0.0743540
7350.09 0.158814
7350.45 0.271647
7350.82 0.569517
7351.00 0.948574
7351.18 1.88181
7351.27 2.97089
7351.37 5.29442
7351.41 7.61878
7351.46 11.6313
7351.50 19.5944
7351.53 26.4073
7351.55 36.0172
7351.58 57.4431
7351.62 71.9930
7351.66 57.4560
7351.69 36.0275
7351.73 22.2490
7351.76 14.5805
7351.80 10.0172
7351.83 7.30263
7351.90 4.29936
7351.97 2.82811
7352.11 1.47585
7352.26 0.902222
7352.54 0.436200
7352.82 0.257039
7353.39 0.120379
7353.95 0.0701962
7356.21 0.0197833
7360.72 0.00657861
7369.76 0.00306994
7378.79 0.00237120
7387.82 0.00217249
7405.88 0.00277985
7414.92 0.00603615
7419.43 0.0189457
7421.69 0.0687128
7422.25 0.118452
7422.82 0.253457
7423.10 0.431575
7423.38 0.891558
7423.52 1.45891
7423.67 2.79637
7423.74 4.27981
7423.81 7.22197
7423.84 10.0035
7423.88 14.4207
7423.91 22.0064
7423.95 35.6388
7423.98 56.8498
7424.02 71.2555
7424.06 56.8579
7424.09 35.6453
7424.13 21.1780
7424.17 13.3475
7424.21 9.01220
7424.25 6.43761
7424.32 3.71633
7424.40 2.40316
7424.56 1.23479
7424.71 0.750617
7425.02 0.360775
7425.34 0.211534
7425.96 0.0985842
7426.58 0.0572357
7429.07 0.0159595
7434.04 0.00530208
7444.00 0.00265912
7463.90 0.00234082
7483.81 0.00405474
7493.77 0.0110623
7498.74 0.0383553
7499.99 0.0659458
7501.23 0.142254
7501.85 0.244715
7502.47 0.519061
7502.79 0.872354
7503.10 1.75990
7503.25 2.81885
7503.33 3.74180
7503.41 5.16913
7503.49 7.60662
7503.56 12.1471
7503.60 15.9808
7503.64 21.7194
7503.68 30.5588
7503.72 43.8233
7503.77 70.1001
7503.82 87.6552
7503.87 70.0768
7503.93 43.8053
7503.98 26.4463
7504.03 16.9665
7504.09 11.5215
7504.14 8.30830
7504.20 6.21574
7504.25 4.83373
7504.36 3.14001
7504.47 2.19730
7504.58 1.62142
7504.80 0.985361
7505.23 0.474205
7505.67 0.278417
7506.54 0.129612
7507.41 0.0751482
7509.15 0.0350507
7510.90 0.0207027
7517.87 0.00664547
7531.81 0.00317049
7545.75 0.00264443
7559.69 0.00258976
7587.58 0.00293779
7615.46 0.00375916
7643.34 0.00546751
7657.29 0.00709286
7671.23 0.00995302
7685.17 0.0158383
7692.14 0.0215341
7699.11 0.0316656
7702.60 0.0400224
7706.08 0.0525380
7709.57 0.0725487
7713.05 0.107502
7716.54 0.177095
7718.28 0.241149
7719.15 0.287193
7720.02 0.347881
7720.90 0.430186
7721.33 0.482716
7721.77 0.545269
7722.20 0.620893
7722.64 0.712969
7723.07 0.827082
7723.51 0.969950
7723.94 1.15266
7724.38 1.39029
7724.82 1.70596
7725.25 2.13415
7725.69 2.73266
7726.12 3.58676
7726.56 4.83607
7726.99 6.65662
7728.33 13.8310
7728.66 13.2591
7729.00 11.4180
7729.67 7.19320
7730.15 5.02139
7730.64 3.59469
7731.12 2.65808
7731.61 2.02768
7732.58 1.27545
7733.55 0.869832
7734.52 0.628904
7735.49 0.475390
7737.43 0.298807
7739.37 0.205337
7741.31 0.150146
7745.19 0.0911308
7749.07 0.0620057
7752.95 0.0456239
7760.72 0.0290313
7768.48 0.0215201
7776.24 0.0178574
7791.77 0.0159841
7807.29 0.0193153
7815.06 0.0238821
7822.82 0.0325990
7830.58 0.0510567
7834.47 0.0688808
7838.35 0.100067
7842.23 0.162160
7844.17 0.219273
7845.14 0.260305
7846.11 0.314360
7847.08 0.387612
7847.57 0.434284
7848.05 0.489965
7848.54 0.557091
7849.02 0.638960
7849.51 0.740122
7849.99 0.866967
7850.48 1.02904
7850.96 1.23916
7851.45 1.51782
7851.93 1.89608
7852.42 2.42252
7852.90 3.17369
7853.39 4.26674
7853.87 5.85840
7855.37 12.1812
7855.75 11.6843
7856.12 10.0667
7856.87 6.34521
7857.67 3.78994
7858.46 2.40537
7859.25 1.63157
7860.05 1.17015
7860.84 0.876533
7861.63 0.679921
7863.22 0.442928
7864.81 0.311639
7866.40 0.231828
7869.57 0.144100
7872.75 0.0997456
7875.92 0.0744234
7882.27 0.0485132
7888.62 0.0367794
7894.97 0.0312191
7907.67 0.0293012
7920.37 0.0371564
7926.72 0.0469312
7933.07 0.0650452
7939.42 0.102075
7942.59 0.136493
7945.77 0.194150
7947.35 0.238743
7948.15 0.267258
7948.94 0.301299
7949.74 0.342479
7950.53 0.392834
7951.32 0.455238
7952.12 0.533642
7952.91 0.634096
7953.70 0.765170
7954.50 0.939976
7955.29 1.17850
7956.09 1.51354
7956.88 1.99555
7957.67 2.70554
7958.47 3.74918
7959.66 6.02336
7960.85 7.68863
7961.44 7.33055
7962.04 6.28980
7963.23 3.95753
7963.98 2.89987
7964.73 2.16256
7966.22 1.29433
7967.72 0.846719
7969.22 0.594157
7970.72 0.439926
7972.22 0.340038
7975.22 0.225168
7978.22 0.169430
7981.22 0.154773
7982.72 0.173824
7983.47 0.200384
7984.22 0.253658
7984.97 0.372152
7985.72 0.701973
7986.09 1.13848
7986.28 1.55481
7986.47 2.26888
7986.65 3.66535
7986.75 4.91917
7986.84 6.92487
7986.93 10.5032
7987.03 17.5528
7987.07 24.0067
7987.12 34.4163
7987.17 52.1136
7987.21 82.3799
7987.26 132.122
7987.31 164.770
7987.36 132.133
7987.41 82.3878
7987.45 58.4542
7987.48 42.6166
7987.52 31.7389
7987.55 24.5283
7987.62 15.6408
7987.69 10.7633
7987.76 7.83567
7987.83 5.95255
7987.96 3.77973
7988.10 2.60959
7988.24 1.91863
7988.51 1.17011
7988.79 0.795701
7989.06 0.583300
7989.61 0.362391
7990.71 0.194982
7991.82 0.132349
7992.92 0.101410
7994.02 0.0833663
7996.22 0.0633325
8000.62 0.0452351
8005.03 0.0364448
8013.83 0.0276602
8022.64 0.0236277
8040.25 0.0215343
8057.87 0.0243293
8075.48 0.0328314
8084.29 0.0408103
8093.10 0.0534549
8101.90 0.0746630
8106.31 0.0909437
8108.51 0.101288
8110.71 0.113578
8112.91 0.128335
8114.01 0.136841
8115.11 0.146236
8116.21 0.156643
8117.32 0.168209
8118.42 0.181107
8119.52 0.195529
8121.72 0.230038
8123.92 0.274317
8126.12 0.332243
8128.32 0.409492
8130.64 0.521478
8132.96 0.680123
8135.28 0.908648
8137.60 1.23576
8141.31 1.97174
8145.02 2.45061
8146.87 2.30014
8148.73 1.95251
8152.43 1.22104
8155.24 0.843057
8158.05 0.599346
8160.86 0.441422
8163.66 0.336091
8169.28 0.211423
8174.90 0.144543
8180.52 0.105007
8186.13 0.0798590
8197.37 0.0510742
8208.60 0.0360625
8219.83 0.0276827
8231.07 0.0247434
8233.88 0.0263606
8236.69 0.0329412
8239.49 0.0716694
8240.20 0.111393
8240.90 0.221293
8241.25 0.368465
8241.60 0.760416
8241.78 1.26360
8241.95 2.50669
8242.04 3.97148
8242.13 7.19256
8242.17 10.4516
8242.21 16.3751
8242.24 21.2532
8242.26 28.3830
8242.28 39.0426
8242.30 54.6116
8242.33 87.0651
8242.37 109.263
8242.40 87.0616
8242.43 54.6091
8242.45 40.2434
8242.47 30.4375
8242.51 18.3734
8242.55 12.0631
8242.58 8.52842
8242.66 4.83577
8242.74 3.09804
8242.89 1.58038
8243.05 0.958078
8243.35 0.465072
8243.66 0.278010
8244.28 0.137061
8244.89 0.0857298
8247.36 0.0342558
8252.29 0.0202567
8257.22 0.0171376
8262.15 0.0158263
8281.88 0.0159221
8291.74 0.0196987
8296.67 0.0240066
8301.60 0.0321775
8306.53 0.0498125
8309.00 0.0672308
8311.46 0.0984174
8312.70 0.124173
8313.93 0.162683
8315.16 0.223939
8316.39 0.329872
8317.63 0.537337
8318.24 0.724807
8318.86 1.03017
8319.17 1.26112
8319.48 1.57689
8319.78 2.02480
8319.94 2.32174
8320.09 2.68663
8320.25 3.14075
8320.40 3.71377
8320.55 4.44757
8320.71 5.40171
8320.86 6.66092
8321.02 8.34322
8321.17 10.6024
8321.32 13.6026
8321.48 17.4051
8321.63 21.6467
8321.94 26.4958
8322.09 24.6251
8322.25 20.7641
8322.55 12.9126
8322.81 8.58745
8323.07 5.93786
8323.32 4.28398
8323.58 3.21064
8324.09 1.97293
8324.60 1.32728
8325.12 0.950932
8325.63 0.714485
8326.65 0.445492
8327.68 0.304699
8328.70 0.222066
8329.73 0.169514
8330.75 0.134079
8332.80 0.0906706
8334.85 0.0661354
8336.90 0.0509272
8338.95 0.0408555
8343.05 0.0287469
8347.15 0.0220224
8355.35 0.0152002
8363.55 0.0120028
8371.75 0.0102895
8388.14 0.00876695
8420.94 0.00889661
8437.34 0.0105087
8445.54 0.0138082
8449.64 0.0241777
8451.69 0.0625584
8452.71 0.204224
8452.97 0.340008
8453.22 0.691071
8453.35 1.12347
8453.48 2.14071
8453.54 3.25539
8453.61 5.49075
8453.67 10.8389
8453.70 16.5023
8453.74 26.4893
8453.77 42.3447
8453.80 52.9551
8453.83 42.3442
8453.87 26.4890
8453.89 18.7649
8453.91 13.4525
8453.96 7.61172
8454.01 4.80117
8454.06 3.30324
8454.15 1.80516
8454.25 1.13830
8454.44 0.570743
8454.63 0.345028
8455.39 0.102450
8456.92 0.0356487
8459.97 0.0185325
8466.07 0.0152279
8478.27 0.0174845
8490.48 0.0227841
8502.68 0.0323819
8514.88 0.0515805
8520.98 0.0692377
8527.08 0.0986408
8530.14 0.121276
8531.66 0.135721
8533.19 0.152950
8534.71 0.173744
8536.24 0.199104
8537.00 0.213935
8537.76 0.230461
8538.53 0.248994
8539.29 0.269809
8540.05 0.293346
8540.81 0.320050
8542.34 0.385328
8543.86 0.472056
8545.39 0.589826
8546.92 0.753967
8548.44 0.987995
8549.97 1.32774
8551.49 1.81893
8552.68 2.32598
8553.87 2.90447
8556.25 3.62250
8557.44 3.40758
8558.63 2.89787
8561.00 1.81583
8563.59 1.07682
8566.17 0.682963
8568.76 0.464544
8571.35 0.334802
8573.93 0.252641
8576.52 0.197872
8581.69 0.132391
8586.87 0.0969677
8592.04 0.0764388
8602.39 0.0578346
8612.73 0.0579045
8617.91 0.0659470
8623.08 0.0839704
8628.25 0.123842
8630.84 0.162075
8633.43 0.227214
8636.01 0.350397
8637.31 0.457081
8637.95 0.530525
8638.60 0.623446
8639.25 0.743533
8639.57 0.817106
8639.89 0.901748
8640.22 1.00032
8640.54 1.11513
8640.86 1.25015
8641.19 1.41005
8641.51 1.60141
8641.83 1.83068
8642.16 2.10808
8642.48 2.44580
8642.80 2.86029
8643.13 3.36674
8643.77 4.73072
8644.24 6.03691
8644.71 7.47280
8645.65 8.92454
8646.12 8.18850
8646.58 6.84131
8647.52 4.23896
8648.12 3.09757
8648.73 2.31397
8649.93 1.39435
8651.14 0.918760
8652.34 0.648865
8653.54 0.482899
8654.75 0.374535
8657.16 0.247234
8659.57 0.179200
8661.98 0.139690
8666.79 0.102309
8671.61 0.0975037
8674.02 0.108143
8676.43 0.134760
8678.84 0.196944
8680.04 0.258651
8681.25 0.366925
8682.45 0.580591
8683.05 0.773679
8683.65 1.08845
8684.26 1.64932
8684.56 2.10756
8684.86 2.78149
8685.01 3.24339
8685.16 3.81977
8685.31 4.55861
8685.46 5.50591
8685.61 6.75239
8685.76 8.38555
8685.91 10.5561
8686.06 13.3555
8686.22 17.0477
8686.38 21.0178
8686.54 24.0132
8686.70 24.4807
8687.02 18.2926
8687.34 11.2474
8687.61 7.49614
8687.88 5.21061
8688.14 3.77676
8688.41 2.84653
8688.95 1.76709
8689.48 1.19874
8690.02 0.866188
8690.55 0.655848
8691.62 0.415681
8692.69 0.288976
8693.76 0.214156
8695.90 0.133786
8698.04 0.0935785
8700.18 0.0704917
8704.46 0.0460604
8708.73 0.0338403
8713.01 0.0267276
8721.57 0.0190156
8730.13 0.0150710
8738.68 0.0128187
8755.80 0.0108825
8772.91 0.0114515
8781.47 0.0130747
8790.03 0.0165805
8798.59 0.0245607
8802.86 0.0325962
8807.14 0.0471406
8809.28 0.0592500
8811.42 0.0774707
8813.56 0.106706
8815.70 0.157940
8817.84 0.260231
8818.91 0.354529
8819.98 0.511730
8821.05 0.802700
8821.58 1.05005
8821.85 1.21775
8822.12 1.42800
8822.39 1.69704
8822.65 2.04504
8822.92 2.50790
8823.05 2.79694
8823.19 3.13263
8823.46 4.00230
8823.72 5.23046
8823.99 6.99528
8824.26 9.50856
8824.47 12.1574
8824.69 15.1075
8825.12 18.3058
8825.34 16.9201
8825.55 14.1981
8825.98 8.80889
8826.41 5.47913
8826.83 3.59931
8827.25 2.50367
8827.68 1.82759
8828.10 1.38698
8828.53 1.08607
8829.37 0.715895
8830.22 0.506275
8831.07 0.376843
8832.76 0.232486
8834.46 0.158158
8836.16 0.115046
8837.85 0.0878473
8839.55 0.0696115
8842.94 0.0474756
8846.33 0.0351247
8853.11 0.0228062
8859.89 0.0177497
8866.67 0.0172613
8870.06 0.0200654
8873.45 0.0302428
8875.15 0.0451536
8876.84 0.0876305
8877.69 0.146021
8878.54 0.306774
8878.96 0.521582
8879.39 1.09152
8879.60 1.81677
8879.71 2.48642
8879.81 3.60630
8879.92 5.68455
8879.97 7.45783
8880.02 10.1849
8880.08 14.6584
8880.13 22.6228
8880.18 38.2541
8880.21 51.3890
8880.23 70.7041
8880.28 112.912
8880.32 141.432
8880.36 112.923
8880.40 70.7129
8880.42 52.0055
8880.45 38.6780
8880.50 23.2465
8880.55 15.1071
8880.60 10.5835
8880.66 7.75219
8880.71 5.93881
8880.81 3.79394
8880.91 2.61903
8881.01 1.92057
8881.22 1.15663
8881.63 0.553694
8882.04 0.325616
8882.86 0.154294
8883.68 0.0919018
8885.32 0.0460970
8886.96 0.0296789
8890.24 0.0176686
8893.52 0.0133337
8900.08 0.0101558
8906.65 0.00910446
8919.77 0.00888277
8932.89 0.00998976
8946.02 0.0125943
8959.14 0.0180753
8965.70 0.0231134
8972.27 0.0316118
8975.55 0.0385807
8978.83 0.0502290
8980.47 0.0608984
8982.11 0.0834204
8983.75 0.178439
8984.16 0.267956
8984.57 0.506127
8984.77 0.813806
8984.98 1.59469
8985.08 2.54231
8985.18 4.68358
8985.24 6.99869
8985.29 11.3680
8985.31 15.2571
8985.34 21.0189
8985.36 30.6235
8985.39 46.0095
8985.42 73.2577
8985.45 91.8871
8985.48 73.2543
8985.51 46.0074
8985.53 33.0819
8985.55 24.1653
8985.60 14.0447
8985.64 9.01477
8985.68 6.23444
8985.76 3.47581
8985.85 2.21727
8986.02 1.14354
8986.18 0.713734
8986.52 0.376824
8986.85 0.251483
8988.19 0.130985
8989.53 0.117159
8990.88 0.122160
8993.56 0.154969
8996.24 0.217931
8998.92 0.336720
8999.59 0.382207
9000.26 0.437516
9000.93 0.505793
9001.60 0.590985
9002.27 0.699255
9002.61 0.764438
9002.94 0.838821
9003.61 1.02274
9004.28 1.26941
9004.96 1.60841
9005.63 2.08213
9006.30 2.75306
9006.97 3.69440
9007.53 4.72142
9008.09 5.87035
9009.22 7.15372
9009.79 6.63584
9010.35 5.58457
9011.48 3.47061
9012.43 2.30213
9013.38 1.58711
9014.33 1.14284
9015.28 0.855727
9017.19 0.525781
9019.09 0.353850
9021.00 0.253956
9022.90 0.191190
9026.71 0.119982
9030.51 0.0828350
9034.32 0.0611474
9041.93 0.0383850
9049.55 0.0277365
9057.16 0.0228031
9060.97 0.0221600
9064.77 0.0240627
9068.58 0.0397426
9070.48 0.102324
9070.96 0.164490
9071.44 0.331898
9071.67 0.548964
9071.91 1.09981
9072.03 1.76233
9072.15 3.26839
9072.21 4.87002
9072.27 7.86780
9072.33 14.3747
9072.36 20.7065
9072.39 30.5132
9072.42 48.7624
9072.46 61.0206
9072.50 48.7662
9072.53 30.5162
9072.56 21.5243
9072.59 15.4143
9072.64 8.71157
9072.70 5.49237
9072.75 3.77538
9072.86 2.06446
9072.96 1.30255
9073.18 0.654926
9073.39 0.397351
9073.82 0.196122
9074.25 0.120817
9075.97 0.0443913
9079.40 0.0246523
9082.83 0.0215896
9086.26 0.0214410
9093.13 0.0247423
9099.99 0.0330359
9106.86 0.0517282
9110.29 0.0701106
9113.72 0.102497
9117.16 0.167243
9118.87 0.226859
9120.59 0.326180
9122.30 0.509334
9123.16 0.664523
9123.59 0.769719
9124.02 0.901405
9124.45 1.06890
9124.88 1.28576
9125.09 1.41897
9125.31 1.57211
9125.52 1.75075
9125.74 1.95837
9126.17 2.49108
9126.59 3.24083
9127.02 4.30904
9127.45 5.81403
9127.81 7.42721
9128.16 9.20554
9128.88 11.0267
9129.23 10.1277
9129.59 8.46366
9130.30 5.23901
9131.08 3.10676
9131.85 1.97550
9132.63 1.34599
9133.41 0.970665
9134.18 0.731922
9134.96 0.572553
9136.51 0.383774
9138.07 0.289094
9139.62 0.262205
9140.40 0.292390
9141.17 0.421601
9141.56 0.611997
9141.95 1.13014
9142.14 1.79432
9142.34 3.43384
9142.44 5.33378
9142.53 9.43233
9142.58 13.5433
9142.63 20.6783
9142.68 34.9083
9142.70 46.8592
9142.73 64.8239
9142.76 103.234
9142.80 129.586
9142.84 103.229
9142.88 64.8189
9142.92 37.9382
9142.96 24.0070
9143.00 16.1363
9143.04 11.5895
9143.13 6.72278
9143.21 4.39989
9143.37 2.31220
9143.54 1.44098
9143.87 0.739483
9144.20 0.469772
9144.86 0.261042
9145.52 0.180898
9146.84 0.115621
9148.16 0.0873168
9150.81 0.0599361
9153.45 0.0456457
9158.74 0.0302272
9164.02 0.0220049
9169.31 0.0169782
9174.59 0.0136582
9185.16 0.00969955
9195.74 0.00764865
9206.31 0.00693026
9211.59 0.00738811
9216.88 0.00968930
9222.16 0.0236401
9224.81 0.0787013
9225.47 0.134167
9226.13 0.286140
9226.46 0.488857
9226.79 1.02189
9226.95 1.69427
9227.12 3.33216
9227.20 5.22036
9227.28 9.17470
9227.33 13.1191
9227.37 19.8172
9227.41 32.4117
9227.45 57.6254
9227.48 92.6133
9227.52 115.208
9227.55 92.5912
9227.59 57.6082
9227.62 37.0202
9227.65 24.9149
9227.68 17.6116
9227.71 12.9965
9227.77 7.76689
9227.84 5.15739
9227.96 2.71860
9228.09 1.67086
9228.34 0.814019
9228.59 0.480770
9229.09 0.225940
9229.59 0.131904
9231.59 0.0374600
9235.59 0.0130427
9243.59 0.00810699
9251.59 0.0155485
9255.59 0.0496849
9256.59 0.0842975
9257.59 0.179415
9258.09 0.305885
9258.59 0.639239
9258.84 1.05988
9259.09 2.08488
9259.21 3.25698
9259.34 5.74231
9259.40 8.17941
9259.46 12.3336
9259.52 20.1152
9259.58 35.5028
9259.64 57.0290
9259.69 71.0177
9259.74 56.5852
9259.79 35.4945
9259.85 20.8173
9259.91 13.1700
9259.97 8.91919
9260.02 6.38590
9260.14 3.68277
9260.25 2.38845
9260.48 1.22878
9260.71 0.747108
9261.17 0.359299
9261.62 0.211252
9262.54 0.0990423
9263.45 0.0579504
9265.28 0.0276945
9267.11 0.0168188
9274.43 0.00596618
9281.75 0.00377176
9289.07 0.00290575
9303.71 0.00214570
9318.35 0.00177540
9347.63 0.00138977
9362.27 0.00135551
9369.59 0.00169275
9373.25 0.00321317
9375.08 0.00916186
9376.00 0.0312936
9376.45 0.107436
9376.68 0.335386
9376.80 0.861210
9376.85 1.70110
9376.91 4.19447
9376.97 8.37651
9376.97 0.339265
10000.0 0.323979
12500.0 0.303232
14000.0 0.290783
16000.0 0.274186
17000.0 0.265887
20000.0 0.240990
22000.0 0.234519
26000.0 0.221578
28000.0 0.215107
30000.0 0.208636
32000.0 0.206339
36000.0 0.201745
40000.0 0.197151
42000.0 0.194854
44000.0 0.192558
46000.0 0.190261
50000.0 0.185667
60000.0 0.174182
62000.0 0.173380
64000.0 0.172578
66000.0 0.171776
70000.0 0.170173
72000.0 0.169371
74000.0 0.168569
80000.0 0.166163
84000.0 0.164559
85000.0 0.164158
90000.0 0.162154
100000 0.158144
120000 0.154104
140000 0.150064
150000 0.148045
160000 0.146025
180000 0.141985
200000 0.137945
223203 0.136249
250000 0.134291
260000 0.133560
300000 0.130636
325168 0.118556
330161 0.116160
330161 0.116160
350000 0.106638
400000 0.0826395
450000 0.0764200
500000 0.0702004
550000 0.0682850
600000 0.0663696
625230 0.0638626
650000 0.0614013
700000 0.0564330
750000 0.0548712
800000 0.0533094
815537 0.0527960
815537 0.0527960
843718 0.0518647
850000 0.0516572
900000 0.0500049
927542 0.0491005
950000 0.0483630
1.00000E+06 0.0467211
1.10000E+06 0.0467338
1.20000E+06 0.0467465
1.23593E+06 0.0471204
1.23594E+06 0.0471204
1.27375E+06 0.0475139
1.27375E+06 0.0475140
1.30000E+06 0.0477871
1.38108E+06 0.0486308
1.38109E+06 0.0486309
1.40000E+06 0.0488277
1.41920E+06 0.0485326
1.41920E+06 0.0485326
1.42979E+06 0.0483698
1.43996E+06 0.0482135
1.45903E+06 0.0479204
1.45904E+06 0.0479203
1.48691E+06 0.0474919
1.48691E+06 0.0474919
1.49289E+06 0.0474000
1.49289E+06 0.0474000
1.50000E+06 0.0472908
1.50238E+06 0.0472542
1.50643E+06 0.0471919
1.50643E+06 0.0471919
1.51980E+06 0.0469864
1.51980E+06 0.0469864
1.53695E+06 0.0467229
1.53695E+06 0.0467228
1.54180E+06 0.0466483
1.54376E+06 0.0466182
1.55527E+06 0.0464413
1.57185E+06 0.0461865
1.59224E+06 0.0458731
1.59844E+06 0.0457778
1.60000E+06 0.0457538
1.60098E+06 0.0457343
1.60098E+06 0.0457342
1.60338E+06 0.0456865
1.60688E+06 0.0456169
1.60874E+06 0.0455799
1.62087E+06 0.0453385
1.63058E+06 0.0451452
1.64469E+06 0.0448644
1.67931E+06 0.0441755
1.70000E+06 0.0437637
1.74638E+06 0.0428407
1.74639E+06 0.0428406
1.78787E+06 0.0420150
1.79291E+06 0.0419147
1.80000E+06 0.0417736
1.80672E+06 0.0416348
1.81238E+06 0.0415178
1.82653E+06 0.0412255
1.87972E+06 0.0401265
1.87973E+06 0.0401264
1.89813E+06 0.0397461
1.89813E+06 0.0397461
1.90000E+06 0.0397075
1.90344E+06 0.0396364
1.92094E+06 0.0392749
2.00000E+06 0.0376414
2.10000E+06 0.0355447
2.20000E+06 0.0334480
2.30000E+06 0.0313594
2.40000E+06 0.0292708
2.50000E+06 0.0276047
2.60000E+06 0.0259386
2.70000E+06 0.0244055
2.71132E+06 0.0242319
2.80000E+06 0.0228723
2.90000E+06 0.0216404
3.00000E+06 0.0204085
3.10000E+06 0.0193835
3.20000E+06 0.0183584
3.29823E+06 0.0174166
3.30000E+06 0.0173996
3.40000E+06 0.0164408
3.50000E+06 0.0156550
3.60000E+06 0.0148692
3.66909E+06 0.0143517
3.70000E+06 0.0141202
3.80000E+06 0.0133711
3.90000E+06 0.0126602
4.00000E+06 0.0119492
4.20000E+06 0.0107387
4.29672E+06 0.0101894
4.31692E+06 0.0100747
4.40000E+06 0.00960285
4.60000E+06 0.00852254
4.80000E+06 0.00756305
4.99737E+06 0.00676188
5.00000E+06 0.00675120
5.07662E+06 0.00644485
5.20000E+06 0.00595154
5.32124E+06 0.00551537
5.39466E+06 0.00525124
5.40000E+06 0.00523203
5.40190E+06 0.00522638
5.40874E+06 0.00520606
5.46090E+06 0.00505108
5.50224E+06 0.00492824
5.53437E+06 0.00483277
5.60000E+06 0.00463776
5.62220E+06 0.00457729
5.77236E+06 0.00416830
5.77236E+06 0.00416828
5.80000E+06 0.00409301
5.97922E+06 0.00367201
6.00000E+06 0.00362320
6.20000E+06 0.00321239
6.26396E+06 0.00310500
6.30660E+06 0.00303341
6.33758E+06 0.00298140
6.35566E+06 0.00295104
6.40000E+06 0.00287659
6.46632E+06 0.00279682
6.53286E+06 0.00271678
6.53287E+06 0.00271677
6.60000E+06 0.00263602
6.68668E+06 0.00252185
6.73387E+06 0.00245970
6.80000E+06 0.00237260
6.84379E+06 0.00233370
6.84380E+06 0.00233369
6.84746E+06 0.00233044
6.85684E+06 0.00232210
6.85992E+06 0.00231937
6.86725E+06 0.00231286
6.90081E+06 0.00228304
6.90081E+06 0.00228304
6.90573E+06 0.00227867
6.91097E+06 0.00227401
6.91617E+06 0.00226940
6.92182E+06 0.00226438
6.92850E+06 0.00225844
6.94911E+06 0.00224013
6.95996E+06 0.00223049
6.96319E+06 0.00222762
6.96693E+06 0.00222430
6.97321E+06 0.00221872
6.97547E+06 0.00221671
6.98446E+06 0.00220873
6.98492E+06 0.00220832
6.98809E+06 0.00220550
6.98945E+06 0.00220429
7.00000E+06 0.00219492
7.01281E+06 0.00218581
7.01281E+06 0.00218581
7.12048E+06 0.00210927
7.14146E+06 0.00209435
7.18955E+06 0.00206016
7.20000E+06 0.00205273
7.23021E+06 0.00203434
7.23653E+06 0.00203049
7.24532E+06 0.00202514
7.34107E+06 0.00196685
7.37238E+06 0.00194779
7.39362E+06 0.00193485
7.40000E+06 0.00193097
7.42601E+06 0.00192514
7.44611E+06 0.00192063
7.48963E+06 0.00191087
7.49418E+06 0.00190985
7.51516E+06 0.00190514
7.55738E+06 0.00189567
7.56196E+06 0.00189464
7.58947E+06 0.00188847
7.60000E+06 0.00188611
7.60837E+06 0.00188181
7.61931E+06 0.00187619
7.63804E+06 0.00186657
7.63999E+06 0.00186557
7.64994E+06 0.00186046
7.65078E+06 0.00186003
7.66092E+06 0.00185482
7.67714E+06 0.00184649
7.68493E+06 0.00184249
7.70403E+06 0.00183268
7.70636E+06 0.00183148
7.71933E+06 0.00182482
7.72245E+06 0.00182322
7.72325E+06 0.00182281
7.73026E+06 0.00181921
7.73405E+06 0.00181726
7.74255E+06 0.00181290
7.75061E+06 0.00180876
7.76718E+06 0.00180025
7.77967E+06 0.00179383
7.79824E+06 0.00178429
7.80000E+06 0.00178339
7.80092E+06 0.00178324
7.91810E+06 0.00176349
8.00000E+06 0.00174969
8.25944E+06 0.00172084
8.40089E+06 0.00170511
8.40089E+06 0.00170511
8.43574E+06 0.00170124
8.50000E+06 0.00169409
8.55145E+06 0.00169293
9.00000E+06 0.00168280
9.31481E+06 0.00168774
9.50000E+06 0.00169065
9.95888E+06 0.00170009
1.00000E+07 0.00170093
1.01005E+07 0.00170256
1.05000E+07 0.00170906
1.05488E+07 0.00170908
1.09308E+07 0.00170924
1.09789E+07 0.00170926
1.10000E+07 0.00170927
1.12944E+07 0.00170480
1.13166E+07 0.00170446
1.13664E+07 0.00170370
1.15000E+07 0.00170167
1.15103E+07 0.00170116
1.20000E+07 0.00167709
1.21950E+07 0.00166006
1.22577E+07 0.00165459
1.22577E+07 0.00165459
1.22780E+07 0.00165282
1.25000E+07 0.00163343
1.26020E+07 0.00162271
1.27556E+07 0.00160656
1.30000E+07 0.00158086
1.30741E+07 0.00156919
1.30742E+07 0.00156918
1.31336E+07 0.00155982
1.31669E+07 0.00155458
1.31907E+07 0.00155084
1.32463E+07 0.00154207
1.33026E+07 0.00153320
1.33698E+07 0.00152262
1.34446E+07 0.00151085
1.35000E+07 0.00150212
1.35306E+07 0.00149598
1.35306E+07 0.00149598
1.36025E+07 0.00148156
1.40000E+07 0.00140181
1.45000E+07 0.00129815
1.46391E+07 0.00127358
1.46467E+07 0.00127224
1.46889E+07 0.00126478
1.47691E+07 0.00125062
1.50000E+07 0.00120983
1.53697E+07 0.00113909
1.53697E+07 0.00113908
1.54267E+07 0.00112818
1.55000E+07 0.00111416
1.55387E+07 0.00110675
1.55639E+07 0.00110193
1.56046E+07 0.00109414
1.58619E+07 0.00104491
1.58753E+07 0.00104234
1.60000E+07 0.00101848
1.61546E+07 0.000997424
1.62851E+07 0.000979650
1.65000E+07 0.000950381
1.66430E+07 0.000930904
1.66557E+07 0.000929174
1.68386E+07 0.000904264
1.69383E+07 0.000890685
1.70000E+07 0.000882281
1.70052E+07 0.000881702
1.72599E+07 0.000853335
1.72687E+07 0.000852355
1.75000E+07 0.000826594
1.75507E+07 0.000820947
1.76931E+07 0.000805088
1.77730E+07 0.000796189
1.78000E+07 0.000793182
1.78407E+07 0.000788649
1.80000E+07 0.000770907
1.83740E+07 0.000742399
1.83907E+07 0.000741126
1.85000E+07 0.000732794
1.86717E+07 0.000719706
1.86916E+07 0.000718189
1.88918E+07 0.000702929
1.90000E+07 0.000694681
1.90748E+07 0.000690166
1.91584E+07 0.000685119
1.92922E+07 0.000677042
1.93639E+07 0.000672714
1.93640E+07 0.000672708
1.95000E+07 0.000664498
1.95048E+07 0.000664208
2.00000E+07 0.000634315
2.10000E+07 0.000576149
2.16001E+07 0.000553267
2.17723E+07 0.000546702
2.20000E+07 0.000538018
2.30000E+07 0.000500791
2.34002E+07 0.000488974
2.40000E+07 0.000471264
2.50000E+07 0.000447303
2.60000E+07 0.000425495
2.70000E+07 0.000404593
2.80000E+07 0.000386677
2.90000E+07 0.000372456
3.00000E+07 0.000357476
3.00000E+07 0.00000
3.10000E+07 0.00000
3.20000E+07 0.00000
3.30000E+07 0.00000
3.40000E+07 0.00000
3.50000E+07 0.00000
3.60000E+07 0.00000
3.70000E+07 0.00000
3.80000E+07 0.00000
3.90000E+07 0.00000
4.00000E+07 0.00000
4.10000E+07 0.00000
4.20000E+07 0.00000
4.30000E+07 0.00000
4.40000E+07 0.00000
4.50000E+07 0.00000
4.60000E+07 0.00000
4.70000E+07 0.00000
4.80000E+07 0.00000
4.90000E+07 0.00000
5.00000E+07 0.00000
5.10000E+07 0.00000
5.20000E+07 0.00000
5.30000E+07 0.00000
5.40000E+07 0.00000
5.50000E+07 0.00000
5.60000E+07 0.00000
5.70000E+07 0.00000
5.80000E+07 0.00000
5.90000E+07 0.00000
6.00000E+07 0.00000
6.10000E+07 0.00000
6.20000E+07 0.00000
6.30000E+07 0.00000
6.40000E+07 0.00000
6.50000E+07 0.00000
6.60000E+07 0.00000
6.70000E+07 0.00000
6.80000E+07 0.00000
6.90000E+07 0.00000
7.00000E+07 0.00000
7.10000E+07 0.00000
7.20000E+07 0.00000
7.30000E+07 0.00000
7.40000E+07 0.00000
7.50000E+07 0.00000
7.60000E+07 0.00000
7.70000E+07 0.00000
7.80000E+07 0.00000
7.90000E+07 0.00000
8.00000E+07 0.00000
8.10000E+07 0.00000
8.20000E+07 0.00000
8.30000E+07 0.00000
8.40000E+07 0.00000
8.50000E+07 0.00000
8.60000E+07 0.00000
8.70000E+07 0.00000
8.80000E+07 0.00000
8.90000E+07 0.00000
9.00000E+07 0.00000
9.10000E+07 0.00000
9.20000E+07 0.00000
9.30000E+07 0.00000
9.40000E+07 0.00000
9.50000E+07 0.00000
9.60000E+07 0.00000
9.70000E+07 0.00000
9.80000E+07 0.00000
9.90000E+07 0.00000
1.00000E+08 0.00000
1.02000E+08 0.00000
1.04000E+08 0.00000
1.06000E+08 0.00000
1.08000E+08 0.00000
1.10000E+08 0.00000
1.12000E+08 0.00000
1.14000E+08 0.00000
1.16000E+08 0.00000
1.18000E+08 0.00000
1.20000E+08 0.00000
1.22000E+08 0.00000
1.24000E+08 0.00000
1.26000E+08 0.00000
1.28000E+08 0.00000
1.30000E+08 0.00000
1.32000E+08 0.00000
1.34000E+08 0.00000
1.36000E+08 0.00000
1.38000E+08 0.00000
1.40000E+08 0.00000
1.42000E+08 0.00000
1.44000E+08 0.00000
1.46000E+08 0.00000
1.48000E+08 0.00000
1.50000E+08 0.00000
1.52000E+08 0.00000
1.54000E+08 0.00000
1.56000E+08 0.00000
1.58000E+08 0.00000
1.60000E+08 0.00000
1.62000E+08 0.00000
1.64000E+08 0.00000
1.66000E+08 0.00000
1.68000E+08 0.00000
1.70000E+08 0.00000
1.72000E+08 0.00000
1.74000E+08 0.00000
1.76000E+08 0.00000
1.78000E+08 0.00000
1.80000E+08 0.00000
1.82000E+08 0.00000
1.84000E+08 0.00000
1.86000E+08 0.00000
1.88000E+08 0.00000
1.90000E+08 0.00000
1.92000E+08 0.00000
1.94000E+08 0.00000
1.96000E+08 0.00000
1.98000E+08 0.00000
2.00000E+08 0.00000