Pt-198(n,tot) JEFF-3.2
Energy(eV) XS(b)
1.00000E-05 187.045
1.25000E-05 167.969
1.50000E-05 153.888
1.56878E-05 150.617
1.96492E-05 135.258
2.00000E-05 134.123
2.11527E-05 130.593
2.23054E-05 127.340
2.46108E-05 121.534
2.75000E-05 115.316
3.08253E-05 109.271
3.50000E-05 102.939
3.86090E-05 98.3140
4.83583E-05 88.5233
5.00000E-05 87.1631
5.52847E-05 83.2040
6.05693E-05 79.7751
7.50000E-05 72.3350
7.58636E-05 71.9584
7.82582E-05 70.9469
8.06527E-05 69.9809
8.54419E-05 68.1721
9.50201E-05 64.9738
0.000100000 63.4956
0.000119014 58.7329
0.000149066 53.1565
0.000150000 53.0106
0.000152294 52.6578
0.000154588 52.3130
0.000159177 51.6458
0.000168353 50.3942
0.000186707 48.1738
0.000200000 46.7602
0.000233852 43.7216
0.000275000 40.8130
0.000292903 39.7434
0.000350000 36.8990
0.000366863 36.1888
0.000413182 34.4670
0.000459500 33.0126
0.000500000 31.9103
0.000575530 30.1746
0.000720857 27.6387
0.000750000 27.2212
0.000826441 26.2329
0.000902881 25.3729
0.00100000 24.4259
0.00113087 23.3482
0.00141643 21.5392
0.00150000 21.1102
0.00177409 19.9227
0.00200000 19.1336
0.00222206 18.4783
0.00275000 17.2528
0.00278316 17.1877
0.00287100 17.0207
0.00295885 16.8612
0.00313455 16.5626
0.00348594 16.0345
0.00350000 16.0150
0.00355414 15.9412
0.00360827 15.8690
0.00371654 15.7294
0.00393309 15.4678
0.00436618 15.0041
0.00500000 14.4374
0.00546868 14.0833
0.00684958 13.2606
0.00750000 12.9544
0.00857917 12.5254
0.0100000 12.0703
0.0107455 11.8684
0.0134589 11.2814
0.0150000 11.0215
0.0168574 10.7568
0.0200000 10.3962
0.0211141 10.2881
0.0253000 9.94786
0.0331234 9.49473
0.0376500 9.29976
0.0414874 9.16010
0.0500000 8.90981
0.0519634 8.86099
0.0585240 8.71606
0.0650847 8.59360
0.0750000 8.43992
0.0815193 8.35451
0.100000 8.15948
0.102104 8.14069
0.108550 8.08656
0.114995 8.03703
0.127886 7.94940
0.150000 7.82618
0.160179 7.77820
0.200000 7.62689
0.200626 7.62488
0.202209 7.61982
0.203792 7.61483
0.206958 7.60501
0.213291 7.58602
0.225956 7.55045
0.251286 7.48746
0.275000 7.43648
0.314739 7.36417
0.350000 7.31045
0.394213 7.25338
0.493756 7.15362
0.500000 7.14835
0.514805 7.13623
0.529609 7.12460
0.559218 7.10270
0.618436 7.06356
0.750000 6.99316
0.774597 6.98193
0.830948 6.95802
0.887299 6.93629
1.00000 6.89811
1.21518 6.83946
1.50000 6.78041
1.52202 6.77647
1.57006 6.76812
1.61810 6.76009
1.71418 6.74492
1.90635 6.71757
2.00000 6.70546
2.19386 6.68245
2.38772 6.66175
2.75000 6.62780
2.99065 6.60789
3.50000 6.57082
3.74582 6.55484
4.69167 6.50127
5.00000 6.48582
5.87637 6.44563
7.36023 6.38601
7.50000 6.38078
7.81250 6.36926
8.12500 6.35798
8.75000 6.33600
10.0000 6.29392
11.5466 6.24418
14.4622 6.15401
15.0000 6.13761
16.5571 6.09019
18.1141 6.04259
20.0000 5.98430
22.6881 5.89926
27.5000 5.73861
28.4171 5.70645
31.7086 5.58615
35.0000 5.45711
35.5928 5.43282
37.8397 5.33759
40.0866 5.23689
44.5803 5.01673
50.0000 4.71121
55.8373 4.32041
61.9187 3.82657
68.0000 3.22676
72.7778 2.69016
76.4825 2.28662
80.1872 2.06334
82.0396 2.16967
82.5027 2.24194
82.9658 2.34009
83.1973 2.40049
83.4289 2.46942
83.6604 2.54776
83.8920 2.63643
84.1235 2.73651
84.3550 2.84916
84.5866 2.97571
84.8181 3.11760
85.0497 3.27652
85.2812 3.45428
85.7443 3.87502
86.2074 4.39998
86.6705 5.05512
87.1336 5.87417
87.5967 6.90152
88.0941 8.30519
88.5915 10.1185
89.0890 12.4838
89.5864 15.6059
90.0838 19.7884
90.5813 25.4938
91.0787 33.4526
91.5761 44.8672
92.0736 61.8214
92.5710 88.1612
93.0684 131.593
93.5659 209.305
93.8146 272.736
94.0633 365.883
94.3120 509.585
94.5607 745.989
94.8095 1170.12
94.9338 1517.59
95.0582 2028.71
95.1825 2815.30
95.3069 4089.79
95.4313 6264.78
95.5556 10064.3
95.6878 16384.6
95.8200 20852.7
95.9522 16982.0
96.0844 10794.9
96.2068 6981.98
96.3291 4727.57
96.4515 3370.30
96.5739 2512.65
96.8186 1548.42
97.0633 1053.42
97.3080 767.362
97.5528 587.338
98.0422 381.558
98.5317 272.278
99.0211 206.958
99.5106 164.576
100.000 135.373
101.169 93.4589
102.339 70.6894
103.508 56.7516
104.678 47.4959
107.016 36.1725
109.355 29.6328
111.694 25.4341
114.033 22.5352
118.710 18.8262
123.388 16.5730
128.065 15.0674
132.743 13.9930
137.420 13.1887
143.710 12.3798
150.000 11.7749
161.060 11.0120
172.120 10.4794
186.060 9.99623
200.000 9.63953
218.750 9.27881
237.500 9.00176
275.000 8.58531
300.000 8.36390
340.000 8.05426
350.000 7.98135
386.801 7.71711
423.602 7.44526
500.000 6.77069
530.567 6.41300
565.283 5.88568
600.000 5.12529
613.119 4.73335
626.239 4.25042
639.358 3.63882
652.477 2.84264
659.037 2.35370
665.596 1.79716
672.156 1.19007
678.716 0.632311
680.356 0.535993
681.995 0.478810
682.815 0.470974
683.635 0.481351
684.455 0.514197
685.275 0.574784
686.095 0.669720
686.915 0.807270
687.735 0.997958
688.555 1.25512
689.375 1.59606
690.195 2.04309
691.835 3.38294
693.475 5.65158
695.115 9.56077
696.755 16.5612
697.575 22.1110
698.394 29.9243
699.214 41.2269
700.034 58.1364
700.854 84.5584
701.674 128.217
702.494 205.951
702.904 268.617
703.314 358.926
703.724 493.741
704.134 702.658
704.544 1037.65
704.954 1580.09
705.477 2651.08
706.000 3490.09
706.523 2938.94
707.046 1921.73
707.536 1266.86
708.025 874.425
708.514 635.682
709.004 483.405
709.983 309.885
710.962 219.088
711.941 165.628
712.919 131.365
714.877 91.2232
716.835 69.1878
718.793 55.6058
720.751 46.5379
722.708 40.1207
726.624 31.7362
730.539 26.5613
734.455 23.0763
738.371 20.5783
746.202 17.2382
754.033 15.0931
761.864 13.5747
769.695 12.4145
785.357 10.6370
793.188 9.85825
801.020 9.06243
808.851 8.16105
812.766 7.62716
816.682 6.99855
820.597 6.22557
824.513 5.22943
826.471 4.61258
828.429 3.89677
830.386 3.08461
832.344 2.26382
833.257 1.97970
834.170 1.91751
834.398 1.96728
834.626 2.05686
834.855 2.19639
835.083 2.39879
835.311 2.68070
835.539 3.06371
835.767 3.57619
835.996 4.25578
836.224 5.15353
836.452 6.33768
836.680 7.90418
836.908 9.98792
837.137 12.7846
837.365 16.5783
837.593 21.8044
837.821 29.1419
838.050 39.6993
838.278 55.3401
838.506 79.4205
838.734 118.341
838.962 185.312
839.191 310.213
839.305 414.294
839.419 567.025
839.533 795.619
839.647 1137.70
839.824 1931.55
840.000 2561.38
840.177 2171.84
840.353 1435.59
840.509 978.299
840.665 694.156
840.821 515.921
840.977 399.472
841.289 263.491
841.600 190.535
841.912 146.814
842.224 118.411
842.848 84.6444
843.471 65.8063
844.095 54.0528
844.718 46.1268
845.342 40.4705
846.589 33.0083
847.837 28.3546
849.084 25.1971
850.331 22.9232
852.826 19.8760
855.320 17.9305
857.815 16.5792
860.309 15.5834
865.298 14.2060
870.287 13.2885
875.276 12.6251
880.265 12.1172
890.243 11.3769
900.221 10.8490
920.177 10.1126
940.132 9.59224
960.088 9.18190
1000.00 8.52412
1076.44 7.45565
1114.66 6.89314
1152.88 6.23927
1191.11 5.41004
1210.22 4.88566
1229.33 4.24860
1248.44 3.45154
1267.55 2.43081
1277.10 1.81993
1286.66 1.15550
1296.21 0.519641
1298.60 0.392784
1300.99 0.295023
1302.19 0.261377
1303.38 0.240960
1304.57 0.236625
1305.17 0.241555
1305.77 0.251878
1306.76 0.282695
1307.76 0.333142
1308.76 0.406794
1309.75 0.507807
1310.75 0.641508
1311.75 0.813990
1313.74 1.30659
1315.74 2.06822
1317.73 3.22315
1319.72 4.96765
1321.71 7.61963
1323.71 11.7192
1325.70 18.2181
1327.69 28.9257
1329.69 47.5385
1331.68 82.4361
1332.68 111.684
1333.67 155.094
1334.67 222.210
1335.67 330.361
1336.66 512.506
1337.66 824.087
1338.83 1412.87
1340.00 1899.38
1341.17 1632.48
1342.34 1088.11
1343.49 716.638
1344.63 496.284
1345.78 363.267
1346.92 278.732
1348.07 222.131
1349.21 182.472
1351.50 131.898
1353.79 101.901
1356.08 82.5271
1360.66 59.5505
1365.24 46.7180
1369.82 38.6826
1374.40 33.2364
1378.98 29.3297
1388.15 24.1325
1397.31 20.8512
1406.47 18.5961
1415.63 16.9495
1433.95 14.6935
1452.27 13.2001
1488.91 11.2736
1525.56 9.98805
1562.20 8.96738
1598.84 8.04209
1635.49 7.10735
1663.60 6.32725
1691.71 5.44263
1719.83 4.39698
1747.94 3.12431
1762.00 2.38892
1776.05 1.60284
1790.11 0.837575
1797.14 0.526321
1800.65 0.412774
1802.41 0.371740
1804.16 0.343922
1805.92 0.331830
1807.68 0.338461
1809.44 0.367353
1811.19 0.422744
1812.95 0.509721
1814.71 0.634405
1816.46 0.804201
1818.22 1.02811
1821.74 1.68472
1825.25 2.72660
1828.76 4.34369
1832.28 6.84017
1835.79 10.7227
1839.31 16.8665
1842.82 26.8794
1846.33 43.9035
1849.85 74.5951
1851.61 99.2713
1853.36 134.471
1855.12 186.003
1856.88 263.467
1858.63 382.438
1860.39 565.465
1863.05 993.961
1865.70 1358.58
1868.36 1184.17
1871.01 803.995
1873.03 588.537
1875.04 442.696
1877.06 344.352
1879.07 276.431
1883.10 192.342
1887.13 144.520
1891.17 114.683
1895.20 94.7115
1903.26 70.2093
1911.32 56.0823
1919.38 47.0474
1927.44 40.8348
1935.51 36.3295
1951.63 30.2703
1967.75 26.4055
1983.88 23.7328
2000.00 21.7735
2038.97 18.6484
2077.94 16.6678
2097.42 15.8709
2116.91 15.0855
2126.65 14.6334
2131.52 14.3618
2136.39 14.0276
2141.26 13.5709
2143.70 13.2553
2146.13 12.8320
2147.35 12.5566
2148.57 12.2169
2149.79 11.7863
2151.00 11.2252
2151.61 10.8794
2152.22 10.4839
2152.83 10.0464
2153.44 9.62092
2154.05 9.44928
2154.35 9.72537
2154.66 10.6999
2154.96 13.4734
2155.12 16.4056
2155.19 18.6009
2155.27 21.5320
2155.34 25.4982
2155.38 28.0024
2155.42 30.9508
2155.46 34.4391
2155.50 38.5872
2155.53 43.5468
2155.57 49.5107
2155.61 56.7248
2155.65 65.5037
2155.72 89.4731
2155.80 126.062
2155.88 181.915
2155.94 244.961
2156.00 321.087
2156.12 443.104
2156.18 438.963
2156.24 393.511
2156.36 275.181
2156.49 180.896
2156.63 127.756
2156.77 96.8663
2156.90 77.7658
2157.04 65.0031
2157.18 56.0983
2157.45 44.7606
2157.73 37.9508
2158.00 33.5104
2158.54 28.1337
2159.09 25.0399
2159.64 23.0555
2160.18 21.6773
2160.73 20.6698
2161.82 19.2928
2162.92 18.3978
2164.01 17.7672
2165.10 17.2969
2167.29 16.6364
2169.48 16.1882
2173.85 15.5986
2178.22 15.2066
2182.59 14.9085
2191.34 14.4368
2200.09 14.0074
2204.46 13.7714
2208.83 13.4904
2213.20 13.1132
2215.39 12.8540
2217.58 12.5069
2218.67 12.2810
2219.76 12.0030
2220.86 11.6511
2221.95 11.1941
2222.50 10.9139
2223.04 10.5964
2223.59 10.2496
2224.13 9.92561
2224.68 9.83930
2224.95 10.1173
2225.23 11.0036
2225.50 13.4357
2225.64 15.9767
2225.77 20.3409
2225.84 23.7448
2225.91 28.3365
2225.95 31.2593
2225.98 34.7221
2226.01 38.8463
2226.05 43.7850
2226.08 49.9249
2226.12 57.1689
2226.15 65.9916
2226.18 76.7904
2226.25 106.397
2226.32 151.036
2226.38 202.441
2226.43 264.451
2226.54 365.207
2226.60 362.027
2226.65 325.104
2226.76 227.598
2226.85 171.986
2226.93 133.692
2227.01 107.519
2227.10 89.2208
2227.26 66.2667
2227.43 53.0752
2227.59 44.6843
2227.76 39.0422
2228.09 32.0096
2228.42 27.8985
2228.75 25.2407
2229.08 23.3970
2229.41 22.0502
2230.08 20.2244
2230.74 19.0500
2231.40 18.2336
2232.06 17.6335
2233.39 16.8100
2234.71 16.2697
2236.03 15.8857
2237.36 15.5971
2240.01 15.1873
2242.65 14.9054
2247.95 14.5290
2253.25 14.2763
2258.54 14.0856
2269.14 13.7990
2290.32 13.3937
2311.51 13.0842
2353.88 12.5873
2396.25 12.1689
2438.62 11.7831
2480.99 11.3961
2523.36 10.9614
2544.54 10.6986
2565.73 10.3731
2588.62 9.88313
2600.06 9.53439
2611.50 9.05311
2617.23 8.73104
2622.95 8.32334
2628.67 7.78729
2634.39 7.04777
2637.25 6.56190
2640.11 5.96470
2642.97 5.21979
2645.84 4.28839
2647.27 3.75076
2648.70 3.18926
2650.13 2.67921
2651.56 2.46040
2651.92 2.51961
2652.27 2.66178
2652.63 2.91915
2652.99 3.33624
2653.35 3.98193
2653.70 4.95080
2653.88 5.60264
2654.06 6.39762
2654.42 8.54599
2654.78 11.7818
2655.13 16.7081
2655.49 24.4386
2655.85 36.9133
2656.21 58.0675
2656.56 95.7314
2656.74 125.627
2656.92 167.353
2657.10 226.083
2657.28 307.788
2657.63 551.261
2657.98 766.953
2658.34 680.682
2658.69 470.698
2659.02 325.360
2659.36 235.483
2659.69 179.100
2660.02 142.344
2660.69 99.0657
2661.36 75.5352
2662.02 61.1649
2662.69 51.6772
2664.02 40.1111
2665.36 33.4496
2666.69 29.1802
2668.02 26.2307
2669.35 24.0807
2672.02 21.1688
2674.69 19.2977
2677.35 17.9963
2680.02 17.0403
2685.35 15.7289
2690.69 14.8699
2696.02 14.2614
2701.35 13.8058
2712.02 13.1637
2722.68 12.7264
2733.35 12.4038
2744.02 12.1517
2765.35 11.7726
2786.68 11.4886
2829.34 11.0573
2872.01 10.7069
2914.67 10.3822
3000.00 9.68745
3056.46 9.09024
3084.69 8.70116
3112.92 8.20581
3141.15 7.53386
3155.26 7.09110
3169.38 6.53699
3183.49 5.81441
3190.55 5.35877
3197.60 4.81007
3204.66 4.12538
3208.19 3.70854
3211.72 3.22063
3215.25 2.63845
3217.01 2.30899
3218.78 1.97099
3220.54 1.71059
3221.42 1.71266
3222.31 1.99592
3222.75 2.37287
3223.19 3.06841
3223.41 3.61364
3223.63 4.35655
3223.85 5.38986
3224.07 6.83679
3224.29 8.92491
3224.51 11.9926
3224.73 16.7010
3224.95 24.1849
3225.17 36.8908
3225.28 46.5702
3225.39 59.8481
3225.50 78.6650
3225.61 105.418
3225.72 144.374
3225.83 201.113
3226.20 470.882
3226.30 463.660
3226.39 410.459
3226.57 274.320
3226.73 189.871
3226.89 136.197
3227.04 102.041
3227.20 79.5070
3227.51 52.9493
3227.83 38.6057
3228.14 29.9172
3228.45 24.2402
3229.08 17.4423
3229.71 13.5916
3230.34 11.1530
3231.59 8.24778
3232.85 6.56288
3234.10 5.43716
3236.61 3.95472
3239.12 2.94511
3241.63 2.16468
3244.14 1.53872
3246.65 1.07143
3247.91 0.917367
3249.16 0.838298
3250.42 0.861252
3251.04 0.922902
3251.67 1.02627
3252.30 1.17979
3252.93 1.39290
3253.55 1.67852
3254.18 2.05086
3254.81 2.52996
3255.44 3.13786
3256.69 4.87055
3257.95 7.60007
3259.20 11.9163
3260.46 18.8533
3261.71 30.3164
3262.97 50.0228
3264.22 85.6761
3264.85 114.145
3265.48 153.977
3266.10 210.225
3266.73 289.239
3267.98 528.362
3269.23 745.523
3270.48 668.979
3271.72 467.804
3272.76 340.211
3273.80 255.570
3274.84 199.569
3275.87 161.374
3277.95 114.583
3280.03 88.1071
3282.10 71.5588
3284.18 60.4390
3288.33 46.6765
3292.48 38.6320
3296.64 33.4208
3300.79 29.7934
3304.94 27.1349
3313.25 23.5122
3321.55 21.1672
3329.86 19.5282
3338.16 18.3183
3354.77 16.6494
3371.38 15.5491
3387.99 14.7649
3404.60 14.1741
3437.82 13.3334
3471.04 12.7514
3504.26 12.3120
3537.47 11.9567
3603.91 11.3732
3637.13 11.1014
3670.35 10.8115
3703.57 10.4605
3720.18 10.2336
3736.79 9.93704
3745.10 9.74459
3753.40 9.50421
3761.71 9.18944
3770.01 8.75036
3774.16 8.45485
3778.31 8.07997
3782.47 7.58641
3786.62 6.90597
3788.70 6.45937
3790.77 5.91174
3792.85 5.23065
3794.92 4.38264
3795.96 3.89533
3797.00 3.38758
3798.04 2.92717
3799.08 2.72214
3799.60 2.88699
3800.11 3.45194
3800.37 3.99186
3800.63 4.79663
3800.89 5.99011
3801.15 7.74181
3801.41 10.3473
3801.67 14.2412
3801.93 20.2214
3802.19 29.5789
3802.45 44.8414
3802.71 70.5408
3802.97 115.933
3803.23 196.898
3803.53 359.843
3803.84 511.590
3803.99 512.490
3804.15 462.939
3804.45 325.327
3804.64 259.038
3804.82 209.229
3805.18 145.088
3805.55 108.199
3805.91 85.4994
3806.28 70.4838
3806.65 60.0527
3807.38 46.7141
3808.11 38.7228
3808.84 33.4795
3810.30 27.1098
3811.76 23.4322
3813.22 21.0581
3814.69 19.4060
3816.15 18.1924
3819.07 16.5314
3822.00 15.4474
3824.92 14.6822
3827.84 14.1108
3833.69 13.3066
3839.54 12.7560
3845.39 12.3422
3851.24 12.0059
3862.93 11.4337
3868.78 11.1463
3874.63 10.8149
3880.48 10.3745
3883.40 10.0702
3886.32 9.65847
3887.79 9.38774
3889.25 9.05057
3890.71 8.61736
3892.17 8.04104
3892.90 7.67796
3893.63 7.25169
3894.37 6.75778
3895.10 6.22142
3895.83 5.80261
3896.19 5.83085
3896.56 6.36394
3896.92 8.24396
3897.02 9.16074
3897.11 10.3672
3897.20 11.9784
3897.29 14.1471
3897.38 17.1346
3897.47 21.2130
3897.56 26.9948
3897.66 35.1581
3897.75 47.1765
3897.84 64.8235
3897.93 91.3476
3898.02 131.151
3898.10 179.103
3898.18 238.174
3898.33 338.573
3898.41 339.623
3898.49 307.831
3898.64 218.450
3898.76 163.142
3898.89 125.875
3899.01 100.537
3899.13 83.1424
3899.38 61.4045
3899.63 48.9227
3899.88 41.0481
3900.12 35.7172
3900.62 29.0751
3901.11 25.1686
3901.60 22.6270
3902.10 20.8532
3902.59 19.5526
3903.58 17.7730
3904.57 16.6192
3905.56 15.8119
3906.54 15.2161
3908.52 14.3931
3910.49 13.8506
3912.47 13.4640
3914.44 13.1733
3918.40 12.7615
3922.35 12.4799
3926.30 12.2720
3930.25 12.1100
3938.15 11.8690
3946.05 11.6933
3961.86 11.4424
3977.66 11.2618
3993.46 11.1184
4025.07 10.8918
4090.05 10.5370
4155.04 10.2322
4220.02 9.92390
4285.01 9.56901
4349.99 9.09755
4382.48 8.77192
4414.97 8.32925
4431.22 8.03526
4447.47 7.66394
4463.71 7.17504
4479.96 6.49538
4488.08 6.04332
4496.20 5.47904
4504.33 4.75673
4512.45 3.80878
4516.51 3.22386
4520.57 2.55539
4524.63 1.81771
4528.70 1.10380
4530.73 0.851743
4531.74 0.793181
4532.76 0.810812
4533.77 0.942490
4534.79 1.24515
4535.30 1.48682
4535.80 1.80725
4536.31 2.22703
4536.82 2.76910
4537.83 4.36221
4538.85 6.97329
4539.86 11.2936
4540.88 18.6092
4541.90 31.4785
4542.91 55.2347
4543.42 74.4986
4543.93 101.754
4544.43 140.815
4544.94 196.356
4545.93 364.138
4546.92 524.222
4547.42 527.867
4547.91 478.723
4548.90 338.025
4549.65 253.897
4550.41 195.684
4551.16 155.772
4551.91 127.800
4553.42 92.5622
4554.93 72.1194
4556.43 59.1285
4557.94 50.3036
4560.95 39.2656
4563.97 32.7569
4566.98 28.5170
4569.99 25.5568
4573.00 23.3827
4579.03 20.4142
4585.05 18.4907
4591.08 17.1455
4597.11 16.1524
4609.16 14.7828
4621.21 13.8794
4633.26 13.2350
4645.31 12.7486
4669.41 12.0535
4693.51 11.5676
4741.72 10.8909
4789.92 10.3795
4838.13 9.89086
4862.23 9.60820
4874.28 9.44019
4886.33 9.23781
4898.38 8.97051
4904.41 8.79086
4910.43 8.55326
4913.45 8.39882
4916.46 8.20659
4919.47 7.95679
4922.48 7.61312
4923.99 7.38530
4925.50 7.10098
4927.00 6.73508
4928.51 6.24910
4929.26 5.94320
4930.02 5.58557
4930.77 5.17330
4931.52 4.73033
4932.28 4.39804
4932.65 4.44116
4933.03 4.92047
4933.22 5.51318
4933.41 6.55010
4933.59 8.36020
4933.69 9.73287
4933.78 11.5745
4933.88 14.1016
4933.97 17.5402
4934.07 22.3333
4934.16 29.1310
4934.25 38.9552
4934.35 53.4182
4934.44 75.0041
4934.54 107.174
4934.62 146.551
4934.70 195.295
4934.86 279.647
4934.94 281.694
4935.02 256.079
4935.19 182.071
4935.31 136.888
4935.44 105.858
4935.57 84.7619
4935.69 70.1720
4935.95 51.8142
4936.20 41.2074
4936.45 34.4693
4936.71 29.9181
4937.21 24.2344
4937.72 20.8801
4938.23 18.7002
4938.73 17.1775
4939.24 16.0581
4940.25 14.5271
4941.26 13.5331
4942.28 12.8364
4943.29 12.3208
4945.32 11.6053
4947.34 11.1295
4949.37 10.7863
4951.39 10.5243
4955.44 10.1423
4959.49 9.86758
4967.59 9.46985
4975.70 9.16219
4983.80 8.88699
5000.00 8.33179
5010.36 7.92164
5020.72 7.42160
5031.08 6.77029
5041.44 5.85906
5045.93 5.33538
5050.42 4.69774
5054.91 3.91044
5059.40 2.93764
5061.65 2.38202
5063.89 1.80606
5066.14 1.28566
5067.26 1.10604
5068.38 1.05023
5068.95 1.09914
5069.51 1.22437
5070.07 1.45445
5070.63 1.82768
5071.19 2.40097
5071.75 3.25225
5072.31 4.49964
5072.88 6.31910
5073.44 8.98684
5074.00 12.9215
5074.56 18.8231
5075.12 27.8630
5075.68 42.1086
5076.24 65.1491
5076.80 103.501
5077.37 167.846
5078.13 314.488
5078.89 456.705
5079.27 461.878
5079.65 420.674
5080.42 299.547
5080.89 238.268
5081.36 192.322
5082.30 133.398
5083.24 99.7599
5084.18 79.0772
5085.12 65.4253
5086.06 55.9181
5087.95 43.7458
5089.83 36.4242
5091.71 31.6002
5095.48 25.7064
5099.25 22.2786
5103.01 20.0521
5106.78 18.4941
5110.54 17.3447
5118.07 15.7617
5125.61 14.7218
5133.14 13.9838
5140.67 13.4309
5155.73 12.6511
5170.80 12.1201
5185.86 11.7283
5200.92 11.4221
5231.05 10.9600
5261.17 10.6101
5321.43 10.0562
5381.68 9.54629
5411.81 9.26296
5441.93 8.92421
5472.06 8.46843
5487.12 8.15385
5502.18 7.72815
5509.72 7.44686
5517.25 7.09336
5524.78 6.63083
5532.31 5.99369
5536.08 5.57382
5539.84 5.05459
5543.61 4.39885
5547.37 3.55719
5549.26 3.05150
5551.14 2.49134
5553.02 1.90809
5554.91 1.42333
5555.85 1.32802
5556.79 1.48074
5557.26 1.72412
5557.73 2.14741
5558.20 2.83496
5558.67 3.91420
5559.14 5.59600
5559.61 8.21678
5560.08 12.3510
5560.55 18.9975
5561.03 30.0611
5561.50 49.1063
5561.97 83.3638
5562.44 145.898
5562.98 273.239
5563.53 398.260
5563.81 403.904
5564.08 368.629
5564.63 263.023
5565.09 192.596
5565.56 145.698
5566.02 114.695
5566.49 93.5652
5567.42 67.6729
5568.35 53.0040
5569.29 43.7984
5570.22 37.5934
5572.08 29.8699
5573.94 25.3266
5575.81 22.3657
5577.67 20.2950
5579.53 18.7702
5583.26 16.6813
5586.98 15.3200
5590.71 14.3626
5594.44 13.6515
5601.89 12.6621
5609.34 12.0011
5616.79 11.5228
5624.24 11.1563
5639.15 10.6193
5654.05 10.2281
5668.96 9.90494
5672.68 9.82434
5676.41 9.73402
5678.27 9.67845
5680.14 9.60402
5681.07 9.55128
5682.00 9.47805
5682.46 9.43224
5682.93 9.39700
5683.16 9.41563
5683.40 9.55317
5683.51 9.76351
5683.63 10.2410
5683.75 11.4329
5683.80 12.6572
5683.86 14.7277
5683.94 19.4448
5684.02 24.0520
5684.10 22.8868
5684.18 19.0173
5684.26 16.1539
5684.34 14.3662
5684.49 12.4902
5684.64 11.6017
5684.80 11.1091
5685.11 10.5972
5685.41 10.3421
5686.03 10.0899
5686.65 9.96450
5687.88 9.83467
5689.12 9.76278
5691.58 9.67429
5694.05 9.61290
5698.99 9.51732
5703.92 9.43621
5723.66 9.15687
5763.14 8.65558
5802.61 8.14399
5842.09 7.56112
5881.57 6.83705
5921.05 5.85812
5940.78 5.21119
5960.52 4.40321
5980.26 3.37012
6000.00 2.04583
6015.11 0.891733
6022.66 0.413010
6024.55 0.333550
6026.44 0.282341
6028.33 0.268784
6030.22 0.305370
6032.10 0.408821
6033.99 0.601431
6035.88 0.913882
6037.77 1.38774
6039.66 2.08196
6041.55 3.07847
6043.44 4.49738
6045.32 6.51164
6047.21 9.38471
6049.10 13.5134
6050.99 19.5299
6052.88 28.4364
6054.77 41.9022
6056.65 62.6761
6058.54 95.3035
6060.43 146.605
6063.41 279.461
6066.39 412.021
6067.88 419.434
6069.37 384.243
6072.35 276.121
6075.11 198.169
6077.87 147.892
6080.64 115.514
6083.40 93.8678
6088.92 67.7763
6094.44 53.1740
6099.96 44.0721
6105.49 37.9437
6116.53 30.3181
6127.58 25.8158
6138.62 22.8658
6149.67 20.7889
6160.71 19.2483
6182.81 17.1113
6204.90 15.6898
6226.99 14.6629
6238.03 14.2404
6243.56 14.0370
6246.32 13.9221
6247.70 13.8441
6248.39 13.7997
6248.73 13.8362
6248.91 14.0078
6249.08 14.8667
6249.23 17.0483
6249.39 16.0655
6249.51 15.1455
6249.63 14.6962
6249.88 14.3140
6250.37 14.0703
6251.35 13.9246
6253.31 13.8103
6257.23 13.6686
6265.07 13.4368
6280.74 13.0341
6312.10 12.3631
6374.81 11.3163
6437.51 10.4339
6500.22 9.54615
6562.93 8.48351
6594.28 7.80111
6625.64 6.92778
6656.99 5.71916
6672.67 4.90370
6688.34 3.86623
6704.02 2.52083
6711.86 1.72264
6719.70 0.904908
6723.62 0.558541
6725.58 0.431679
6727.54 0.359064
6729.50 0.368917
6730.48 0.417391
6731.46 0.503967
6732.44 0.637840
6733.42 0.830259
6734.40 1.09551
6735.37 1.45135
6736.35 1.92176
6737.33 2.53650
6739.29 4.36702
6741.25 7.43715
6743.21 12.6403
6745.17 21.7016
6747.13 38.0808
6748.11 51.0518
6749.09 69.0582
6750.07 94.1982
6751.05 129.095
6753.16 246.131
6755.27 365.086
6756.33 373.109
6757.38 342.691
6759.49 246.375
6761.96 162.382
6764.44 114.332
6766.91 86.1836
6769.38 68.5374
6771.85 56.7455
6774.32 48.4366
6779.27 37.6672
6784.21 31.0786
6789.16 26.6589
6799.04 21.0874
6808.93 17.6476
6818.82 15.2146
6838.60 11.6526
6858.37 8.56210
6868.26 6.89457
6878.15 5.00342
6888.04 2.82922
6892.98 1.70479
6897.92 0.782002
6899.16 0.642006
6900.40 0.569746
6901.63 0.591502
6902.87 0.743704
6904.10 1.07741
6904.72 1.33388
6905.34 1.66507
6906.58 2.61099
6907.81 4.06772
6909.05 6.26227
6910.28 9.53893
6911.52 14.4301
6912.76 21.7749
6913.99 32.9157
6915.23 50.0096
6916.46 76.4442
6917.70 117.060
6919.90 236.059
6922.09 356.494
6924.29 337.753
6926.48 250.059
6928.14 195.331
6929.80 156.071
6931.46 128.310
6933.11 108.354
6936.43 82.4294
6939.75 66.8297
6943.07 56.6311
6946.38 49.5269
6953.02 40.3808
6959.65 34.7986
6966.28 31.0557
6979.55 26.3619
6992.82 23.5313
7006.09 21.6288
7019.35 20.2540
7032.62 19.2082
7059.16 17.7076
7085.69 16.6666
7138.76 15.2704
7191.83 14.3104
7244.90 13.4944
7271.44 13.0467
7284.71 12.7769
7297.97 12.4400
7311.24 11.9664
7317.88 11.6289
7324.51 11.1618
7327.83 10.8483
7331.14 10.4501
7334.46 9.92383
7337.78 9.19162
7339.44 8.70543
7341.09 8.10113
7342.75 7.33201
7344.41 6.33387
7346.07 5.03631
7346.90 4.28770
7347.73 3.57315
7348.56 3.25623
7348.97 3.60117
7349.39 4.81162
7349.59 6.03664
7349.80 7.95649
7350.01 10.9624
7350.21 15.6949
7350.42 23.2883
7350.63 35.5616
7350.84 55.7790
7351.04 89.0452
7351.20 126.863
7351.36 175.379
7351.67 264.718
7351.83 272.280
7351.99 252.676
7352.30 187.633
7352.54 147.344
7352.77 118.387
7353.00 97.8411
7353.24 83.0287
7353.70 63.7696
7354.17 52.1865
7354.64 44.6153
7355.10 39.3687
7356.03 32.6456
7356.97 28.5696
7357.90 25.8626
7358.83 23.9413
7359.76 22.5107
7361.63 20.5266
7363.49 19.2190
7365.36 18.2927
7367.22 17.6020
7370.95 16.6378
7374.68 15.9943
7378.41 15.5313
7382.14 15.1799
7389.60 14.6757
7397.06 14.3244
7411.97 13.8479
7426.89 13.5190
7441.81 13.2602
7471.64 12.8293
7501.48 12.4045
7516.40 12.1537
7531.31 11.8380
7538.77 11.6366
7546.23 11.3867
7553.69 11.0602
7561.15 10.6040
7564.88 10.2957
7568.61 9.90245
7572.34 9.38093
7576.07 8.65319
7577.93 8.16921
7579.80 7.56681
7581.66 6.80031
7583.52 5.80594
7585.39 4.51593
7586.32 3.77464
7587.25 3.07295
7588.19 2.78071
7588.65 3.14648
7588.89 3.61277
7589.12 4.38986
7589.35 5.63097
7589.58 7.57683
7589.82 10.6153
7590.05 15.3883
7590.28 22.9844
7590.52 35.2821
7590.75 55.4965
7590.98 88.6948
7591.16 126.439
7591.34 175.240
7591.69 265.213
7591.87 273.033
7592.05 253.391
7592.41 187.966
7592.67 147.480
7592.93 118.364
7593.20 97.6429
7593.46 82.7721
7593.99 63.4122
7594.51 51.7977
7595.04 44.2078
7595.57 38.9388
7596.62 32.1976
7597.67 28.1133
7598.73 25.4017
7599.78 23.4781
7600.83 22.0464
7602.94 20.0625
7605.05 18.7570
7607.15 17.8329
7609.26 17.1449
7613.47 16.1871
7617.69 15.5503
7621.90 15.0944
7626.11 14.7502
7634.54 14.2610
7642.96 13.9252
7651.39 13.6761
7659.82 13.4808
7676.67 13.1856
7693.52 12.9629
7727.23 12.6152
7760.93 12.3017
7777.78 12.1279
7794.64 11.9170
7811.49 11.6238
7819.92 11.4143
7828.34 11.1220
7832.55 10.9237
7836.77 10.6692
7840.98 10.3278
7845.19 9.84218
7847.30 9.51198
7849.41 9.09161
7851.51 8.53794
7853.62 7.77907
7854.67 7.28553
7855.73 6.68757
7856.78 5.95726
7857.83 5.07461
7858.89 4.09390
7859.41 3.68050
7859.94 3.55373
7860.20 3.75334
7860.47 4.30790
7860.73 5.49387
7860.99 7.83740
7861.12 9.74756
7861.26 12.4192
7861.39 16.1782
7861.52 21.4635
7861.65 29.0829
7861.78 39.9975
7861.91 55.9536
7862.05 78.7829
7862.18 112.079
7862.32 154.891
7862.59 234.616
7862.72 241.879
7862.86 224.858
7863.13 167.287
7863.31 134.934
7863.49 110.635
7863.85 79.5196
7864.20 61.7779
7864.56 50.8108
7864.92 43.5321
7865.28 38.4198
7865.99 31.8067
7866.71 27.7711
7867.43 25.0782
7868.86 21.7396
7870.29 19.7633
7871.72 18.4642
7873.15 17.5458
7874.58 16.8637
7877.45 15.9175
7880.31 15.2923
7883.17 14.8479
7886.03 14.5151
7891.76 14.0483
7897.49 13.7347
7903.21 13.5077
7908.94 13.3345
7918.91 13.1118
7928.87 12.9499
7948.81 12.7237
7968.74 12.5668
7988.67 12.4465
8028.54 12.2642
8068.40 12.1224
8108.27 11.9994
8148.14 11.8797
8168.07 11.8121
8178.04 11.7723
8188.00 11.7237
8197.97 11.6574
8202.95 11.6110
8207.93 11.5471
8212.92 11.4489
8215.41 11.3749
8217.90 11.2688
8220.39 11.1018
8221.64 10.9753
8222.88 10.7963
8224.13 10.5231
8224.75 10.3257
8225.38 10.0620
8226.00 9.70148
8226.31 9.47635
8226.62 9.23222
8226.93 9.03003
8227.09 9.01603
8227.25 9.17639
8227.40 9.76832
8227.56 11.4825
8227.63 13.3337
8227.71 16.5674
8227.79 22.3480
8227.87 32.5694
8227.92 43.0622
8227.97 56.4159
8228.07 81.7179
8228.12 84.2190
8228.17 79.0147
8228.27 60.8839
8228.35 49.0251
8228.43 40.6206
8228.51 34.7696
8228.59 30.6609
8228.74 25.3531
8228.90 22.2024
8229.06 20.1633
8229.21 18.7543
8229.53 16.9580
8229.84 15.8746
8230.16 15.1561
8230.78 14.2688
8231.41 13.7448
8232.04 13.4009
8233.30 12.9773
8234.55 12.7264
8235.81 12.5606
8238.32 12.3541
8240.84 12.2297
8243.35 12.1458
8248.37 12.0384
8253.40 11.9707
8258.42 11.9228
8268.47 11.8565
8278.53 11.8100
8288.58 11.7734
8308.68 11.7154
8348.88 11.6259
8389.08 11.5511
8549.89 11.2962
8630.30 11.1738
8710.70 11.0391
8750.91 10.9571
8771.01 10.9072
8791.11 10.8455
8811.21 10.7607
8821.26 10.7012
8831.31 10.6192
8836.34 10.5640
8841.36 10.4932
8846.39 10.3978
8851.41 10.2604
8853.93 10.1654
8856.44 10.0419
8858.95 9.87426
8861.46 9.63306
8862.72 9.46742
8863.98 9.25495
8865.23 8.97251
8866.49 8.57989
8867.12 8.32062
8867.75 8.00200
8868.37 7.60411
8869.00 7.10457
8869.63 6.50108
8869.94 6.19527
8870.26 5.97911
8870.57 6.11453
8870.73 6.54120
8870.89 7.51932
8871.04 9.61846
8871.12 11.4580
8871.20 14.1419
8871.28 18.2074
8871.36 24.2842
8871.44 33.6908
8871.51 47.8251
8871.59 66.3636
8871.66 90.4896
8871.80 135.597
8871.87 140.182
8871.94 130.812
8872.08 98.5215
8872.23 71.6466
8872.38 54.8800
8872.52 44.3932
8872.67 37.5095
8872.82 32.7568
8872.97 29.3280
8873.26 24.7823
8873.56 21.9504
8873.86 20.0388
8874.45 17.6512
8875.04 16.2291
8875.63 15.2928
8876.22 14.6319
8876.81 14.1421
8878.00 13.4637
8879.18 13.0179
8880.36 12.7026
8881.55 12.4678
8883.91 12.1411
8886.28 11.9245
8888.65 11.7699
8891.01 11.6538
8895.75 11.4899
8900.48 11.3790
8905.21 11.2980
8909.95 11.2355
8919.41 11.1439
8928.88 11.0779
8947.81 10.9836
8966.74 10.9134
8985.68 10.8542
9023.54 10.7471
9061.41 10.6352
9080.34 10.5697
9099.27 10.4901
9118.20 10.3822
9127.67 10.3075
9137.14 10.2057
9141.87 10.1376
9146.60 10.0510
9151.34 9.93508
9156.07 9.76939
9158.44 9.65544
9160.80 9.50816
9163.17 9.30934
9165.54 9.02532
9166.72 8.83163
9167.90 8.58481
9169.09 8.25963
9170.27 7.81361
9170.86 7.52361
9171.45 7.17206
9172.04 6.74302
9172.64 6.22633
9173.23 5.65449
9173.52 5.41617
9173.82 5.34923
9174.11 5.80405
9174.26 6.51048
9174.41 7.90096
9174.56 10.5981
9174.71 15.9240
9174.78 20.3840
9174.85 26.8162
9174.93 36.1402
9175.00 49.3644
9175.08 68.9725
9175.15 94.1504
9175.31 141.641
9175.38 146.554
9175.46 136.824
9175.61 102.892
9175.70 85.0599
9175.79 71.3992
9175.98 53.1049
9176.16 42.2696
9176.34 35.4426
9176.53 30.8138
9176.71 27.5314
9177.07 23.2585
9177.44 20.6248
9177.80 18.8655
9178.54 16.6747
9179.27 15.3775
9180.00 14.5244
9180.73 13.9222
9181.46 13.4750
9182.92 12.8559
9184.38 12.4477
9185.85 12.1581
9187.31 11.9420
9190.23 11.6395
9193.15 11.4371
9196.08 11.2910
9199.00 11.1799
9204.85 11.0199
9210.70 10.9076
9222.39 10.7527
9234.08 10.6420
9245.78 10.5505
9269.17 10.3838
9292.56 10.1957
9304.25 10.0744
9315.94 9.91423
9321.79 9.80921
9327.64 9.67698
9333.49 9.50211
9339.33 9.25499
9342.26 9.08656
9345.18 8.87032
9348.10 8.58074
9351.03 8.17109
9352.49 7.89445
9353.95 7.54462
9355.41 7.08896
9356.87 6.47503
9357.61 6.08347
9358.34 5.61826
9359.07 5.06798
9359.80 4.44066
9360.53 3.84104
9360.90 3.68693
9361.26 3.87030
9361.63 4.94244
9361.81 6.22654
9361.99 8.49338
9362.17 12.5602
9362.27 15.6854
9362.36 19.9267
9362.45 25.7988
9362.54 33.7996
9362.63 44.8264
9362.72 59.9285
9362.83 84.8076
9362.94 116.875
9363.16 177.914
9363.26 184.397
9363.37 172.208
9363.59 128.771
9363.80 94.5467
9364.01 72.4723
9364.22 58.1816
9364.43 48.6530
9364.64 41.9484
9364.85 37.0865
9365.27 30.5619
9365.69 26.4631
9366.12 23.6827
9366.96 20.1914
9367.80 18.1098
9368.64 16.7366
9369.48 15.7659
9370.33 15.0447
9372.01 14.0457
9373.69 13.3867
9375.38 12.9190
9377.06 12.5692
9380.43 12.0782
9383.80 11.7474
9387.16 11.5062
9390.53 11.3201
9397.27 11.0438
9404.00 10.8380
9417.47 10.5104
9430.94 10.1848
9437.68 9.98335
9444.41 9.71876
9447.78 9.54484
9451.15 9.32517
9454.52 9.03434
9457.88 8.62518
9459.57 8.34894
9461.25 7.99875
9462.94 7.54008
9464.62 6.91549
9465.46 6.51191
9466.30 6.02533
9467.14 5.43593
9467.99 4.73330
9468.83 3.97662
9469.25 3.67982
9469.67 3.63790
9470.09 4.34061
9470.30 5.36005
9470.51 7.30108
9470.72 10.9922
9470.83 13.9426
9470.93 18.0572
9471.04 23.8427
9471.14 32.0376
9471.25 43.6871
9471.35 60.1476
9471.47 85.5692
9471.58 118.470
9471.81 181.029
9471.93 187.841
9472.05 175.499
9472.28 131.540
9472.53 93.3947
9472.78 70.1087
9473.03 55.7380
9473.28 46.3885
9473.53 39.9495
9473.78 35.3429
9474.29 29.2552
9474.79 25.4650
9475.29 22.9147
9476.29 19.7249
9477.30 17.8255
9478.30 16.5742
9479.31 15.6886
9480.31 15.0308
9482.32 14.1180
9484.33 13.5156
9486.34 13.0877
9488.35 12.7676
9492.37 12.3192
9496.39 12.0185
9500.40 11.8014
9504.42 11.6361
9512.46 11.3985
9520.50 11.2328
9536.57 11.0094
9552.64 10.8580
9568.72 10.7424
9600.86 10.5637
9633.01 10.4170
9665.16 10.2808
9729.45 9.99681
9793.74 9.62996
9825.89 9.37475
9858.04 9.02328
9874.11 8.78701
9890.19 8.48559
9906.26 8.08388
9922.33 7.51656
9930.37 7.13327
9938.41 6.64757
9946.44 6.01224
9954.48 5.14882
9958.50 4.59277
9962.52 3.92476
9966.53 3.11970
9970.55 2.16834
9974.57 1.16390
9976.58 0.790053
9977.59 0.714652
9978.59 0.784811
9979.59 1.09911
9980.10 1.39609
9980.60 1.82519
9981.10 2.42943
9981.60 3.26284
9982.11 4.40360
9982.61 5.95852
9983.11 8.08219
9983.61 10.9788
9984.11 14.9565
9984.62 20.4554
9985.12 28.1313
9985.62 38.8728
9986.12 53.9711
9986.63 75.0627
9987.20 108.493
9987.77 152.171
9988.91 236.094
9989.48 245.854
9990.05 230.058
9991.20 171.911
9992.30 125.972
9993.40 95.9789
9994.50 76.5521
9995.60 63.4945
9996.70 54.3132
9997.80 47.6121
10000.0 38.6133
10001.7 33.9456
10003.5 30.5553
10006.9 25.9670
10010.4 23.0235
10013.9 20.9964
10020.8 18.3880
10027.7 16.7904
10034.7 15.7133
10041.6 14.9379
10055.4 13.8946
10069.3 13.2220
10083.2 12.7492
10110.9 12.1202
10138.6 11.7099
10166.3 11.4110
10221.7 10.9738
10277.2 10.6191
10304.9 10.4402
10332.6 10.2391
10360.3 9.98305
10374.2 9.81184
10388.1 9.58324
10395.0 9.43262
10401.9 9.24252
10408.8 8.99090
10415.8 8.63567
10419.2 8.39391
10422.7 8.08555
10426.2 7.67434
10429.6 7.10092
10431.4 6.71678
10433.1 6.24064
10434.8 5.63395
10436.6 4.84443
10438.3 3.81426
10439.2 3.21084
10440.0 2.62957
10440.9 2.32330
10441.3 2.53179
10441.8 3.35591
10442.0 4.22472
10442.2 5.60973
10442.4 7.79674
10442.6 11.0633
10442.8 16.4783
10443.1 24.7552
10443.3 38.8354
10443.5 60.5825
10443.7 88.4135
10443.8 122.973
10444.2 189.298
10444.4 197.223
10444.5 184.443
10444.9 138.826
10445.2 103.426
10445.5 79.9104
10445.8 64.4563
10446.1 54.2244
10446.8 41.1983
10447.4 33.8570
10448.0 29.1245
10448.7 25.9445
10449.9 21.8894
10451.2 19.4583
10452.5 17.8489
10453.8 16.7085
10455.0 15.8654
10457.6 14.6854
10460.1 13.9087
10462.6 13.3544
10465.2 12.9412
10470.2 12.3596
10475.3 11.9693
10480.4 11.6861
10485.4 11.4691
10495.6 11.1523
10505.7 10.9255
10526.0 10.5989
10566.6 10.0878
10576.8 9.93079
10581.8 9.83158
10586.9 9.70434
10592.0 9.52195
10594.5 9.39036
10597.0 9.20822
10599.6 8.92889
10600.8 8.72208
10602.1 8.43692
10603.4 8.00967
10604.0 7.70603
10604.6 7.31827
10605.3 6.80699
10605.6 6.51170
10605.9 6.23790
10606.2 6.10597
10606.4 6.23229
10606.5 6.64610
10606.7 7.77279
10606.9 10.5455
10606.9 13.2305
10607.0 17.5483
10607.1 24.5783
10607.2 35.2874
10607.2 48.5981
10607.3 64.8836
10607.4 99.0945
10607.5 102.756
10607.6 96.3109
10607.7 73.7991
10607.8 52.9511
10608.0 40.8758
10608.1 33.4345
10608.3 28.5924
10608.4 25.2662
10608.5 22.8733
10608.8 19.7069
10609.1 17.6786
10609.4 16.3635
10609.9 14.7114
10610.5 13.7096
10611.1 13.0599
10611.6 12.5914
10612.2 12.2486
10613.3 11.7669
10614.5 11.4473
10615.6 11.2188
10616.7 11.0467
10619.0 10.8027
10621.2 10.6358
10623.5 10.5123
10625.8 10.4162
10630.3 10.2711
10634.8 10.1630
10643.8 10.0011
10661.9 9.76215
10680.0 9.55614
10716.1 9.13053
10752.2 8.59485
10770.3 8.24664
10788.4 7.81020
10806.5 7.23920
10824.5 6.45181
10833.6 5.93250
10842.6 5.29118
10851.6 4.48088
10860.7 3.44175
10869.7 2.11629
10874.2 1.37133
10878.7 0.690546
10881.0 0.469429
10882.1 0.426440
10883.3 0.454752
10884.4 0.584279
10885.5 0.857747
10886.6 1.33701
10887.8 2.11301
10888.9 3.32174
10890.0 5.17041
10891.2 7.98095
10892.3 12.2632
10893.4 18.8374
10894.6 29.0312
10895.7 44.9534
10896.8 69.4146
10897.8 101.274
10898.8 143.041
10900.8 222.865
10901.8 232.038
10902.8 217.362
10904.8 163.447
10906.5 124.734
10908.2 97.9605
10909.9 79.7384
10911.6 67.0810
10915.0 51.0603
10918.5 41.6737
10921.9 35.6216
10925.3 31.4647
10932.1 26.1661
10938.9 22.9598
10945.8 20.8298
10952.6 19.3149
10959.4 18.1840
10973.0 16.6086
10986.7 15.5641
11000.3 14.8193
11014.0 14.2604
11041.3 13.4714
11068.6 12.9353
11095.9 12.5404
11123.2 12.2310
11177.8 11.7526
11232.3 11.3400
11259.6 11.1055
11273.3 10.9603
11286.9 10.7747
11293.8 10.6552
11300.6 10.5065
11307.4 10.3113
11314.2 10.0366
11317.6 9.84899
11321.1 9.60845
11324.5 9.28583
11327.9 8.82775
11329.6 8.51633
11331.3 8.12337
11333.0 7.60569
11334.7 6.90575
11335.6 6.44957
11336.4 5.90745
11337.3 5.25419
11338.1 4.48092
11339.0 3.64565
11339.4 3.32094
11339.8 3.26950
11340.2 3.98341
11340.5 4.97764
11340.7 6.82424
11340.9 10.4034
11341.0 13.2397
11341.1 16.7368
11341.2 21.9837
11341.3 28.4997
11341.4 38.3045
11341.5 50.3924
11341.7 73.7709
11341.8 102.486
11342.1 160.846
11342.2 168.513
11342.3 159.015
11342.6 121.161
11342.8 93.6276
11343.1 74.4666
11343.3 61.3755
11343.5 52.2120
11344.0 40.6326
11344.4 33.9510
11344.9 29.5328
11345.3 26.4878
11346.3 22.6388
11347.2 20.2820
11348.1 18.7295
11349.0 17.6232
11349.9 16.7965
11351.7 15.6402
11353.6 14.8791
11355.4 14.3353
11357.2 13.9311
11360.9 13.3632
11364.5 12.9853
11368.2 12.7139
11371.8 12.5086
11379.1 12.2160
11386.4 12.0152
11393.7 11.8665
11401.0 11.7502
11415.6 11.5759
11430.2 11.4471
11459.5 11.2578
11488.7 11.1130
11517.9 10.9865
11532.5 10.9235
11547.1 10.8532
11554.4 10.8090
11561.7 10.7465
11565.4 10.6973
11569.0 10.6137
11570.8 10.5395
11572.7 10.4084
11573.6 10.2920
11574.5 10.1002
11575.0 9.95043
11575.4 9.76169
11575.6 9.67719
11575.9 9.72038
11576.0 9.93980
11576.1 10.5093
11576.2 12.0245
11576.3 13.7720
11576.3 16.6071
11576.4 23.8374
11576.5 32.7490
11576.6 32.2964
11576.7 26.9267
11576.7 22.7299
11576.8 19.7726
11577.0 16.6173
11577.1 14.9792
11577.3 14.0173
11577.6 12.9450
11577.9 12.4078
11578.5 11.8565
11579.1 11.5864
11580.3 11.3140
11581.5 11.1794
11584.0 11.0424
11586.4 10.9709
11591.2 10.8924
11596.1 10.8456
11605.8 10.7837
11615.5 10.7373
11635.0 10.6596
11654.4 10.5884
11693.3 10.4450
11732.1 10.2831
11771.0 10.0745
11790.5 9.93398
11809.9 9.74579
11819.6 9.62141
11829.3 9.46404
11839.0 9.25501
11848.8 8.95866
11853.6 8.75589
11858.5 8.49489
11863.3 8.14469
11868.2 7.64803
11870.6 7.31217
11873.1 6.88696
11875.5 6.33231
11877.9 5.58290
11879.1 5.10187
11880.3 4.53334
11881.6 3.85137
11882.8 3.06991
11884.0 2.28058
11884.6 2.02759
11885.2 2.11700
11885.5 2.44829
11885.8 3.11492
11886.1 4.34728
11886.4 6.53800
11886.6 8.32444
11886.7 10.5705
11886.9 13.5649
11887.0 17.5733
11887.2 22.9613
11887.3 30.2255
11887.5 40.0183
11887.6 53.1332
11887.8 77.1360
11888.0 108.938
11888.4 171.826
11888.6 180.446
11888.8 170.257
11889.2 129.237
11889.7 91.0729
11890.1 67.9834
11890.6 53.9183
11891.1 44.8427
11891.5 38.6427
11892.0 34.1984
11892.9 28.3834
11893.8 24.7216
11894.7 22.2735
11896.6 19.1815
11898.4 17.3259
11900.2 16.1056
11902.1 15.2396
11903.9 14.5938
11907.6 13.6934
11911.2 13.0981
11914.9 12.6727
11918.5 12.3542
11925.9 11.9052
11933.2 11.6016
11940.5 11.3803
11947.9 11.2098
11962.5 10.9596
11977.2 10.7786
12006.5 10.5169
12035.8 10.3160
12065.1 10.1383
12123.8 9.78205
12182.4 9.33463
12211.7 9.02715
12241.0 8.60752
12255.7 8.32752
12270.3 7.97275
12285.0 7.50421
12299.6 6.85138
12307.0 6.41581
12314.3 5.87080
12321.6 5.17035
12329.0 4.24343
12336.3 2.98946
12340.0 2.21356
12343.6 1.37577
12347.3 0.672408
12348.2 0.590214
12349.1 0.591089
12350.0 0.718638
12351.0 1.03570
12351.9 1.65289
12352.8 2.71929
12353.7 4.52713
12354.6 7.48009
12355.5 12.4142
12356.4 20.5494
12357.4 34.4083
12358.3 57.4370
12359.0 84.3638
12359.7 120.127
12361.1 191.378
12361.8 201.584
12362.5 190.566
12363.9 144.796
12365.2 107.022
12366.6 82.3342
12368.0 66.2448
12369.3 55.3689
12370.7 47.6972
12372.0 42.0722
12374.8 34.4872
12377.5 29.6801
12380.2 26.3956
12385.6 22.2363
12391.1 19.7285
12396.5 18.0641
12402.0 16.8788
12407.4 15.9919
12417.0 14.8767
12426.5 14.0993
12445.6 13.0761
12464.7 12.4186
12483.7 11.9456
12521.9 11.2620
12560.0 10.7113
12598.2 10.1309
12617.3 9.76942
12636.3 9.29806
12645.9 8.99082
12655.4 8.60605
12665.0 8.10232
12674.5 7.40455
12679.3 6.94113
12684.0 6.36284
12688.8 5.62192
12693.6 4.64551
12698.4 3.33336
12700.7 2.52764
12703.1 1.66822
12705.5 0.964365
12706.7 0.900613
12707.3 1.04369
12707.9 1.37857
12708.5 2.01886
12709.1 3.09975
12709.7 4.91400
12710.3 7.81063
12710.9 12.5868
12711.5 20.2372
12712.1 32.9935
12712.7 53.4230
12713.2 79.4986
12713.6 113.589
12714.6 181.494
12715.1 191.499
12715.6 181.333
12716.6 138.977
12717.4 107.735
12718.2 85.9364
12719.1 70.8407
12719.9 60.1644
12721.5 46.4676
12723.2 38.4033
12724.8 33.1431
12726.5 29.5193
12729.8 24.8564
12733.0 22.0212
12736.3 20.1263
12739.6 18.7744
12742.9 17.7627
12749.5 16.3505
12756.1 15.4115
12762.7 14.7411
12769.2 14.2373
12782.4 13.5279
12795.6 13.0486
12808.7 12.7001
12821.9 12.4332
12848.2 12.0453
12874.5 11.7713
12927.1 11.3945
12979.8 11.1320
13032.4 10.9260
13137.7 10.5911
13242.9 10.2862
13348.2 9.94583
13400.9 9.72857
13427.2 9.59332
13453.5 9.42510
13479.8 9.19488
13493.0 9.03568
13506.1 8.82026
13512.7 8.67757
13519.3 8.49721
13525.9 8.25849
13532.4 7.92196
13535.7 7.69373
13539.0 7.40231
13542.3 7.01570
13545.6 6.47659
13547.3 6.11735
13548.9 5.67344
13550.5 5.10582
13552.2 4.37415
13553.8 3.41785
13554.7 2.86604
13555.5 2.32719
13556.3 2.02817
13556.7 2.18272
13557.1 2.84969
13557.5 4.61534
13557.7 6.33581
13557.9 8.86302
13558.1 12.9798
13558.3 19.1010
13558.6 29.2178
13558.8 44.2906
13558.9 65.5210
13559.1 92.4357
13559.5 146.483
13559.7 154.751
13559.9 146.333
13560.2 111.916
13560.4 92.8665
13560.7 77.9208
13561.1 58.1685
13561.5 46.2294
13561.9 38.5594
13562.4 33.3326
13562.8 29.5908
13563.7 24.6575
13564.5 21.5626
13565.4 19.4998
13567.1 16.9085
13568.8 15.3498
13570.6 14.3226
13572.3 13.5882
13574.0 13.0426
13577.5 12.2780
13580.9 11.7676
13584.4 11.4008
13587.8 11.1236
13594.7 10.7256
13601.6 10.4491
13615.4 10.0747
13629.2 9.81452
13643.0 9.60756
13670.6 9.25779
13698.2 8.92228
13725.7 8.54729
13739.5 8.32412
13753.3 8.05122
13760.2 7.87629
13763.7 7.76921
13767.1 7.63870
13770.6 7.46380
13772.3 7.34513
13774.0 7.18903
13775.7 6.96190
13777.5 6.58802
13778.3 6.28573
13779.2 5.84022
13779.6 5.56106
13780.0 5.36263
13780.3 5.49361
13780.5 6.23192
13780.6 7.26641
13780.7 9.37212
13780.8 13.7882
13780.9 22.8750
13781.0 30.3349
13781.0 41.4952
13781.1 61.5207
13781.2 64.0363
13781.2 60.6838
13781.4 46.6688
13781.4 39.2683
13781.5 33.2783
13781.6 25.8377
13781.8 21.3489
13781.9 18.4692
13782.2 15.0173
13782.4 13.2107
13782.9 11.3006
13783.5 10.3539
13784.0 9.77497
13784.5 9.39052
13785.6 8.91243
13786.6 8.61772
13787.7 8.41719
13789.8 8.14892
13791.9 7.96852
13794.0 7.83070
13798.2 7.61623
13806.7 7.27412
13815.1 6.95523
13832.0 6.25078
13848.8 5.34266
13857.3 4.76574
13865.7 4.07450
13874.1 3.23598
13882.6 2.22731
13891.0 1.09187
13895.2 0.579947
13897.3 0.396680
13899.4 0.315430
13901.6 0.409052
13902.6 0.558917
13903.7 0.803952
13904.7 1.17977
13905.8 1.72032
13906.8 2.48361
13907.9 3.54491
13908.9 5.02425
13910.0 7.03931
13911.0 9.83536
13912.1 13.6476
13913.2 18.9595
13914.2 26.2356
13915.3 36.2737
13916.3 50.0181
13917.7 74.6824
13919.0 107.731
13921.7 174.052
13923.0 183.800
13924.4 174.710
13927.0 134.712
13929.6 101.215
13932.1 78.7642
13934.7 63.9098
13937.2 53.7584
13939.8 46.5150
13942.3 41.1939
13947.4 33.9674
13952.5 29.3454
13957.6 26.1761
13967.8 22.1322
13978.1 19.6774
13988.3 18.0305
13998.5 16.8449
14008.7 15.9442
14029.1 14.6341
14049.5 13.6373
14059.7 13.1430
14064.8 12.8610
14069.9 12.5223
14075.1 12.0621
14077.6 11.7428
14080.2 11.3087
14081.4 11.0202
14082.7 10.6607
14084.0 10.1884
14085.3 9.54840
14085.9 9.12825
14086.5 8.61444
14087.2 7.97593
14087.8 7.18921
14088.4 6.21214
14088.8 5.69100
14089.1 5.24834
14089.4 5.16040
14089.7 6.31685
14089.9 8.15730
14090.0 11.9470
14090.2 19.6293
14090.3 26.0155
14090.4 33.8013
14090.5 48.9391
14090.6 69.6863
14090.8 112.387
14090.9 119.576
14091.0 114.699
14091.1 90.8927
14091.3 76.2887
14091.4 64.2130
14091.6 55.2505
14091.7 48.5652
14092.0 39.5534
14092.3 34.0922
14092.5 30.2730
14092.8 27.6523
14093.4 24.1317
14093.9 21.9411
14094.5 20.4552
14095.6 18.5760
14096.7 17.4389
14097.8 16.6759
14098.9 16.1272
14100.0 15.7123
14102.2 15.1208
14104.4 14.7187
14106.6 14.4228
14108.8 14.1933
14113.2 13.8536
14117.6 13.6087
14126.4 13.2623
14135.2 13.0157
14144.0 12.8222
14161.6 12.5233
14196.8 12.1002
14232.1 11.7911
14302.5 11.3305
14373.0 10.9639
14443.5 10.6138
14478.7 10.4204
14513.9 10.1914
14549.2 9.88542
14566.8 9.67423
14584.4 9.38708
14593.2 9.19566
14602.0 8.95269
14610.8 8.62992
14619.6 8.17475
14624.0 7.86568
14628.4 7.47303
14632.8 6.95383
14637.2 6.23887
14639.5 5.76769
14641.7 5.19205
14643.9 4.47500
14646.1 3.57468
14648.3 2.47474
14649.4 1.89431
14650.5 1.41826
14651.6 1.39210
14652.1 1.83440
14652.7 2.95164
14652.9 3.96134
14653.2 5.37206
14653.5 7.48006
14653.8 10.4030
14654.0 14.7725
14654.3 20.8562
14654.6 29.9731
14654.9 42.5694
14655.2 63.9334
14655.5 91.8819
14656.1 149.064
14656.4 158.536
14656.7 150.957
14657.4 116.730
14658.0 87.6381
14658.6 68.5255
14659.2 55.9131
14659.8 47.3042
14660.4 41.0980
14661.0 36.6044
14662.2 30.4979
14663.4 26.5690
14664.6 23.8938
14667.0 20.4721
14669.4 18.4018
14671.8 17.0205
14674.2 16.0354
14676.6 15.3004
14681.4 14.2684
14686.3 13.5804
14691.1 13.0874
14695.9 12.7161
14705.5 12.1880
14715.2 11.8265
14724.8 11.5586
14734.4 11.3487
14753.7 11.0303
14773.0 10.7871
14811.5 10.3951
14850.1 10.0253
14888.6 9.58343
14907.9 9.29216
14927.1 8.90609
14936.8 8.65364
14946.4 8.33642
14951.2 8.14045
14956.0 7.90368
14958.4 7.75832
14960.9 7.57561
14962.1 7.45439
14963.3 7.28908
14964.5 7.01792
14965.1 6.87138
14965.4 7.15055
14965.5 8.03466
14965.6 9.29446
14965.7 11.4819
14965.8 16.7792
14965.8 21.8723
14965.9 21.3781
14966.0 17.8643
14966.1 14.4226
14966.2 12.5398
14966.4 10.5679
14966.7 9.08401
14967.5 8.20131
14968.9 7.68361
14971.8 7.27109
14977.6 6.66812
14983.4 5.98051
14989.2 5.08331
14995.0 3.84520
14997.9 3.04692
15000.7 2.12593
15003.6 1.17800
15005.1 0.834876
15006.5 0.821407
15007.3 1.08234
15008.0 1.66484
15008.7 2.77365
15009.1 3.62499
15009.4 4.75346
15009.8 6.29046
15010.2 8.26785
15010.9 14.3064
15011.6 24.8183
15012.3 42.9927
15012.9 64.5998
15013.4 93.8341
15014.5 153.503
15015.1 163.579
15015.6 156.137
15016.7 121.036
15017.7 91.9479
15018.7 72.3389
15019.8 59.1151
15020.8 50.1041
15022.8 38.8237
15024.9 32.3019
15026.9 28.0962
15029.0 25.2115
15033.1 21.5157
15037.2 19.2676
15041.3 17.7688
15045.3 16.6980
15049.4 15.8952
15057.6 14.7704
15065.8 14.0204
15074.0 13.4825
15082.2 13.0765
15098.5 12.5000
15114.9 12.1062
15131.3 11.8158
15147.6 11.5898
15180.4 11.2522
15213.1 11.0027
15278.6 10.6293
15344.0 10.3282
15409.5 10.0447
15474.9 9.74356
15540.4 9.38432
15572.2 9.16857
15604.0 8.90209
15619.9 8.73514
15635.7 8.52111
15643.7 8.37587
15647.7 8.28303
15651.6 8.16488
15655.6 7.99897
15657.6 7.88176
15659.6 7.72262
15661.6 7.48333
15662.6 7.31015
15663.5 7.07295
15664.5 6.72286
15665.5 6.17915
15666.0 5.79427
15666.5 5.40299
15666.8 5.35000
15667.0 5.83420
15667.2 6.72999
15667.3 8.56773
15667.4 12.5754
15667.5 22.2016
15667.6 30.6481
15667.6 41.4045
15667.8 63.0085
15667.8 66.3576
15667.9 63.3138
15668.0 49.3659
15668.1 40.5321
15668.2 33.7580
15668.4 25.7161
15668.5 21.1646
15668.7 18.3568
15669.0 15.1136
15669.4 13.4343
15669.7 12.3746
15670.1 11.6847
15670.8 10.8168
15671.4 10.2882
15672.1 9.94091
15673.5 9.50049
15674.9 9.23165
15676.2 9.04741
15679.0 8.80399
15681.7 8.64248
15684.5 8.52093
15689.9 8.33540
15700.9 8.04964
15711.9 7.78926
15733.8 7.21892
15755.7 6.47507
15766.7 5.99143
15777.6 5.39603
15788.6 4.64369
15799.6 3.67001
15810.5 2.39698
15816.0 1.64552
15821.5 0.879491
15824.2 0.550624
15827.0 0.338880
15828.3 0.315483
15829.7 0.381269
15831.1 0.576231
15832.4 0.958793
15833.8 1.61550
15835.2 2.67651
15836.6 4.34070
15837.9 6.91645
15839.3 10.8876
15840.7 17.0152
15842.0 26.4744
15843.4 40.9604
15844.8 62.0860
15846.1 90.8837
15848.8 151.115
15850.1 161.457
15851.5 154.808
15854.1 120.669
15856.0 98.0035
15857.9 80.7701
15859.8 68.0907
15861.7 58.6992
15865.4 46.1383
15869.2 38.3636
15873.0 33.1847
15876.8 29.5291
15884.3 24.7677
15891.9 21.8245
15899.4 19.8414
15907.0 18.4152
15914.6 17.3437
15929.7 15.8378
15944.8 14.8285
15959.9 14.1019
15975.0 13.5508
16005.2 12.7612
16035.4 12.2106
16095.9 11.4508
16156.3 10.8833
16186.5 10.6159
16216.8 10.3305
16247.0 9.98779
16262.1 9.76920
16277.2 9.48706
16292.3 9.08078
16299.9 8.78774
16307.4 8.38144
16311.2 8.10835
16315.0 7.76198
16318.8 7.30558
16322.5 6.67576
16324.4 6.25914
16326.3 5.74379
16328.2 5.09292
16330.1 4.25553
16332.0 3.17949
16332.9 2.55770
16333.9 1.95983
16334.8 1.61355
16335.3 1.75279
16335.8 2.39145
16336.2 4.05170
16336.5 5.62033
16336.7 7.87825
16336.9 11.4133
16337.2 16.4941
16337.4 24.4502
16337.6 35.7828
16337.9 53.7240
16338.1 78.1983
16338.6 128.339
16338.9 137.376
16339.1 131.510
16339.6 102.685
16340.2 73.7268
16340.8 56.1885
16341.3 45.3383
16341.9 38.2523
16342.5 33.2920
16343.1 29.7778
16344.2 25.0920
16345.3 22.1238
16346.5 20.1211
16348.8 17.5734
16351.1 16.0353
16353.4 15.0078
16355.6 14.2726
16357.9 13.7219
16362.5 12.9423
16367.1 12.4157
16371.7 12.0325
16376.2 11.7386
16385.4 11.3074
16394.5 10.9971
16412.9 10.5474
16449.5 9.84376
16458.6 9.63459
16463.2 9.50569
16467.8 9.34450
16472.4 9.11912
16474.7 8.96018
16476.9 8.74246
16479.2 8.41467
16480.4 8.17349
16481.5 7.84354
16482.7 7.35264
16483.2 7.01248
16483.8 6.57470
16484.4 6.01121
16485.0 5.36919
16485.2 5.18320
16485.5 5.58777
16485.7 6.54351
16485.8 8.64847
16486.0 13.4008
16486.1 24.3363
16486.2 35.0274
16486.2 48.0228
16486.4 74.5033
16486.5 79.2078
16486.5 76.3469
16486.7 60.0589
16486.8 50.5530
16486.9 42.5631
16487.1 32.6534
16487.2 26.8542
16487.4 23.2017
16487.6 20.7416
16487.8 18.9927
16488.2 16.6981
16488.6 15.2751
16489.0 14.3130
16489.7 13.1015
16490.5 12.3722
16491.2 11.8850
16492.8 11.2728
16494.3 10.8984
16495.8 10.6455
16498.8 10.3155
16501.9 10.1011
16504.9 9.94461
16511.0 9.71550
16517.1 9.54056
16523.2 9.39051
16535.4 9.11980
16559.7 8.57533
16584.1 7.90668
16596.3 7.48007
16608.5 6.95391
16620.6 6.27990
16632.8 5.37802
16645.0 4.11153
16651.1 3.27794
16657.2 2.28006
16663.3 1.16664
16666.3 0.664464
16667.8 0.482182
16669.4 0.392904
16670.9 0.462158
16672.4 0.796618
16673.2 1.11582
16673.9 1.57811
16674.7 2.22777
16675.5 3.12401
16676.2 4.36523
16677.0 6.02857
16677.7 8.27520
16678.5 11.3058
16680.0 20.8997
16681.5 38.1614
16682.7 58.2058
16683.8 85.2746
16686.0 142.064
16687.1 152.459
16688.2 146.518
16690.4 114.758
16692.0 93.0899
16693.6 76.8033
16695.2 64.8039
16696.8 56.0028
16700.0 44.2245
16703.2 36.9482
16706.4 32.1027
16709.6 28.6810
16716.0 24.2136
16722.5 21.4498
16728.9 19.5805
16735.3 18.2342
16741.7 17.2185
16754.6 15.7856
16767.4 14.8188
16780.2 14.1173
16793.1 13.5806
16818.8 12.7999
16844.4 12.2408
16895.8 11.4260
16947.2 10.7423
16972.8 10.3780
16998.5 9.94866
17024.2 9.37695
17037.0 8.98692
17049.9 8.46699
17062.7 7.71049
17069.1 7.17299
17075.6 6.44890
17082.0 5.40931
17085.2 4.69754
17088.4 3.79317
17091.6 2.64201
17093.2 1.97963
17094.8 1.33464
17096.4 0.936987
17097.2 1.04792
17098.0 1.65997
17098.4 2.32158
17098.8 3.33504
17099.2 4.88312
17099.6 7.22482
17100.0 10.7578
17100.4 16.0922
17100.8 24.1453
17101.2 36.2019
17101.7 54.2541
17102.1 78.7768
17102.9 130.569
17103.3 140.201
17103.7 134.812
17104.5 105.152
17105.3 79.5153
17106.1 62.3261
17106.9 50.8789
17107.7 43.0164
17109.2 33.2365
17110.8 27.5457
17112.3 23.8547
17113.9 21.3047
17117.0 17.9748
17120.2 15.8503
17123.3 14.3307
17129.5 12.0931
17135.8 10.1433
17138.9 9.06621
17142.0 7.78955
17145.1 6.14048
17146.7 5.10911
17148.3 3.90608
17149.8 2.58663
17150.6 1.98750
17151.4 1.62352
17152.2 1.92349
17152.6 2.62336
17152.9 4.02044
17153.3 6.58441
17153.5 8.59534
17153.7 11.1236
17153.9 14.6346
17154.1 19.0147
17154.5 32.4472
17154.8 50.8331
17155.2 75.4960
17155.8 127.227
17156.2 136.968
17156.5 132.208
17157.2 105.725
17157.7 85.1772
17158.3 70.3291
17158.8 59.6951
17159.3 51.9679
17160.4 41.7255
17161.5 35.5194
17162.6 31.3583
17163.7 28.4438
17165.8 24.5991
17168.0 22.1975
17170.2 20.5552
17174.5 18.4471
17178.9 17.1415
17183.2 16.2450
17191.9 15.0782
17200.6 14.3360
17209.2 13.8137
17226.6 13.1089
17243.9 12.6406
17261.3 12.2968
17296.0 11.8039
17330.7 11.4441
17365.4 11.1492
17434.8 10.6318
17504.2 10.0831
17538.9 9.74210
17573.6 9.30070
17591.0 9.01504
17608.3 8.65929
17625.7 8.19549
17643.0 7.55423
17651.7 7.12754
17660.4 6.59381
17669.1 5.90420
17677.7 4.98339
17686.4 3.70580
17690.7 2.88423
17695.1 1.93559
17699.4 0.952264
17701.6 0.578724
17702.7 0.484955
17703.8 0.506357
17704.8 0.711612
17705.9 1.20442
17707.0 2.17069
17707.6 2.90811
17708.1 3.88225
17709.2 6.86655
17710.3 11.9069
17711.3 20.4344
17712.4 34.6859
17713.3 53.2164
17714.2 78.6300
17716.1 132.280
17717.0 142.528
17717.9 137.478
17719.7 108.426
17721.6 81.5199
17723.4 63.7424
17725.3 52.0860
17727.1 44.2393
17729.0 38.6603
17730.9 34.5786
17734.6 29.0282
17738.3 25.4837
17742.1 23.0441
17749.5 19.9283
17757.0 18.0271
17764.4 16.7497
17771.9 15.8318
17779.3 15.1400
17794.3 14.1595
17809.2 13.4934
17824.1 13.0051
17839.0 12.6267
17868.8 12.0639
17898.6 11.6458
17958.3 10.9931
18018.0 10.3774
18047.8 10.0157
18077.6 9.55894
18092.5 9.26694
18107.4 8.90548
18122.3 8.43626
18137.3 7.78933
18144.7 7.35934
18152.2 6.82096
18159.6 6.12599
18167.1 5.19754
18174.5 3.90668
18178.3 3.07395
18182.0 2.10793
18185.7 1.09203
18187.6 0.689164
18189.5 0.571562
18190.4 0.742928
18191.3 1.19062
18192.3 2.08280
18192.7 2.78451
18193.2 3.69620
18194.1 6.49677
18195.0 11.2778
18196.0 19.3772
18196.9 32.9099
18197.7 50.9384
18198.5 75.4558
18200.1 127.740
18200.9 137.913
18201.7 133.235
18203.2 105.496
18204.7 82.0890
18206.1 65.7779
18207.6 54.5610
18209.0 46.7666
18211.9 36.8585
18214.8 31.0261
18217.7 27.2272
18220.6 24.5875
18226.3 21.1903
18232.1 19.1038
18237.9 17.7004
18243.7 16.6891
18249.4 15.9275
18261.0 14.8508
18272.5 14.1224
18284.1 13.5924
18295.6 13.1858
18318.7 12.5912
18341.8 12.1635
18388.0 11.5372
18434.2 11.0122
18457.3 10.7332
18480.4 10.4030
18503.5 9.95600
18515.1 9.64343
18526.6 9.21557
18532.4 8.92952
18538.1 8.56793
18543.9 8.09027
18549.7 7.42743
18552.6 6.98637
18555.5 6.43655
18558.4 5.73375
18561.2 4.81476
18564.1 3.58232
18565.6 2.83163
18567.0 2.02192
18568.5 1.31486
18569.2 1.17335
18569.9 1.41853
18570.6 2.51171
18571.0 3.66402
18571.3 5.50398
18571.7 8.39507
18572.1 12.9034
18572.4 19.8927
18572.8 30.5955
18573.2 46.9880
18573.5 69.6301
18574.3 118.279
18574.6 127.825
18575.0 123.721
18575.7 98.2206
18576.4 77.6878
18577.0 62.9576
18577.7 52.7039
18578.3 45.4259
18579.6 36.0842
18580.9 30.5027
18582.1 26.8563
18583.4 24.3108
18586.0 21.0182
18588.5 18.9949
18591.1 17.6308
18593.7 16.6502
18596.2 15.9139
18601.3 14.8726
18606.5 14.1722
18611.6 13.6664
18616.7 13.2826
18626.9 12.7306
18637.2 12.3470
18657.6 11.8273
18678.1 11.4671
18698.6 11.1795
18739.5 10.6773
18780.4 10.1289
18800.9 9.77615
18821.4 9.30837
18831.6 9.00059
18841.8 8.61395
18852.1 8.10664
18862.3 7.40363
18867.4 6.93671
18872.5 6.35479
18877.6 5.61070
18882.8 4.63478
18887.9 3.32353
18890.4 2.51768
18893.0 1.64449
18895.5 0.863651
18896.8 0.681051
18898.1 0.891695
18898.7 1.27666
18899.4 1.97425
18900.0 3.14235
18900.7 5.02517
18901.3 8.00388
18901.9 12.6731
18902.6 19.9412
18903.2 30.8904
18903.9 47.9775
18904.5 71.2017
18905.8 121.434
18906.5 131.449
18907.1 127.440
18908.5 101.514
18909.6 80.3289
18910.7 65.0926
18911.9 54.4749
18913.0 46.9332
18915.3 37.2460
18917.6 31.4532
18919.9 27.6662
18922.1 25.0209
18926.7 21.6024
18931.2 19.4944
18935.8 18.0723
18940.4 17.0493
18944.9 16.2791
18954.0 15.1893
18963.1 14.4498
18972.3 13.8902
18976.8 13.6139
18979.1 13.4049
18980.2 13.1872
18980.8 12.9766
18981.1 12.9043
18981.2 13.0800
18981.4 14.3033
18981.5 16.4169
18981.5 19.1223
18981.7 18.3818
18981.8 16.5183
18982.0 15.5873
18982.2 14.7352
18982.8 14.1426
18983.8 13.7893
18985.9 13.5554
18990.2 13.3373
18994.4 13.1854
18998.6 13.0579
19015.5 12.6634
19032.4 12.3740
19049.3 12.1463
19083.1 11.8004
19116.9 11.5384
19184.5 11.1294
19252.1 10.7671
19319.8 10.3594
19353.6 10.0978
19387.4 9.75204
19404.3 9.52459
19421.2 9.23782
19438.1 8.85868
19455.0 8.32554
19463.4 7.96552
19471.9 7.50848
19480.3 6.90797
19488.8 6.08422
19493.0 5.54665
19497.2 4.89276
19501.5 4.08297
19505.7 3.08018
19509.9 1.87167
19512.0 1.24394
19514.1 0.727404
19515.2 0.596203
19516.2 0.649448
19517.3 1.03188
19518.4 1.99008
19518.9 2.82746
19519.4 4.01611
19519.9 5.68311
19520.5 7.95300
19521.0 11.1508
19521.5 15.5676
19522.1 21.6364
19522.6 29.7140
19523.3 46.1553
19524.1 68.9119
19525.6 118.132
19526.3 128.150
19527.1 124.487
19528.6 99.3966
19530.0 77.2162
19531.4 61.8497
19532.8 51.3546
19534.2 44.1015
19537.1 34.9248
19539.9 29.5440
19542.7 26.0457
19545.5 23.6176
19551.2 20.4960
19556.9 18.5813
19562.5 17.2954
19568.2 16.3707
19573.8 15.6762
19585.1 14.6993
19596.4 14.0443
19607.7 13.5732
19619.0 13.2172
19641.7 12.7105
19664.3 12.3638
19686.9 12.1078
19709.5 11.9085
19754.7 11.6097
19800.0 11.3832
19822.6 11.2808
19845.2 11.1724
19856.5 11.1061
19867.8 11.0126
19873.5 10.9380
19879.1 10.8090
19882.0 10.6918
19884.8 10.4769
19886.2 10.2778
19887.6 9.92307
19888.3 9.61335
19889.0 9.12281
19889.4 8.75384
19889.7 8.33029
19889.9 8.17215
19890.1 8.28877
19890.3 9.57274
19890.4 11.6196
19890.4 16.0070
19890.5 26.1971
19890.6 34.5654
19890.7 40.5257
19890.8 42.2282
19890.9 35.5540
19891.0 28.9767
19891.1 24.5286
19891.3 19.7991
19891.5 17.3028
19891.7 15.9235
19892.2 14.3816
19892.6 13.5886
19893.4 12.7578
19894.3 12.3439
19896.0 11.9252
19897.7 11.7155
19901.1 11.5011
19904.5 11.3897
19911.3 11.2697
19918.2 11.2010
19931.8 11.1155
19945.4 11.0565
19972.7 10.9667
20000.0 10.8928
20110.3 10.6465
20220.6 10.4234
20330.8 10.1866
20386.0 10.0505
20413.5 9.97421
20427.3 9.93315
20434.2 9.91142
20437.7 9.89963
20439.4 9.89259
20440.2 9.88775
20441.1 9.90577
20441.3 9.97087
20441.4 9.95550
20442.4 9.89437
20443.4 9.88711
20445.5 9.87853
20449.5 9.86417
20457.6 9.83623
20473.8 9.77775
20506.1 9.64410
20538.5 9.47710
20570.9 9.25358
20587.1 9.10647
20603.2 8.92141
20619.4 8.67731
20635.6 8.33390
20643.7 8.10098
20651.8 7.80308
20659.9 7.40641
20668.0 6.84913
20672.0 6.47502
20676.1 6.00613
20680.1 5.39890
20684.1 4.59108
20688.2 3.47801
20690.2 2.77325
20692.2 1.97198
20694.3 1.17093
20695.3 0.895529
20696.3 0.897166
20696.8 1.11190
20697.3 1.56726
20697.8 2.42214
20698.3 3.86331
20698.8 6.31755
20699.3 10.2792
20699.8 16.8903
20700.3 27.3507
20700.8 42.3837
20701.3 62.8057
20702.2 107.499
20702.6 117.071
20703.1 113.819
20704.0 90.8001
20704.8 71.9773
20705.6 58.4914
20706.4 48.9139
20707.2 42.1726
20708.7 33.4241
20710.3 28.2106
20711.9 24.7752
20713.4 22.3900
20716.6 19.2914
20719.7 17.3874
20722.8 16.1042
20725.9 15.1825
20729.1 14.4885
20735.3 13.5124
20741.6 12.8571
20747.9 12.3845
20754.1 12.0257
20766.6 11.5108
20779.2 11.1523
20804.2 10.6605
20829.3 10.3027
20854.3 9.98288
20866.8 9.81395
20879.3 9.62203
20891.9 9.39261
20898.1 9.33183
20899.7 9.39828
20901.3 9.66422
20902.0 10.0575
20902.8 11.0683
20903.2 12.2581
20903.6 14.8191
20903.8 17.4083
20904.0 21.6873
20904.2 30.2347
20904.4 46.8242
20904.6 70.5263
20904.7 85.8476
20904.9 71.5041
20905.0 48.0455
20905.2 32.5679
20905.4 24.2296
20905.6 19.4727
20905.7 16.5810
20906.1 13.3845
20906.4 11.8543
20907.1 10.4217
20907.8 9.79665
20909.2 9.22263
20910.5 8.93616
20913.3 8.55005
20916.0 8.16617
20918.8 7.64006
20920.1 7.26804
20921.5 6.76400
20922.9 6.03257
20923.6 5.53454
20924.3 4.92236
20925.0 4.16645
20925.6 3.43064
20926.0 3.34170
20926.3 4.11747
20926.5 5.34111
20926.7 7.80497
20926.8 12.6529
20927.0 22.4108
20927.1 33.1055
20927.2 47.2216
20927.5 79.5312
20927.6 86.2903
20927.7 83.7430
20927.9 67.2896
20928.1 54.4029
20928.3 45.1289
20928.5 38.4768
20928.6 33.6468
20929.0 27.1768
20929.4 23.3648
20929.7 20.7834
20930.1 19.0227
20930.8 16.7001
20931.6 15.2695
20932.3 14.3041
20933.0 13.6098
20933.8 13.0865
20935.2 12.3494
20936.7 11.8534
20938.1 11.4949
20939.6 11.2221
20942.5 10.8299
20945.4 10.5559
20951.3 10.1821
20957.1 9.91854
20962.9 9.70413
20974.6 9.32044
20986.3 8.89342
20992.1 8.61956
20998.0 8.26065
21000.9 8.02688
21003.8 7.73539
21006.7 7.35625
21009.6 6.83760
21011.1 6.49476
21012.6 6.06948
21014.0 5.52826
21015.5 4.82045
21016.9 3.87679
21018.4 2.67883
21019.1 2.13800
21019.9 2.21053
21020.2 3.06469
21020.6 5.34853
21020.8 7.54668
21020.9 10.9681
21021.1 16.2677
21021.3 24.3877
21021.5 37.2700
21021.7 54.2359
21022.0 92.5772
21022.2 100.709
21022.4 97.8446
21022.8 77.9055
21023.0 64.8066
21023.3 54.5849
21023.8 41.3081
21024.3 33.4574
21024.8 28.4728
21025.3 25.0358
21025.7 22.6347
21026.7 19.4593
21027.7 17.4554
21028.7 16.1063
21030.7 14.3902
21032.6 13.3395
21034.6 12.6333
21036.6 12.1186
21038.5 11.7276
21042.4 11.1606
21046.4 10.7607
21054.2 10.2044
21062.1 9.79915
21070.0 9.45503
21085.7 8.79099
21093.5 8.41610
21101.4 7.97393
21109.3 7.41904
21117.1 6.67584
21121.1 6.19356
21125.0 5.60220
21128.9 4.86039
21132.8 3.91021
21136.8 2.68793
21140.7 1.26044
21142.7 0.748841
21143.7 0.758582
21144.6 1.19269
21145.1 1.70075
21145.6 2.49530
21146.1 3.71081
21146.6 5.53229
21147.1 8.23066
21147.6 12.1999
21148.1 17.9984
21148.6 26.3691
21149.2 41.3462
21149.8 61.8759
21150.9 106.932
21151.5 116.692
21152.1 113.779
21153.3 91.4399
21154.1 76.4296
21154.9 64.7129
21155.7 55.6950
21156.5 48.9257
21158.1 39.5457
21159.7 33.5723
21161.3 29.5130
21162.8 26.6053
21166.0 22.7563
21169.2 20.3449
21172.4 18.7014
21178.7 16.6156
21185.1 15.3452
21191.5 14.4906
21197.8 13.8750
21204.2 13.4099
21216.9 12.7481
21229.6 12.2970
21242.3 11.9660
21255.0 11.7105
21280.5 11.3352
21305.9 11.0659
21356.7 10.6859
21407.6 10.4093
21458.5 10.1801
21560.2 9.76773
21661.9 9.31844
21712.7 9.03769
21763.6 8.67626
21814.5 8.15694
21839.9 7.78482
21865.3 7.27309
21878.0 6.93293
21890.7 6.50646
21903.5 5.95231
21916.2 5.20187
21928.9 4.12894
21935.2 3.40731
21941.6 2.51916
21948.0 1.45829
21951.1 0.910698
21954.3 0.467272
21955.9 0.359327
21957.5 0.414022
21959.1 0.757257
21959.9 1.10426
21960.7 1.61443
21961.5 2.35959
21962.3 3.40077
21963.1 4.87621
21963.8 6.90148
21964.6 9.74221
21965.4 13.6157
21966.2 18.9315
21967.0 26.1655
21968.1 40.7187
21969.2 60.8194
21971.5 105.580
21972.6 115.553
21973.7 112.783
21975.9 90.0354
21978.1 69.0660
21980.2 54.6179
21982.4 44.9560
21984.5 38.3286
21986.7 33.5581
21988.9 30.0296
21993.2 25.1756
21997.5 22.0215
22001.8 19.8183
22010.4 16.8952
22019.0 14.9242
22027.7 13.2364
22032.0 12.2704
22034.1 11.6708
22036.3 10.9175
22038.4 9.86842
22039.5 9.14992
22040.6 8.22558
22041.7 6.96575
22042.2 6.16751
22042.8 5.24702
22043.3 4.27384
22043.8 3.64788
22044.1 3.93279
22044.4 5.41034
22044.6 9.75831
22044.8 13.9050
22044.9 20.6041
22045.1 31.6131
22045.2 47.8786
22045.5 82.9783
22045.6 91.0351
22045.8 89.7119
22046.1 74.3420
22046.3 63.8455
22046.5 55.1844
22046.7 48.5294
22046.9 43.4245
22047.3 36.3235
22047.7 31.7413
22048.1 28.5921
22048.5 26.3138
22049.3 23.2592
22050.1 21.3146
22050.9 19.9694
22052.5 18.2248
22054.1 17.1333
22055.7 16.3774
22058.9 15.3815
22062.1 14.7320
22065.3 14.2626
22071.7 13.6048
22078.1 13.1439
22084.4 12.7909
22097.2 12.2646
22110.0 11.8752
22122.8 11.5663
22148.4 11.0907
22199.5 10.4199
22250.7 9.89889
22301.8 9.40362
22353.0 8.84025
22378.6 8.49109
22404.1 8.05372
22416.9 7.78202
22429.7 7.45805
22442.5 7.08244
22445.7 7.00421
22448.9 7.00122
22450.5 7.10921
22452.1 7.51571
22452.9 8.08617
22453.7 9.51288
22454.1 11.1287
22454.5 14.4413
22454.7 17.5135
22454.9 22.5544
22455.1 31.3002
22455.3 46.0499
22455.5 70.8777
22455.7 87.0707
22455.9 72.0325
22456.1 47.4969
22456.3 32.6246
22456.5 24.0192
22456.7 18.8678
22456.9 15.6261
22457.2 11.9954
22457.6 10.1360
22458.4 8.37987
22459.1 7.59040
22460.7 6.87651
22462.2 6.53643
22465.2 6.14044
22468.3 5.84443
22474.4 5.25896
22480.5 4.54673
22486.5 3.58512
22489.6 2.95993
22492.6 2.21338
22495.7 1.35864
22497.2 0.948668
22498.7 0.665736
22500.3 0.792198
22501.0 1.22073
22501.8 2.14258
22502.5 3.94303
22502.9 5.37886
22503.3 7.34765
22503.7 10.0455
22504.1 13.7412
22504.4 18.7939
22504.8 25.6578
22505.3 39.2014
22505.9 57.6617
22506.9 99.0945
22507.4 108.519
22508.0 105.674
22509.0 83.4209
22509.8 66.9924
22510.6 54.7895
22511.4 45.8440
22512.1 39.3980
22513.7 30.8443
22515.3 25.6188
22516.8 22.1579
22518.4 19.7171
22521.6 16.5178
22524.7 14.5106
22527.8 13.1208
22534.1 11.2761
22540.4 10.0346
22546.7 9.07027
22559.2 7.44083
22571.8 5.75246
22578.1 4.75201
22584.3 3.57351
22590.6 2.17812
22593.7 1.43169
22596.9 0.754128
22598.5 0.512510
22600.0 0.417996
22601.6 0.591601
22602.4 0.843086
22603.2 1.25006
22604.0 1.87931
22604.7 2.79072
22605.5 4.11346
22606.3 5.95701
22607.1 8.56760
22607.9 12.1434
22608.7 17.0554
22609.4 23.7278
22610.6 38.0328
22611.8 58.0078
22614.1 102.455
22615.3 112.414
22616.4 110.198
22618.7 89.4364
22621.4 66.9290
22624.1 52.3320
22626.8 43.0362
22629.5 36.8372
22632.1 32.4896
22634.8 29.3042
22640.2 24.9897
22645.5 22.2252
22650.9 20.3105
22661.6 17.8343
22672.3 16.2981
22683.1 15.2458
22704.5 13.8805
22725.9 13.0122
22747.4 12.3926
22790.2 11.5139
22833.1 10.8334
22876.0 10.1504
22897.4 9.73205
22918.9 9.17463
22929.6 8.79406
22940.3 8.28464
22945.7 7.94888
22951.0 7.51754
22953.7 7.23965
22956.4 6.87743
22957.7 6.63196
22959.1 6.28817
22959.7 6.04157
22960.4 5.70033
22961.1 5.29590
22961.4 5.58921
22961.6 6.92680
22961.7 11.8910
22961.8 19.8147
22961.9 29.3701
22962.0 29.9297
22962.1 24.2822
22962.3 18.5784
22962.4 15.3603
22962.6 11.9891
22963.0 9.40335
22963.5 8.39193
22963.9 7.85505
22964.8 7.24425
22965.7 6.87165
22967.5 6.34880
22969.3 5.91403
22972.8 5.04255
22976.4 4.01992
22980.0 2.74758
22983.5 1.29981
22985.3 0.787689
22986.2 0.789397
22987.1 1.19426
22988.0 2.38465
22988.4 3.50463
22988.9 5.12590
22989.3 7.54786
22989.7 10.9726
22990.2 15.9955
22990.6 22.9463
22991.2 36.4958
22991.8 55.2521
22993.0 97.5644
22993.6 107.159
22994.1 105.168
22995.3 85.4234
22996.3 68.3211
22997.4 55.9656
22998.4 47.2716
22999.4 41.0519
23001.4 33.0012
23003.5 28.1470
23005.5 24.9404
23007.6 22.7017
23011.7 19.7855
23015.7 17.9756
23019.8 16.7508
23023.9 15.8652
23028.0 15.1944
23036.2 14.2425
23044.3 13.5970
23052.5 13.1274
23060.7 12.7685
23077.0 12.2488
23093.3 11.8846
23126.0 11.3905
23158.7 11.0542
23191.3 10.7977
23256.7 10.4054
23387.4 9.81260
23518.0 9.27597
23648.7 8.67479
23714.1 8.30766
23779.4 7.85439
23844.7 7.24497
23877.4 6.83539
23910.1 6.30141
23942.7 5.54901
23959.1 5.03029
23975.4 4.35098
23991.8 3.41159
23999.9 2.79396
24008.1 2.04409
24016.3 1.15930
24020.3 0.705685
24024.4 0.341868
24026.5 0.257369
24028.5 0.312706
24030.6 0.616936
24031.6 0.919474
24032.6 1.37018
24033.6 2.02241
24034.6 2.95065
24035.7 4.25987
24036.7 6.09882
24037.7 8.67871
24038.7 12.2975
24039.7 17.3663
24040.8 24.4224
24042.1 37.2670
24043.4 55.1730
24045.9 96.0785
24047.2 105.882
24048.5 103.654
24051.1 81.8804
24053.8 60.8376
24056.4 46.8346
24059.0 37.7010
24061.7 31.5680
24064.3 27.2245
24066.9 24.0413
24072.2 19.7003
24077.5 16.8731
24082.7 14.8641
24093.3 12.0741
24103.8 9.95674
24109.1 8.92464
24114.3 7.78611
24119.6 6.38193
24122.2 5.50125
24124.9 4.43212
24127.5 3.11106
24130.1 1.61725
24131.5 1.06054
24132.1 1.02181
24132.8 1.34975
24133.4 2.40531
24133.8 3.40416
24134.1 4.89396
24134.4 7.07922
24134.8 10.2489
24135.1 14.8004
24135.4 21.0202
24135.8 33.4516
24136.3 51.0926
24137.2 90.5478
24137.6 99.7996
24138.0 98.1304
24138.9 79.9612
24139.8 61.0836
24140.8 48.4013
24141.7 40.1049
24142.7 34.4700
24143.6 30.4670
24144.5 27.5062
24146.4 23.4553
24148.3 20.8313
24150.2 18.9972
24153.9 16.5963
24157.7 15.0809
24161.5 14.0238
24169.0 12.6144
24176.5 11.6852
24184.0 11.0017
24199.1 10.0116
24214.1 9.27660
24229.1 8.66662
24259.2 7.60557
24289.3 6.57553
24319.4 5.43246
24349.4 4.03070
24364.5 3.17938
24379.5 2.20592
24395.5 1.07140
24403.6 0.543447
24407.6 0.329831
24411.6 0.185394
24415.6 0.155375
24419.6 0.313776
24421.6 0.499853
24423.6 0.782988
24425.6 1.19198
24427.6 1.76347
24429.6 2.55001
24431.6 3.60721
24435.6 6.90298
24439.6 12.6995
24443.6 22.6439
24446.9 35.7045
24450.3 53.9928
24456.9 95.8191
24460.2 105.839
24463.6 104.086
24470.2 83.5185
24475.2 67.6775
24480.3 55.4972
24485.3 46.4852
24490.3 39.7480
24500.3 30.4671
24510.4 24.2017
24520.4 19.1948
24525.4 16.7663
24530.5 14.1452
24535.5 11.0502
24538.0 9.19350
24540.5 7.04214
24543.0 4.57084
24545.5 2.05908
24546.8 1.23776
24547.4 1.18217
24548.0 1.56613
24548.7 2.67752
24549.3 4.95101
24549.6 6.75298
24549.9 9.05187
24550.5 15.7860
24551.3 29.0312
24552.0 48.4942
24552.8 72.1549
24553.5 92.0249
24554.3 101.789
24555.0 101.270
24556.5 86.9215
24557.6 75.0657
24558.8 65.5383
24559.9 58.2191
24561.1 52.6293
24563.4 44.6990
24565.7 39.5015
24568.0 35.8298
24570.3 33.1202
24574.8 29.3539
24579.4 26.8303
24584.0 25.0052
24593.2 22.4843
24602.4 20.7810
24611.5 19.5257
24629.9 17.7467
24648.2 16.5067
24666.6 15.5693
24703.3 14.2004
24739.9 13.2051
24776.6 12.4097
24850.0 11.0952
24923.4 9.83172
24960.1 9.10457
24996.8 8.21569
25033.4 7.01200
25051.8 6.19959
25070.1 5.15417
25088.5 3.75438
25097.7 2.87599
25106.8 1.87239
25116.0 0.829921
25120.6 0.403104
25122.9 0.264480
25125.2 0.215026
25127.5 0.304367
25129.8 0.606403
25132.0 1.23579
25133.2 1.72803
25134.3 2.37082
25136.6 4.30154
25138.9 7.45060
25141.2 12.4972
25143.5 20.4120
25145.9 33.2649
25148.4 51.4730
25153.2 92.8322
25155.6 102.513
25158.1 101.080
25162.9 82.7629
25167.0 67.1711
25171.1 55.5254
25175.2 47.1802
25179.3 41.1257
25187.4 33.1704
25195.6 28.3024
25203.8 25.0546
25212.0 22.7510
25228.3 19.6997
25244.7 17.7617
25261.0 16.4054
25293.7 14.5724
25326.4 13.2841
25342.8 12.7142
25359.1 12.1319
25375.5 11.4595
25383.7 11.0398
25391.8 10.5056
25400.0 9.74694
25404.1 9.20951
25408.2 8.48154
25412.3 7.41427
25414.3 6.66437
25416.4 5.69090
25418.4 4.38528
25419.4 3.58490
25420.4 2.70083
25421.5 1.85284
25422.5 1.54193
25423.0 2.09325
25423.5 3.87519
25423.8 5.66473
25424.0 8.30625
25424.3 12.4493
25424.5 18.3339
25424.8 29.5964
25425.2 45.7914
25425.8 82.8912
25426.1 91.7805
25426.4 90.8979
25427.1 75.4183
25427.5 65.4136
25427.9 57.1135
25428.6 45.3253
25429.4 37.8772
25430.2 32.9323
25431.0 29.4720
25431.8 26.9393
25433.3 23.5279
25434.9 21.3255
25436.4 19.8007
25439.5 17.8351
25442.7 16.6128
25445.8 15.7795
25448.9 15.1677
25452.0 14.6990
25458.2 14.0163
25464.5 13.5345
25476.9 12.8747
25489.4 12.4195
25501.8 12.0678
25526.8 11.5215
25576.6 10.6864
25626.4 9.95178
25676.2 9.19717
25726.1 8.33361
25775.9 7.22882
25788.4 6.87956
25800.8 6.46726
25807.1 6.21447
25813.3 5.88600
25816.4 5.65451
25819.5 5.30618
25821.1 5.02844
25822.6 4.58825
25823.4 4.24451
25824.2 3.76571
25824.6 3.49286
25825.0 3.35420
25825.4 4.31669
25825.5 6.74533
25825.7 14.5347
25825.9 27.7685
25826.0 44.8317
25826.1 48.2520
25826.2 46.6034
25826.3 37.0132
25826.4 28.0805
25826.6 22.3455
25826.9 16.1445
25827.1 13.1116
25827.4 11.3844
25828.0 9.51339
25828.5 8.56339
25829.7 7.58309
25830.8 7.08140
25833.0 6.54163
25835.3 6.23268
25839.8 5.83778
25844.3 5.54964
25853.3 5.06168
25862.3 4.59662
25880.3 3.60727
25898.3 2.47856
25916.4 1.23066
25925.4 0.638286
25929.9 0.391057
25934.4 0.210481
25938.9 0.140561
25943.4 0.251095
25945.6 0.407138
25947.9 0.653787
25950.1 1.01624
25952.4 1.52604
25954.7 2.22714
25956.9 3.16526
25961.4 6.04370
25965.9 10.9364
25970.4 19.0169
25974.8 31.3647
25979.2 49.0167
25987.9 89.7102
25992.3 99.6623
25996.7 98.7645
26005.4 81.4165
26011.7 68.2629
26018.0 57.8356
26024.3 49.9428
26030.6 43.9716
26043.2 35.7553
26055.9 30.4925
26068.5 26.8676
26081.1 24.2144
26106.3 20.5142
26131.5 17.8548
26144.1 16.6538
26156.7 15.3979
26169.3 13.9042
26175.7 12.9548
26182.0 11.7451
26188.3 10.0629
26191.4 8.92323
26194.6 7.46555
26197.7 5.54687
26199.3 4.37569
26200.9 3.08930
26202.5 1.81118
26203.2 1.31765
26204.0 1.11074
26204.8 1.49749
26205.2 2.10051
26205.6 3.10346
26206.0 4.73405
26206.4 7.14516
26206.8 10.6753
26207.2 15.7080
26207.8 27.5919
26208.4 45.1482
26209.0 66.4140
26209.6 84.7112
26210.2 94.1645
26210.8 93.8638
26212.0 80.1271
26213.4 63.9627
26214.8 52.8128
26216.2 45.3678
26217.6 40.2503
26219.0 36.5267
26220.4 33.7530
26223.1 29.8777
26225.9 27.3204
26228.7 25.5074
26234.2 23.0993
26239.8 21.5556
26245.3 20.4715
26256.4 19.0162
26267.5 18.0538
26278.5 17.3496
26300.7 16.3459
26322.9 15.6302
26345.1 15.0710
26389.4 14.2108
26478.1 12.9690
26566.7 11.9527
26655.4 10.9022
26699.7 10.2759
26744.1 9.49644
26788.4 8.42068
26810.6 7.67994
26832.7 6.70352
26854.9 5.33841
26866.0 4.43033
26877.1 3.31461
26888.2 1.96714
26893.7 1.24312
26899.2 0.582768
26902.0 0.341387
26904.8 0.230999
26907.6 0.352751
26908.9 0.551691
26910.3 0.880061
26911.7 1.38495
26913.1 2.11469
26914.5 3.15436
26915.9 4.58678
26917.3 6.56259
26918.6 9.22029
26921.4 17.5373
26923.8 29.3187
26926.2 46.3613
26931.0 85.8562
26933.4 95.4890
26935.8 94.8688
26940.5 78.8751
26944.5 64.6597
26948.6 53.8969
26952.6 46.1193
26956.6 40.4543
26964.7 32.9422
26972.7 28.3148
26980.8 25.2119
26988.8 23.0016
27004.9 20.0580
27021.1 18.1743
27037.2 16.8447
27069.4 15.0197
27101.6 13.6963
27117.7 13.0926
27133.8 12.4621
27149.9 11.7202
27158.0 11.2528
27166.0 10.6566
27174.1 9.81184
27178.1 9.21670
27182.1 8.41599
27186.2 7.25463
27188.2 6.45303
27190.2 5.42201
27192.2 4.06916
27194.2 2.39874
27195.2 1.62168
27196.2 1.46847
27196.7 2.12509
27197.2 3.92590
27197.5 5.57887
27197.7 8.01255
27198.0 11.5320
27198.2 16.5279
27198.6 27.1998
27199.0 42.6889
27199.7 77.9703
27200.0 86.8496
27200.4 86.4333
27201.1 72.5758
27201.6 62.6517
27202.0 54.6454
27203.0 43.3009
27203.9 36.2450
27204.8 31.6468
27205.7 28.4069
27206.7 26.0660
27208.5 22.8794
27210.4 20.8263
27212.2 19.4089
27215.9 17.5651
27219.6 16.4072
27223.3 15.6070
27230.7 14.5469
27238.1 13.8496
27245.5 13.3351
27260.4 12.5736
27275.2 11.9795
27290.0 11.4532
27319.6 10.4189
27349.2 9.18715
27364.0 8.38959
27378.9 7.36437
27393.7 5.95218
27401.1 5.01477
27408.5 3.85708
27415.9 2.43344
27423.3 0.883951
27425.1 0.570969
27427.0 0.372472
27428.8 0.383032
27430.7 0.771710
27431.6 1.19706
27432.5 1.83943
27433.5 2.78937
27434.4 4.12770
27435.3 6.02048
27436.2 8.60447
27437.2 12.1661
27438.1 16.9045
27439.6 28.3530
27441.2 44.9220
27444.3 83.3410
27445.8 92.9011
27447.3 92.4523
27450.4 77.1213
27453.6 60.8846
27456.8 49.4657
27460.0 41.7367
27463.1 36.3562
27466.3 32.4634
27469.5 29.5432
27475.8 25.4920
27482.2 22.8203
27488.6 20.9315
27501.3 18.4154
27514.0 16.7868
27526.7 15.6144
27533.0 15.1344
27539.4 14.7104
27545.8 14.3777
27548.9 14.4629
27549.7 14.6871
27550.5 15.3210
27550.9 16.1124
27551.3 17.8177
27551.5 19.5653
27551.7 22.6981
27551.9 28.8680
27552.1 41.6124
27552.3 58.3188
27552.4 70.5982
27552.6 59.4247
27552.7 42.9600
27552.9 31.4622
27553.1 25.1168
27553.4 19.5336
27553.7 17.1941
27554.1 16.0699
27554.7 15.0078
27555.4 14.5381
27556.7 14.1027
27558.1 13.8865
27563.4 13.4506
27574.1 12.8841
27584.7 12.3826
27595.4 11.8978
27616.7 10.8901
27622.0 10.6024
27627.4 10.2656
27630.0 10.0525
27632.7 9.75999
27634.0 9.53906
27635.4 9.19247
27636.0 8.91024
27636.7 8.47605
27637.4 7.74978
27637.7 7.54140
27637.9 8.27109
27638.0 12.1355
27638.1 19.6335
27638.2 29.0553
27638.3 31.2843
27638.4 26.9532
27638.5 22.3747
27638.7 19.1428
27638.9 15.8060
27639.4 13.1891
27639.8 12.1209
27640.3 11.5638
27641.2 10.9645
27642.1 10.6411
27644.0 10.2656
27645.8 10.0277
27649.5 9.68635
27653.2 9.40744
27668.0 8.37687
27682.9 7.22574
27697.7 5.81379
27712.5 4.01594
27719.9 2.94416
27727.3 1.79009
27734.7 0.706452
27738.4 0.336280
27740.2 0.250040
27742.1 0.268500
27744.0 0.436434
27745.8 0.812717
27747.7 1.48209
27749.5 2.56195
27751.4 4.21496
27753.2 6.66333
27755.1 10.2021
27756.9 15.2013
27759.8 26.8550
27762.7 43.9483
27765.5 64.8560
27768.4 83.3149
27771.3 92.7631
27774.1 92.5240
27779.8 78.4552
27785.2 64.4428
27790.5 54.0270
27795.9 46.6276
27801.3 41.2868
27812.0 34.2842
27822.8 29.9903
27833.5 27.1153
27844.2 25.0673
27865.7 22.3446
27887.2 20.6136
27908.6 19.4113
27951.6 17.8346
27994.5 16.8303
28037.5 16.1223
28123.4 15.1638
28209.3 14.5188
28295.1 14.0321
28338.1 13.8234
28381.0 13.6285
28424.0 13.4388
28445.5 13.3451
28456.2 13.3309
28458.9 13.3666
28461.6 13.5056
28462.9 13.7178
28464.2 14.3163
28464.9 15.0942
28465.6 17.0009
28465.9 19.2022
28466.3 23.6119
28466.4 27.8653
28466.6 34.9942
28466.8 47.7395
28466.9 70.2136
28467.1 106.333
28467.3 130.273
28467.4 108.718
28467.6 73.2190
28467.7 56.1204
28467.8 44.1457
28467.9 36.2685
28468.1 30.9494
28468.3 24.5705
28468.5 21.2058
28469.0 17.7648
28469.5 16.1795
28470.4 14.8000
28471.3 14.2261
28473.2 13.7520
28475.1 13.5594
28478.9 13.3934
28482.6 13.3165
28490.2 13.2317
28497.7 13.1745
28527.9 12.9784
28542.9 12.8559
28550.5 12.7753
28558.0 12.6685
28565.5 12.5094
28569.3 12.3912
28573.1 12.2233
28576.8 11.9576
28578.7 11.7552
28580.6 11.4644
28582.5 11.0055
28583.4 10.6630
28584.4 10.1843
28585.3 9.47139
28586.2 8.31944
28586.7 7.46434
28587.2 6.39327
28587.6 5.71352
28587.9 7.03967
28588.0 9.36319
28588.1 13.9632
28588.2 19.8135
28588.3 28.9463
28588.5 51.0585
28588.6 56.9252
28588.7 57.0801
28588.8 49.2759
28589.0 41.7303
28589.1 35.8271
28589.5 28.5500
28589.8 24.5508
28590.1 22.1094
28590.7 19.3411
28591.4 17.8364
28592.0 16.8980
28592.7 16.2590
28593.9 15.4508
28595.2 14.9541
28596.5 14.6198
28599.0 14.1985
28601.6 13.9406
28604.2 13.7664
28609.3 13.5423
28614.4 13.4009
28619.5 13.3015
28629.7 13.1651
28639.9 13.0705
28650.1 12.9969
28670.5 12.8813
28711.4 12.7020
28752.2 12.5470
28833.9 12.2443
28854.3 12.1618
28874.7 12.0690
28884.9 12.0135
28895.1 11.9410
28900.2 11.8883
28905.3 11.8043
28907.9 11.7317
28910.5 11.6020
28911.7 11.4830
28913.0 11.2696
28914.3 10.7583
28914.9 10.1536
28915.2 9.81422
28915.4 10.1151
28915.6 12.5118
28915.7 17.5594
28915.7 24.1094
28915.8 26.1139
28915.9 23.5321
28916.1 18.4063
28916.4 16.0503
28916.8 14.2524
28917.7 13.1472
28919.4 12.5467
28921.1 12.3388
28922.8 12.2314
28926.3 12.1163
28929.7 12.0513
28936.6 11.9713
28943.5 11.9160
28971.2 11.7509
29026.4 11.4321
29081.6 11.0194
29109.2 10.7398
29123.0 10.5681
29129.9 10.4679
29133.4 10.4070
29135.1 10.3624
29135.9 10.3226
29136.4 10.2901
29136.8 10.4368
29137.0 11.0559
29137.1 10.9938
29137.6 10.5266
29138.1 10.4434
29139.1 10.3852
29141.1 10.3309
29145.1 10.2528
29153.2 10.1013
29169.2 9.74810
29185.3 9.28460
29201.3 8.63804
29209.3 8.20516
29217.4 7.66150
29225.4 6.95575
29233.4 6.00758
29241.4 4.67646
29245.5 3.80542
29249.5 2.76470
29253.5 1.58474
29255.5 1.00949
29257.5 0.572818
29259.5 0.531669
29260.5 0.830553
29261.5 1.51535
29262.5 2.83020
29263.5 5.11215
29264.5 8.93049
29265.5 15.1040
29266.6 25.5958
29267.7 40.9257
29269.8 76.8116
29270.9 86.1134
29272.0 86.1135
29274.1 72.5269
29275.6 62.1060
29277.1 53.6804
29278.6 47.1185
29280.1 42.0975
29283.1 35.0588
29286.1 30.5001
29289.1 27.3598
29292.1 25.0849
29298.0 22.0373
29304.0 20.0957
29310.0 18.7586
29321.9 17.0339
29333.9 15.9670
29345.8 15.2386
29357.8 14.7054
29369.7 14.2947
29393.7 13.6937
29417.6 13.2623
29465.4 12.6390
29513.2 12.1388
29537.1 11.8891
29561.0 11.6128
29584.9 11.2712
29596.8 11.0511
29608.8 10.7674
29620.7 10.3633
29626.7 10.0757
29632.7 9.68154
29635.7 9.41880
29638.7 9.08726
29641.7 8.65202
29644.6 8.05233
29646.1 7.65277
29647.6 7.15907
29649.1 6.52442
29650.6 5.69570
29652.1 4.57010
29653.6 3.08663
29654.4 2.29265
29655.1 1.87969
29655.5 2.21146
29655.8 3.48412
29656.2 6.80052
29656.4 9.97943
29656.6 14.5517
29656.8 23.5338
29657.1 36.2295
29657.5 66.9925
29657.8 75.1396
29658.0 75.0777
29658.5 63.2302
29658.8 53.9667
29659.1 46.5604
29659.5 40.8770
29659.8 36.5286
29660.5 30.4293
29661.1 26.5778
29661.8 23.9015
29662.4 22.0005
29663.8 19.4384
29665.1 17.8136
29666.4 16.6932
29669.1 15.2453
29671.8 14.3421
29674.4 13.7160
29679.7 12.8805
29685.0 12.3130
29690.4 11.8683
29701.0 11.1032
29711.6 10.2654
29717.0 9.72395
29722.3 9.01083
29727.6 7.97501
29730.2 7.24516
29732.9 6.28052
29735.6 4.95780
29736.9 4.11138
29738.2 3.12588
29739.6 2.05907
29740.9 1.26251
29741.6 1.37244
29742.2 2.46880
29742.5 3.73990
29742.9 5.83378
29743.2 9.16026
29743.5 14.2874
29743.9 23.8968
29744.3 38.0047
29745.1 71.3805
29745.5 80.1092
29745.9 80.3264
29746.7 68.1317
29747.3 58.0028
29747.9 50.0175
29748.5 43.9288
29749.1 39.2929
29750.3 32.8525
29751.5 28.7668
29752.7 25.9489
29753.8 23.9345
29756.2 21.2318
29758.6 19.5226
29761.0 18.3519
29765.7 16.8776
29770.4 16.0487
29772.8 15.8172
29775.2 15.7377
29777.5 15.9285
29778.7 16.2321
29779.9 16.8221
29781.1 18.0211
29781.7 19.0637
29782.3 20.6693
29782.9 23.2700
29783.5 27.7589
29784.0 36.0835
29784.6 52.2155
29785.2 75.8770
29785.7 91.8963
29786.2 77.0585
29786.7 54.2445
29787.2 41.5625
29787.6 33.4934
29788.0 28.3286
29788.4 24.9759
29789.2 20.9113
29790.1 18.7435
29790.9 17.4262
29791.7 16.5799
29793.4 15.5653
29795.1 14.9846
29796.7 14.6121
29800.1 14.1491
29803.4 13.8604
29806.7 13.6540
29813.4 13.3596
29820.1 13.1454
29826.7 12.9750
29840.1 12.7084
29853.4 12.5002
29866.7 12.3271
29893.4 12.0429
29920.0 11.8054
29946.7 11.5921
29973.4 11.3898
30000.0 11.2016
30009.0 11.2245
30011.2 11.3184
30013.5 11.6304
30014.6 12.0763
30015.7 13.2486
30016.3 14.6772
30016.9 17.9046
30017.1 21.2352
30017.4 27.3900
30017.6 32.5298
30017.7 40.1345
30017.8 51.6801
30018.0 70.3462
30018.2 106.567
30018.4 133.039
30018.6 109.335
30018.8 73.7760
30018.9 58.1803
30019.0 46.7891
30019.3 33.0402
30019.5 25.7477
30019.7 21.6675
30020.0 18.9892
30020.2 17.2190
30020.7 15.1352
30021.2 13.9540
30021.6 13.2452
30022.6 12.4421
30024.5 11.7717
30026.4 11.4942
30030.2 11.2534
30034.0 11.1402
30041.6 11.0137
30049.2 10.9282
30079.5 10.6606
30109.9 10.4037
30140.3 10.1300
30201.0 9.48878
30261.7 8.63787
30322.5 7.40359
30352.9 6.53964
30383.2 5.41050
30413.6 3.89471
30428.8 2.95052
30444.0 1.88747
30459.2 0.805468
30466.7 0.367728
30470.5 0.220733
30474.3 0.155781
30478.1 0.211737
30481.9 0.445384
30485.7 0.938282
30489.5 1.80549
30493.3 3.22139
30497.1 5.41996
30500.9 8.74967
30504.7 13.6342
30510.0 23.9304
30515.2 39.1351
30525.7 75.1225
30531.0 84.5233
30536.2 84.8619
30546.7 72.1654
30555.1 60.8922
30563.5 52.0223
30571.9 45.3880
30580.3 40.4248
30597.1 33.6814
30613.9 29.4191
30630.8 26.5209
30647.6 24.4340
30681.2 21.6335
30714.8 19.8188
30748.4 18.4867
30765.2 17.8928
30782.0 17.2528
30790.4 16.8474
30794.6 16.5886
30798.8 16.2540
30803.0 15.7709
30805.1 15.4218
30807.2 14.9362
30809.3 14.1959
30810.4 13.6506
30811.4 12.8964
30812.5 11.7841
30813.0 10.9983
30813.5 10.0012
30814.1 8.66601
30814.6 6.99918
30815.1 5.58772
30815.4 6.47320
30815.5 8.33587
30815.6 12.5100
30815.8 19.2530
30815.9 29.5352
30816.0 42.6211
30816.1 54.8771
30816.2 62.0433
30816.4 63.2088
30816.6 56.2442
30816.9 46.8248
30817.2 40.2629
30817.4 35.7718
30817.7 32.6163
30818.2 28.5212
30818.8 26.1113
30819.3 24.4904
30819.9 23.3659
30821.0 21.8794
30822.0 20.9335
30823.1 20.2816
30825.3 19.4383
30827.5 18.9038
30829.7 18.5308
30834.0 18.0256
30838.3 17.6806
30842.7 17.4150
30851.4 16.9880
30860.1 16.5904
30864.4 16.3661
30868.8 16.0930
30873.1 15.7129
30875.3 15.4432
30877.4 15.0699
30879.6 14.4964
30880.7 14.0699
30881.8 13.4791
30882.9 12.5820
30884.0 11.1016
30884.5 9.92019
30885.1 8.31303
30885.6 6.55561
30885.9 6.89192
30886.0 8.62502
30886.1 12.7776
30886.2 18.3538
30886.3 27.2768
30886.5 50.1580
30886.6 15.3210
34000.0 15.1391
36000.0 15.0223
38000.0 14.9055
40000.0 14.7887
42000.0 14.6769
44000.0 14.5651
46000.0 14.4533
48000.0 14.3415
50000.0 14.2297
52000.0 14.1219
54000.0 14.0141
55000.0 13.9602
56000.0 13.9063
58000.0 13.7985
60000.0 13.6907
62000.0 13.6174
64000.0 13.5441
66000.0 13.4709
68000.0 13.3976
70000.0 13.3243
72000.0 13.2536
74000.0 13.1829
76000.0 13.1122
78000.0 13.0415
80000.0 12.9709
82000.0 12.9030
84000.0 12.8351
86000.0 12.7672
88000.0 12.6993
90000.0 12.6314
100000 12.3020
110000 12.0601
120000 11.8183
130000 11.5764
140000 11.3345
150000 11.0926
160000 10.8867
170000 10.6807
180000 10.4747
190000 10.2687
200000 10.0627
220000 9.74147
240000 9.42026
250000 9.25966
260000 9.12211
280000 8.84702
300000 8.57193
320000 8.34008
340000 8.10823
350000 7.99230
360000 7.89304
380000 7.69450
400000 7.49597
403148 7.45818
409295 7.38438
450000 7.05479
463520 6.95483
500000 6.70654
550000 6.39446
600000 6.13028
650000 5.90618
700000 5.71878
750000 5.52614
755236 5.50765
778667 5.42869
778667 5.42869
800000 5.43579
850000 5.33402
900000 5.25385
919180 5.21970
950000 5.18738
990099 5.15476
990099 5.15476
1.00000E+06 5.15167
1.10000E+06 5.09720
1.14581E+06 5.08760
1.20000E+06 5.12104
1.25436E+06 5.11032
1.28595E+06 5.11866
1.29270E+06 5.12453
1.29270E+06 5.12453
1.30000E+06 5.13201
1.37403E+06 5.21416
1.40000E+06 5.24650
1.45268E+06 5.26581
1.45269E+06 5.26581
1.48878E+06 5.29357
1.50000E+06 5.30438
1.50961E+06 5.31373
1.50961E+06 5.31374
1.52473E+06 5.32864
1.55829E+06 5.37779
1.60000E+06 5.46239
1.64527E+06 5.48046
1.64527E+06 5.48046
1.66527E+06 5.49348
1.66527E+06 5.49349
1.68065E+06 5.50723
1.68065E+06 5.50723
1.68886E+06 5.51686
1.68886E+06 5.51686
1.70000E+06 5.53299
1.72291E+06 5.56636
1.72292E+06 5.56637
1.72675E+06 5.57204
1.72675E+06 5.57205
1.73077E+06 5.57898
1.73078E+06 5.57899
1.75003E+06 5.61824
1.75003E+06 5.61825
1.79361E+06 5.71086
1.79361E+06 5.71087
1.80000E+06 5.72554
1.82425E+06 5.75070
1.83631E+06 5.76361
1.85862E+06 5.78786
1.85862E+06 5.78787
1.87852E+06 5.81220
1.87852E+06 5.81221
1.90000E+06 5.83994
1.90164E+06 5.84203
1.90164E+06 5.84203
1.95390E+06 5.91243
1.95391E+06 5.91244
1.95893E+06 5.92034
1.95893E+06 5.92034
2.00000E+06 6.02997
2.10000E+06 6.16835
2.20000E+06 6.30254
2.30000E+06 6.42881
2.40000E+06 6.54859
2.50000E+06 6.65730
2.60000E+06 6.75801
2.70000E+06 6.84684
2.80000E+06 6.92706
2.90000E+06 6.99587
3.00000E+06 7.05608
3.10000E+06 7.10583
3.20000E+06 7.14738
3.30000E+06 7.17921
3.32116E+06 7.18499
3.40000E+06 7.20383
3.45314E+06 7.21268
3.50000E+06 7.21890
3.60000E+06 7.22767
3.70000E+06 7.22739
3.80000E+06 7.22181
3.90000E+06 7.20772
4.00000E+06 7.18934
4.01659E+06 7.18531
4.20000E+06 7.13419
4.40000E+06 7.06076
4.60000E+06 6.97301
4.80000E+06 6.87414
5.00000E+06 6.76660
5.20000E+06 6.65198
5.34021E+06 6.56782
5.40000E+06 6.53183
5.60000E+06 6.40741
5.80000E+06 6.28034
6.00000E+06 6.15238
6.20000E+06 6.02555
6.40000E+06 5.90161
6.60000E+06 5.78236
6.73845E+06 5.70352
6.79071E+06 5.67445
6.80000E+06 5.66926
6.85403E+06 5.64019
6.92986E+06 5.59992
6.96359E+06 5.58226
6.98771E+06 5.56981
7.00000E+06 5.56342
7.04703E+06 5.54000
7.13113E+06 5.49886
7.20000E+06 5.46592
7.20079E+06 5.46559
7.38515E+06 5.38328
7.38834E+06 5.38195
7.40000E+06 5.37699
7.51199E+06 5.33124
7.54129E+06 5.31962
7.59325E+06 5.29936
7.59507E+06 5.29861
7.59507E+06 5.29861
7.60000E+06 5.29693
7.79511E+06 5.22749
7.79724E+06 5.22675
7.80000E+06 5.22581
7.86283E+06 5.20549
7.91018E+06 5.19058
7.99670E+06 5.16438
8.00000E+06 5.16338
8.03362E+06 5.15394
8.50000E+06 5.04256
8.53002E+06 5.03676
8.83154E+06 4.98663
8.97435E+06 4.96763
8.97435E+06 4.96763
9.00000E+06 4.96458
9.08994E+06 4.95528
9.29389E+06 4.93420
9.36704E+06 4.92835
9.50000E+06 4.91949
9.59209E+06 4.91372
1.00000E+07 4.89921
1.02695E+07 4.89590
1.05000E+07 4.89797
1.07931E+07 4.90446
1.10000E+07 4.91238
1.11568E+07 4.91989
1.11569E+07 4.91989
1.15000E+07 4.94053
1.18840E+07 4.97075
1.20000E+07 4.98088
1.22953E+07 5.01026
1.25000E+07 5.03200
1.26453E+07 5.04907
1.26589E+07 5.05067
1.29997E+07 5.09231
1.30000E+07 5.09231
1.30072E+07 5.09331
1.32347E+07 5.12359
1.34712E+07 5.15557
1.35000E+07 5.15959
1.36743E+07 5.18450
1.36743E+07 5.18450
1.38304E+07 5.20700
1.40000E+07 5.23138
1.40515E+07 5.23899
1.41520E+07 5.25378
1.44586E+07 5.29881
1.45000E+07 5.30481
1.50000E+07 5.37703
1.51136E+07 5.39264
1.52262E+07 5.40804
1.52263E+07 5.40805
1.54664E+07 5.44008
1.55000E+07 5.44448
1.59102E+07 5.49623
1.60000E+07 5.50713
1.60663E+07 5.51444
1.62341E+07 5.53249
1.62874E+07 5.53800
1.63879E+07 5.54843
1.65000E+07 5.55956
1.67898E+07 5.58703
1.70000E+07 5.60538
1.73495E+07 5.62981
1.75000E+07 5.63920
1.75783E+07 5.64387
1.80000E+07 5.66562
1.81424E+07 5.67091
1.82025E+07 5.67302
1.82179E+07 5.67350
1.85000E+07 5.68163
1.85118E+07 5.68195
1.90000E+07 5.69043
1.91638E+07 5.69162
1.92677E+07 5.69193
1.92888E+07 5.69201
1.92964E+07 5.69199
1.95000E+07 5.69177
1.95197E+07 5.69167
1.95239E+07 5.69161
1.96244E+07 5.69085
1.97546E+07 5.68987
1.98142E+07 5.68916
1.98882E+07 5.68812
2.00000E+07 5.68641
2.10000E+07 5.66271
2.14335E+07 5.64540
2.16941E+07 5.63540
2.17598E+07 5.63288
2.18603E+07 5.62902
2.20000E+07 5.62366
2.30000E+07 5.57151
2.40000E+07 5.50694
2.50000E+07 5.42926
2.60000E+07 5.33871
2.70000E+07 5.23713
2.80000E+07 5.12895
2.90000E+07 5.01853
3.00000E+07 4.90635
3.00000E+07 4.91400
3.10000E+07 4.81415
3.20000E+07 4.72050
3.30000E+07 4.63540
3.40000E+07 4.55810
3.50000E+07 4.48730
3.60000E+07 4.42440
3.70000E+07 4.36790
3.80000E+07 4.31940
3.90000E+07 4.27885
4.00000E+07 4.24610
4.10000E+07 4.22180
4.20000E+07 4.20460
4.30000E+07 4.19440
4.40000E+07 4.19030
4.50000E+07 4.19160
4.60000E+07 4.19770
4.70000E+07 4.20800
4.80000E+07 4.22180
4.90000E+07 4.23895
5.00000E+07 4.25870
5.10000E+07 4.28085
5.20000E+07 4.30490
5.30000E+07 4.33045
5.40000E+07 4.35700
5.50000E+07 4.38430
5.60000E+07 4.41180
5.70000E+07 4.43945
5.80000E+07 4.46670
5.90000E+07 4.49360
6.00000E+07 4.51970
6.10000E+07 4.54516
6.20000E+07 4.56952
6.30000E+07 4.59258
6.40000E+07 4.61424
6.50000E+07 4.63440
6.60000E+07 4.65362
6.70000E+07 4.67124
6.80000E+07 4.68716
6.90000E+07 4.70148
7.00000E+07 4.71400
7.10000E+07 4.72538
7.20000E+07 4.73496
7.30000E+07 4.74284
7.40000E+07 4.74912
7.50000E+07 4.75370
7.60000E+07 4.75714
7.70000E+07 4.75908
7.80000E+07 4.75942
7.90000E+07 4.75816
8.00000E+07 4.75560
8.10000E+07 4.75210
8.20000E+07 4.74730
8.30000E+07 4.74130
8.40000E+07 4.73390
8.50000E+07 4.72540
8.60000E+07 4.71580
8.70000E+07 4.70500
8.80000E+07 4.69330
8.90000E+07 4.68060
9.00000E+07 4.66690
9.10000E+07 4.65305
9.20000E+07 4.63830
9.30000E+07 4.62285
9.40000E+07 4.60670
9.50000E+07 4.58985
9.60000E+07 4.57230
9.70000E+07 4.55415
9.80000E+07 4.53550
9.90000E+07 4.51635
1.00000E+08 4.49670
1.02000E+08 4.45728
1.04000E+08 4.41636
1.06000E+08 4.37424
1.08000E+08 4.33112
1.10000E+08 4.28740
1.12000E+08 4.24382
1.14000E+08 4.19984
1.16000E+08 4.15576
1.18000E+08 4.11158
1.20000E+08 4.06750
1.22000E+08 4.02434
1.24000E+08 3.98138
1.26000E+08 3.93892
1.28000E+08 3.89666
1.30000E+08 3.85500
1.32000E+08 3.81464
1.34000E+08 3.77478
1.36000E+08 3.73562
1.38000E+08 3.69696
1.40000E+08 3.65920
1.42000E+08 3.62262
1.44000E+08 3.58684
1.46000E+08 3.55186
1.48000E+08 3.51748
1.50000E+08 3.48400
1.52000E+08 3.45176
1.54000E+08 3.42032
1.56000E+08 3.38948
1.58000E+08 3.35964
1.60000E+08 3.33050
1.62000E+08 3.30265
1.64000E+08 3.27550
1.66000E+08 3.24905
1.68000E+08 3.22350
1.70000E+08 3.19855
1.72000E+08 3.17420
1.74000E+08 3.15065
1.76000E+08 3.12780
1.78000E+08 3.10565
1.80000E+08 3.08410
1.82000E+08 3.06358
1.84000E+08 3.04376
1.86000E+08 3.02464
1.88000E+08 3.00602
1.90000E+08 2.98790
1.92000E+08 2.97038
1.94000E+08 2.95346
1.96000E+08 2.93704
1.98000E+08 2.92102
2.00000E+08 2.90570