Pt-196(n,tot) JEFF-3.2
Energy(eV) XS(b)
1.00000E-05 40.6981
1.25000E-05 37.5977
1.50000E-05 35.3091
1.54719E-05 34.9406
1.92448E-05 32.5002
2.00000E-05 32.0967
2.19689E-05 31.1443
2.39378E-05 30.3120
2.75000E-05 29.0400
2.97753E-05 28.3500
3.50000E-05 27.0284
3.70363E-05 26.5907
4.15521E-05 25.7377
4.60679E-05 25.0134
5.00000E-05 24.4644
5.73020E-05 23.5991
7.12756E-05 22.3309
7.50000E-05 22.0543
8.86569E-05 21.1939
0.000100000 20.6177
0.000110277 20.1744
0.000137169 19.2603
0.000150000 18.9135
0.000170618 18.4406
0.000200000 17.8977
0.000212225 17.7057
0.000238102 17.3494
0.000263978 17.0468
0.000275000 16.9311
0.000301676 16.6777
0.000328352 16.4560
0.000350000 16.2949
0.000408423 15.9262
0.000500000 15.4841
0.000508021 15.4512
0.000538993 15.3311
0.000569964 15.2209
0.000631907 15.0253
0.000750000 14.7220
0.000786004 14.6434
0.000881840 14.4583
0.000977677 14.3010
0.00100000 14.2677
0.00105402 14.1914
0.00110805 14.1208
0.00121609 13.9940
0.00150000 13.7288
0.00151265 13.7187
0.00155876 13.6832
0.00160487 13.6491
0.00169709 13.5853
0.00188152 13.4719
0.00200000 13.4075
0.00234035 13.2506
0.00275000 13.1019
0.00291107 13.0522
0.00350000 12.9007
0.00362095 12.8742
0.00406245 12.7880
0.00450396 12.7147
0.00500000 12.6443
0.00560228 12.5717
0.00696846 12.4434
0.00750000 12.4032
0.00866777 12.3284
0.0100000 12.2596
0.0107815 12.2253
0.0134107 12.1328
0.0150000 12.0891
0.0166810 12.0499
0.0200000 11.9875
0.0207488 11.9755
0.0230244 11.9428
0.0253000 11.9146
0.0321022 11.8490
0.0376500 11.8093
0.0399307 11.7954
0.0447994 11.7694
0.0496681 11.7473
0.0500000 11.7459
0.0507363 11.7429
0.0514725 11.7399
0.0529450 11.7342
0.0558900 11.7234
0.0617800 11.7041
0.0750000 11.6695
0.0768457 11.6654
0.0815306 11.6556
0.0862156 11.6466
0.0955854 11.6307
0.100000 11.6239
0.109447 11.6109
0.118895 11.5995
0.147888 11.5714
0.150000 11.5697
0.158488 11.5631
0.166976 11.5571
0.183952 11.5462
0.200000 11.5373
0.228810 11.5236
0.275000 11.5062
0.284608 11.5031
0.317304 11.4937
0.350000 11.4856
0.354012 11.4847
0.364804 11.4823
0.375595 11.4800
0.397177 11.4757
0.440341 11.4680
0.500000 11.4591
0.547723 11.4529
0.681290 11.4391
0.750000 11.4334
0.847429 11.4265
1.00000 11.4175
1.31113 11.4039
1.50000 11.3975
1.63086 11.3936
2.00000 11.3843
2.02856 11.3837
2.09040 11.3824
2.15223 11.3811
2.27590 11.3786
2.52324 11.3740
2.75000 11.3702
3.13856 11.3644
3.50000 11.3595
3.90392 11.3545
4.85594 11.3442
5.00000 11.3427
5.52005 11.3378
6.04010 11.3331
7.50000 11.3210
7.51304 11.3209
7.55189 11.3206
7.59075 11.3203
7.66847 11.3197
7.82391 11.3185
8.13478 11.3162
8.75652 11.3116
10.0000 11.3029
11.6241 11.2925
14.4225 11.2777
14.4587 11.2776
14.5689 11.2772
14.6791 11.2768
14.8994 11.2761
15.3402 11.2752
16.2216 11.2765
16.6624 11.2806
17.1031 11.2902
17.5439 11.3139
17.7642 11.3386
17.9846 11.3844
18.1997 11.4783
18.3072 11.5683
18.4148 11.7241
18.5224 12.0287
18.5761 12.3028
18.6299 12.7482
18.6837 13.5392
18.7106 14.1839
18.7375 15.1301
18.7643 16.5869
18.7912 18.9548
18.8181 23.0244
18.8450 30.1997
18.8725 41.5913
18.9000 49.2029
18.9275 41.6351
18.9550 30.2542
18.9877 21.9938
19.0203 17.8279
19.0530 15.6082
19.0856 14.3237
19.1183 13.5240
19.1509 12.9962
19.2163 12.3679
19.2816 12.0242
19.3469 11.8164
19.4775 11.5889
19.6081 11.4736
19.7388 11.4071
20.0000 11.3369
20.2963 11.2988
20.5926 11.2779
21.1852 11.2560
21.7777 11.2443
22.3703 11.2365
23.6527 11.2247
24.9352 11.2157
27.5000 11.2002
27.8255 11.1983
28.6737 11.1936
29.5219 11.1890
31.2182 11.1799
34.6110 11.1624
35.0000 11.1604
36.0064 11.1553
37.0128 11.1503
39.0256 11.1404
43.0512 11.1210
50.0000 11.0887
53.5496 11.0726
61.7748 11.0366
70.0000 11.0019
75.0000 10.9813
82.8512 10.9499
100.000 10.8836
128.186 10.7792
150.000 10.6988
159.445 10.6632
179.723 10.5825
200.000 10.4913
223.346 10.3597
235.019 10.2737
246.692 10.1628
251.647 10.1041
263.735 9.91123
269.779 9.77114
275.823 9.57791
281.868 9.29044
284.890 9.08538
287.912 8.81153
290.934 8.42713
292.445 8.17065
293.956 7.85095
295.467 7.44406
296.978 6.91787
297.734 6.60028
298.489 6.24778
299.245 5.88152
300.000 5.58507
300.412 5.54320
300.823 5.72863
301.235 6.43342
301.647 8.41044
301.750 9.30279
301.801 9.84297
301.852 10.4575
301.904 11.1607
301.955 11.9642
302.007 12.8880
302.058 13.9493
302.110 15.1772
302.161 16.5976
302.213 18.2536
302.264 20.1854
302.367 25.1401
302.470 32.1462
302.573 42.3507
302.676 57.7800
302.779 82.2609
302.881 123.655
302.933 155.615
302.984 199.983
303.036 263.847
303.087 359.013
303.139 508.101
303.190 753.476
303.242 1181.62
303.293 1945.45
303.347 3213.82
303.400 4154.18
303.454 3437.91
303.508 2219.60
303.554 1511.51
303.599 1069.35
303.644 790.117
303.690 606.974
303.781 392.900
303.871 278.458
303.962 210.347
304.053 166.473
304.235 114.989
304.416 86.8031
304.598 69.5282
304.779 58.0747
304.961 50.0297
305.324 39.6334
305.687 33.3199
306.051 29.1354
306.414 26.1846
307.140 22.3357
307.867 19.9609
308.593 18.3613
309.320 17.2157
310.772 15.6912
312.225 14.7271
313.678 14.0642
315.131 13.5810
318.037 12.9243
320.943 12.4989
323.848 12.2004
326.754 11.9791
332.566 11.6718
338.377 11.4671
344.189 11.3198
350.000 11.2077
362.939 11.0311
375.877 10.9101
401.754 10.7439
438.254 10.5761
474.754 10.4171
500.000 10.2744
516.371 10.1357
524.556 10.0355
532.742 9.89432
536.834 9.79793
540.927 9.67348
545.020 9.50533
549.112 9.26377
551.159 9.09797
553.205 8.88487
555.251 8.60087
557.298 8.20475
558.321 7.94296
559.344 7.62060
560.367 7.21935
561.390 6.72395
561.902 6.44600
562.414 6.17082
562.925 5.96260
563.437 6.01900
563.693 6.31575
563.948 7.02385
564.204 8.57410
564.332 9.94320
564.396 10.8666
564.460 12.0024
564.524 13.4126
564.588 15.1711
564.620 16.2152
564.652 17.3900
564.684 18.7153
564.716 20.2099
564.780 23.8489
564.844 28.5974
564.908 34.9186
564.972 43.4767
565.036 55.3814
565.099 72.3733
565.163 97.5766
565.227 136.493
565.291 200.091
565.355 310.654
565.387 397.351
565.419 517.437
565.451 686.636
565.483 922.273
565.542 1546.55
565.600 2028.59
565.659 1703.54
565.717 1117.05
565.784 679.359
565.851 444.775
565.918 313.676
565.985 234.869
566.052 184.048
566.119 149.518
566.253 106.770
566.387 82.1797
566.521 66.6488
566.788 48.6338
567.056 38.7987
567.324 32.7443
567.592 28.6968
567.860 25.8261
568.395 22.0621
568.931 19.7296
569.467 18.1550
570.002 17.0262
571.074 15.5228
572.145 14.5720
573.217 13.9185
574.288 13.4425
576.431 12.7964
578.573 12.3785
580.716 12.0861
582.859 11.8697
587.144 11.5701
591.429 11.3717
595.715 11.2296
600.000 11.1220
607.727 10.9803
615.454 10.8778
623.181 10.7971
630.908 10.7279
638.635 10.6616
642.498 10.6258
646.362 10.5843
650.225 10.5304
652.157 10.4941
654.088 10.4459
655.054 10.4147
656.020 10.3761
656.986 10.3271
657.952 10.2626
658.435 10.2225
658.918 10.1761
659.401 10.1240
659.884 10.0724
660.125 10.0541
660.367 10.0523
660.608 10.0910
660.850 10.2323
660.970 10.3892
661.091 10.6640
661.212 11.1609
661.332 12.1137
661.453 14.1241
661.514 15.9964
661.574 19.0584
661.634 24.4403
661.695 34.7606
661.725 43.6337
661.755 57.0307
661.785 77.7966
661.815 109.972
661.837 141.486
661.858 178.807
661.900 232.207
661.942 197.079
661.985 132.878
662.020 94.9724
662.056 70.9475
662.091 55.5842
662.127 45.4030
662.197 33.3446
662.268 26.8155
662.339 22.8763
662.410 20.3150
662.552 17.2653
662.693 15.5667
662.835 14.5098
662.977 13.7995
663.118 13.2944
663.402 12.6315
663.685 12.2210
663.969 11.9443
664.252 11.7463
664.819 11.4832
665.386 11.3171
665.952 11.2030
666.519 11.1199
667.653 11.0065
668.786 10.9325
669.920 10.8800
671.053 10.8406
673.320 10.7844
675.587 10.7456
680.121 10.6932
684.656 10.6576
689.190 10.6305
698.258 10.5895
716.395 10.5312
734.531 10.4872
800.898 10.3702
867.266 10.2807
1000.00 10.1273
1136.46 9.97669
1245.33 9.85063
1354.20 9.71389
1413.59 9.63516
1487.30 9.54269
1524.15 9.51116
1561.00 9.51518
1579.42 9.54878
1597.85 9.62749
1616.27 9.79517
1634.70 10.1578
1643.91 10.4910
1653.13 11.0240
1662.34 11.9302
1671.55 13.6144
1676.16 15.0411
1680.76 17.2142
1685.37 20.7430
1689.98 27.0068
1692.28 32.1277
1694.58 39.6982
1696.89 51.5519
1699.19 71.5946
1701.49 109.367
1702.64 142.112
1703.79 193.203
1704.95 278.905
1706.10 436.246
1706.67 567.336
1707.25 760.937
1707.83 1054.14
1708.40 1497.40
1709.20 2388.41
1710.00 2979.85
1710.81 2382.70
1711.61 1490.82
1712.34 960.958
1713.07 648.207
1713.80 460.130
1714.53 341.675
1715.99 208.933
1717.45 141.432
1718.91 102.793
1720.37 78.7538
1723.29 51.6908
1726.21 37.6310
1729.12 29.3993
1732.04 24.1582
1734.96 20.6069
1740.80 16.2049
1746.64 13.6373
1752.48 11.9565
1758.31 10.7412
1770.22 8.88873
1776.18 8.03706
1782.13 7.09747
1788.09 5.93509
1791.06 5.21590
1794.04 4.39020
1795.53 3.95781
1797.02 3.56285
1798.51 3.32663
1800.00 3.59041
1800.74 4.18417
1801.11 4.70054
1801.49 5.43773
1801.86 6.48289
1802.23 7.96499
1802.60 10.0799
1802.97 13.1342
1803.35 17.6389
1803.72 24.4110
1804.09 34.9499
1804.46 52.0575
1804.83 81.3840
1805.21 135.251
1805.39 179.252
1805.58 242.495
1805.76 334.706
1805.95 468.809
1806.27 809.909
1806.58 1103.07
1806.90 964.752
1807.22 652.066
1807.60 403.186
1807.97 268.968
1808.35 193.628
1808.73 148.093
1809.10 118.459
1809.48 98.1718
1810.23 72.7117
1810.99 57.8055
1811.74 48.2159
1813.25 36.8343
1814.75 30.4366
1816.26 26.3930
1817.76 23.6267
1819.27 21.6235
1822.28 18.9261
1825.29 17.1994
1828.31 15.9998
1831.32 15.1171
1837.34 13.9016
1843.37 13.1000
1855.42 12.0960
1867.46 11.4813
1879.51 11.0578
1903.61 10.4942
1927.71 10.1156
1951.81 9.82420
2000.00 9.34552
2051.61 8.83073
2077.41 8.51541
2103.21 8.10809
2129.01 7.51645
2141.91 7.08855
2154.82 6.49736
2161.27 6.10481
2167.72 5.61447
2174.17 4.98508
2180.62 4.15452
2183.84 3.63849
2187.07 3.04496
2190.29 2.38499
2193.52 1.74256
2195.13 1.51994
2195.94 1.47433
2196.75 1.50461
2197.55 1.65082
2197.96 1.78545
2198.36 1.97466
2198.76 2.23208
2199.16 2.57514
2199.57 3.02638
2199.97 3.61519
2200.37 4.38251
2200.78 5.37644
2201.18 6.66872
2201.58 8.35560
2201.99 10.5714
2202.39 13.5073
2202.79 17.4409
2203.20 22.7849
2203.60 30.1913
2204.00 40.6185
2204.41 55.6988
2204.81 78.1619
2205.21 112.792
2205.61 168.246
2206.02 260.268
2206.42 414.975
2206.93 729.082
2207.43 1004.69
2207.94 883.175
2208.45 599.867
2208.82 445.690
2209.18 339.441
2209.55 266.556
2209.92 215.498
2210.65 151.363
2211.38 114.484
2212.11 91.2652
2212.85 75.6702
2214.31 56.4446
2215.78 45.3281
2217.24 38.2119
2218.71 33.3195
2220.17 29.7742
2223.10 25.0169
2226.03 21.9956
2228.96 19.9184
2231.89 18.4070
2237.75 16.3599
2243.61 15.0393
2249.47 14.1158
2255.33 13.4321
2267.05 12.4819
2278.77 11.8449
2290.49 11.3803
2302.21 11.0193
2325.65 10.4715
2349.09 10.0322
2360.81 9.81477
2366.67 9.69544
2372.53 9.55858
2378.39 9.38509
2381.32 9.27126
2384.25 9.12295
2385.72 9.02781
2387.18 8.91088
2388.65 8.76185
2390.11 8.56338
2390.84 8.43696
2391.58 8.28626
2392.31 8.10582
2393.04 7.89674
2393.41 7.78844
2393.77 7.69385
2394.14 7.64863
2394.51 7.75064
2394.87 8.30191
2395.06 9.01596
2395.24 10.4276
2395.42 13.3804
2395.51 16.0612
2395.60 20.2176
2395.70 27.0973
2395.74 32.1967
2395.79 38.8184
2395.83 47.9289
2395.88 60.3757
2395.93 77.4899
2395.97 100.289
2396.02 132.545
2396.07 171.830
2396.16 233.085
2396.21 230.064
2396.26 205.464
2396.35 143.042
2396.42 108.574
2396.49 84.6636
2396.56 68.2181
2396.63 56.8139
2396.76 42.3043
2396.90 33.8996
2397.04 28.5922
2397.18 25.0101
2397.45 20.5804
2397.72 18.0079
2398.00 16.3553
2398.27 15.2158
2398.55 14.3879
2399.09 13.2715
2399.64 12.5609
2400.19 12.0702
2400.74 11.7116
2401.84 11.2224
2402.93 10.9042
2404.03 10.6791
2405.12 10.5109
2407.32 10.2729
2409.51 10.1096
2413.90 9.89113
2418.28 9.74292
2422.67 9.62892
2431.44 9.45101
2448.98 9.17427
2466.53 8.92926
2501.61 8.42789
2536.70 7.81876
2554.25 7.43359
2571.79 6.95941
2589.33 6.34980
2606.88 5.52452
2615.65 4.98903
2624.42 4.33656
2633.19 3.53082
2641.96 2.53742
2646.35 1.97388
2650.74 1.39823
2655.12 0.904887
2657.31 0.763267
2658.41 0.745386
2659.51 0.780426
2660.60 0.887814
2661.70 1.09410
2662.25 1.24582
2662.80 1.43718
2663.89 1.96978
2664.99 2.77025
2666.09 3.95144
2667.18 5.68883
2668.28 8.24873
2669.38 12.0696
2670.47 17.8679
2671.57 26.9181
2672.67 41.5247
2673.76 66.2491
2674.86 110.467
2675.41 145.593
2675.95 194.780
2676.50 264.312
2677.05 362.207
2678.11 646.273
2679.16 901.245
2680.22 801.563
2681.27 551.823
2682.52 347.532
2683.76 235.545
2685.01 171.855
2686.25 132.867
2687.50 107.344
2688.74 89.6897
2691.23 67.3569
2693.72 54.1290
2696.21 45.5351
2701.19 35.2162
2706.17 29.3371
2711.15 25.5828
2716.13 22.9924
2721.11 21.1032
2731.07 18.5383
2741.03 16.8799
2750.99 15.7179
2760.95 14.8557
2780.87 13.6530
2800.79 12.8413
2820.72 12.2436
2840.64 11.7732
2880.48 11.0410
2920.32 10.4304
2960.16 9.80917
2980.08 9.44355
3000.00 8.98822
3019.48 8.36546
3029.22 7.92645
3038.95 7.32828
3043.82 6.93386
3048.69 6.44243
3053.56 5.81109
3058.43 4.97207
3060.87 4.44432
3063.30 3.82658
3065.74 3.11468
3068.17 2.35464
3069.39 2.01818
3070.60 1.81349
3071.21 1.81694
3071.82 1.94746
3072.43 2.28044
3072.73 2.55820
3073.04 2.93819
3073.34 3.45163
3073.65 4.13429
3073.95 5.04369
3074.26 6.24605
3074.56 7.84998
3074.87 9.98659
3075.17 12.8638
3075.47 16.7803
3075.78 22.2070
3076.08 29.8057
3076.39 40.6978
3076.69 56.6963
3077.00 80.9568
3077.30 118.605
3077.60 178.719
3077.91 275.293
3078.34 495.699
3078.77 696.168
3078.98 693.681
3079.20 622.925
3079.63 431.898
3079.93 328.736
3080.22 255.696
3080.52 204.397
3080.82 167.769
3081.41 120.837
3082.01 93.2055
3082.60 75.5263
3083.20 63.5095
3084.38 48.5014
3085.57 39.6872
3086.76 33.9858
3087.95 30.0296
3089.14 27.1406
3091.51 23.2270
3093.89 20.7165
3096.27 18.9747
3098.64 17.6984
3103.40 15.9527
3108.15 14.8134
3112.90 14.0078
3117.66 13.4049
3127.16 12.5536
3136.67 11.9701
3155.68 11.1884
3174.69 10.6492
3193.71 10.2176
3231.73 9.46114
3269.76 8.64975
3288.77 8.15201
3307.78 7.53329
3326.80 6.70993
3336.30 6.17634
3345.81 5.52112
3355.32 4.69625
3364.82 3.63574
3369.58 2.99544
3374.33 2.28121
3379.08 1.52870
3383.84 0.888548
3385.02 0.794300
3386.20 0.753249
3387.38 0.789602
3388.57 0.938510
3389.16 1.07064
3389.75 1.25186
3390.34 1.49343
3390.93 1.80773
3391.53 2.21228
3392.12 2.72636
3393.30 4.19643
3394.48 6.53090
3395.66 10.2559
3396.85 16.3069
3398.03 26.4251
3399.21 44.1164
3400.40 76.8240
3400.99 103.466
3401.58 141.392
3402.17 196.036
3402.76 274.514
3403.87 500.230
3404.97 709.371
3406.08 639.135
3407.18 445.613
3408.25 307.875
3409.31 222.723
3410.37 169.577
3411.44 134.920
3412.50 111.159
3413.57 94.1898
3415.70 71.9963
3417.83 58.4373
3419.95 49.4494
3424.21 38.4602
3428.47 32.1003
3432.73 27.9994
3436.99 25.1523
3441.24 23.0675
3449.76 20.2250
3458.28 18.3803
3466.79 17.0850
3475.31 16.1228
3492.34 14.7793
3509.37 13.8724
3526.40 13.2043
3543.43 12.6777
3577.50 11.8476
3594.53 11.4791
3611.56 11.1010
3628.59 10.6627
3637.11 10.3889
3645.62 10.0394
3649.88 9.81641
3654.14 9.54135
3658.40 9.18597
3662.65 8.69826
3664.78 8.37507
3666.91 7.97094
3669.04 7.44987
3671.17 6.75429
3672.23 6.31459
3673.30 5.79752
3674.36 5.19572
3675.43 4.53900
3676.49 4.01800
3677.02 4.04450
3677.56 4.69122
3677.82 5.52115
3678.09 7.00908
3678.22 8.14182
3678.35 9.65572
3678.49 11.6909
3678.62 14.4507
3678.75 18.2362
3678.89 23.5037
3679.02 30.9609
3679.15 41.7336
3679.28 57.6496
3679.42 81.7107
3679.55 118.759
3679.68 175.856
3679.89 320.104
3680.10 453.850
3680.21 454.648
3680.32 410.879
3680.53 289.436
3680.69 215.214
3680.86 164.958
3681.02 130.787
3681.19 107.253
3681.52 77.8644
3681.85 61.0382
3682.18 50.3972
3682.51 43.2055
3683.17 34.2759
3683.83 29.0308
3684.49 25.6320
3685.16 23.2617
3685.82 21.5265
3687.14 19.1612
3688.46 17.6314
3689.79 16.5629
3691.11 15.7751
3693.75 14.6883
3696.40 13.9716
3699.05 13.4602
3701.69 13.0744
3706.98 12.5234
3712.27 12.1404
3722.86 11.6185
3733.44 11.2520
3744.02 10.9561
3765.19 10.4377
3786.35 9.88510
3796.94 9.54142
3807.52 9.09771
3812.81 8.81170
3818.10 8.45671
3823.39 7.99624
3828.68 7.36497
3831.33 6.94911
3833.98 6.43381
3836.62 5.77996
3839.27 4.93291
3840.59 4.41767
3841.91 3.83863
3843.24 3.21984
3844.56 2.67044
3845.88 2.61629
3846.21 2.82509
3846.54 3.21448
3846.87 3.87459
3847.20 4.94372
3847.37 5.70412
3847.54 6.65955
3847.70 7.87619
3847.87 9.41116
3848.03 11.3801
3848.20 13.8900
3848.53 21.3519
3848.69 26.9480
3848.86 34.3667
3849.02 44.3891
3849.19 58.1319
3849.35 77.4045
3849.52 104.484
3849.68 143.072
3849.85 197.837
3850.17 362.050
3850.49 515.709
3850.65 517.486
3850.81 467.886
3851.14 329.162
3851.49 219.502
3851.83 155.596
3852.18 117.381
3852.53 93.2618
3852.88 77.0328
3853.23 65.6290
3853.93 50.8899
3854.63 41.9797
3855.33 36.1047
3856.73 28.9427
3858.13 24.7996
3859.52 22.1242
3860.92 20.2631
3862.32 18.8971
3865.12 17.0299
3867.91 15.8142
3870.71 14.9587
3873.50 14.3225
3879.10 13.4345
3884.69 12.8381
3890.28 12.4042
3895.87 12.0698
3907.06 11.5767
3918.24 11.2168
3940.61 10.6873
3962.97 10.2719
3985.34 9.89720
4030.08 9.13105
4074.81 8.15915
4097.18 7.49961
4119.55 6.62617
4141.92 5.39038
4153.10 4.55681
4164.28 3.51626
4175.47 2.23186
4181.06 1.52344
4186.65 0.862488
4189.45 0.617953
4190.85 0.541943
4192.24 0.513202
4193.64 0.549734
4195.04 0.676372
4195.74 0.783816
4196.44 0.927770
4197.14 1.11485
4197.84 1.35296
4199.23 2.02242
4200.63 3.03926
4202.03 4.55755
4203.43 6.81297
4204.83 10.1760
4206.22 15.2470
4207.62 23.0340
4209.02 35.2834
4210.33 53.6767
4211.65 83.6166
4212.96 133.807
4214.27 218.630
4216.01 406.678
4217.75 585.835
4218.62 590.081
4219.49 535.557
4221.23 379.093
4222.62 281.448
4224.01 215.006
4225.40 170.150
4226.79 139.082
4229.57 100.411
4232.35 78.1834
4235.13 64.1429
4237.91 54.6334
4243.47 42.7706
4249.03 35.7823
4254.59 31.2306
4260.15 28.0505
4265.71 25.7123
4276.83 22.5160
4287.96 20.4405
4299.08 18.9864
4310.20 17.9112
4332.44 16.4255
4354.68 15.4440
4376.92 14.7438
4399.16 14.2163
4443.64 13.4668
4488.13 12.9516
4532.61 12.5683
4577.09 12.2661
4666.06 11.8037
4755.02 11.4401
4799.51 11.2707
4843.99 11.0883
4866.23 10.9766
4877.35 10.9074
4888.47 10.8202
4899.59 10.6973
4905.15 10.6093
4910.71 10.4869
4913.49 10.4040
4916.27 10.2977
4919.05 10.1551
4921.83 9.95161
4923.22 9.81276
4924.61 9.63506
4926.00 9.39940
4927.39 9.07244
4928.09 8.85720
4928.78 8.59269
4929.48 8.26328
4930.17 7.85266
4930.52 7.61591
4930.87 7.36899
4931.22 7.14128
4931.56 7.02744
4931.91 7.32685
4932.08 7.90349
4932.26 9.15139
4932.43 11.8653
4932.52 14.3014
4932.61 18.0399
4932.69 23.9267
4932.74 28.1628
4932.78 33.4697
4932.82 40.4788
4932.87 49.3585
4932.91 60.8452
4932.95 75.6129
4933.01 102.752
4933.07 136.400
4933.19 195.477
4933.25 197.546
4933.31 180.591
4933.43 130.588
4933.56 90.0365
4933.69 66.3499
4933.82 52.1187
4933.95 43.0485
4934.08 36.9261
4934.21 32.5878
4934.47 26.9516
4934.73 23.5162
4934.99 21.2357
4935.51 18.4339
4936.03 16.7996
4936.55 15.7378
4937.07 14.9959
4937.59 14.4498
4938.63 13.7008
4939.67 13.2132
4940.71 12.8706
4941.75 12.6166
4943.83 12.2648
4945.91 12.0324
4947.99 11.8667
4950.07 11.7421
4954.23 11.5658
4958.39 11.4457
4962.55 11.3572
4966.71 11.2883
4975.04 11.1856
4983.36 11.1099
5000.00 10.9987
5029.43 10.8575
5058.86 10.7421
5117.71 10.5227
5147.14 10.3965
5161.85 10.3208
5176.57 10.2286
5191.28 10.1050
5198.64 10.0214
5205.99 9.91144
5213.35 9.75507
5217.03 9.64680
5220.71 9.50491
5224.39 9.30873
5228.07 9.01692
5229.90 8.80910
5231.74 8.53231
5233.58 8.14564
5234.50 7.88895
5235.42 7.57124
5236.11 7.28011
5236.80 6.93114
5237.49 6.51360
5238.18 6.03128
5238.87 5.56313
5239.21 5.44856
5239.55 5.63080
5239.90 6.65842
5240.07 7.93609
5240.24 10.3238
5240.33 12.2339
5240.41 14.9055
5240.50 18.6954
5240.59 24.1640
5240.67 32.2064
5240.76 44.2625
5240.84 62.6027
5240.93 90.4753
5241.00 124.087
5241.08 165.885
5241.22 238.844
5241.29 241.746
5241.36 220.899
5241.51 159.316
5241.64 116.561
5241.77 88.8108
5241.89 70.6990
5242.02 58.4655
5242.28 43.5950
5242.53 35.2185
5242.79 29.9863
5243.05 26.4625
5243.56 22.0849
5244.07 19.5118
5244.58 17.8356
5245.09 16.6637
5245.61 15.8013
5246.63 14.6204
5247.65 13.8538
5248.68 13.3166
5249.70 12.9196
5251.75 12.3721
5253.80 12.0125
5255.85 11.7575
5257.90 11.5671
5261.99 11.3002
5266.09 11.1208
5270.19 10.9905
5274.28 10.8908
5282.48 10.7455
5290.67 10.6421
5307.06 10.4971
5323.45 10.3927
5339.84 10.3080
5372.61 10.1668
5438.16 9.92182
5503.72 9.67600
5569.27 9.39881
5634.82 9.05462
5667.60 8.83421
5700.37 8.54476
5716.76 8.34450
5724.95 8.21504
5733.15 8.04926
5741.34 7.81513
5745.44 7.64954
5749.54 7.42288
5751.58 7.27222
5753.63 7.08250
5755.68 6.83395
5757.73 6.49213
5758.75 6.26736
5759.78 5.99078
5760.80 5.64395
5761.83 5.20447
5762.34 4.94517
5762.85 4.66458
5763.36 4.38633
5763.87 4.19072
5764.39 4.35364
5764.64 4.83144
5764.90 5.97323
5765.03 7.01696
5765.15 8.61030
5765.28 11.0807
5765.41 15.0017
5765.47 17.8052
5765.54 21.4228
5765.60 26.1368
5765.67 32.3421
5765.73 40.5900
5765.79 51.6402
5765.86 66.4981
5765.92 86.3682
5766.00 117.931
5766.07 157.714
5766.23 227.536
5766.30 230.342
5766.38 210.166
5766.53 150.237
5766.64 114.454
5766.76 89.4402
5766.87 72.1839
5766.99 60.0358
5767.21 44.6744
5767.44 35.7193
5767.67 30.0172
5767.90 26.1338
5768.35 21.2691
5768.81 18.3951
5769.27 16.5204
5769.72 15.2100
5770.18 14.2464
5771.09 12.9297
5772.00 12.0752
5772.91 11.4767
5773.83 11.0342
5775.65 10.4226
5777.47 10.0179
5779.30 9.72827
5781.12 9.50901
5784.77 9.19441
5788.42 8.97404
5795.71 8.67019
5803.01 8.45380
5810.31 8.27801
5824.90 7.97800
5854.08 7.41120
5883.27 6.75203
5912.45 5.87719
5927.04 5.30583
5941.63 4.60042
5956.23 3.71097
5970.82 2.57854
5978.11 1.91350
5985.41 1.21043
5992.71 0.575575
5994.53 0.459225
5996.35 0.377033
5998.18 0.343581
6000.00 0.379216
6001.50 0.480662
6003.01 0.670791
6004.51 0.979929
6006.02 1.44941
6007.52 2.13796
6009.02 3.12758
6010.53 4.53659
6012.03 6.53685
6013.53 9.39032
6015.04 13.4928
6016.54 19.4667
6018.05 28.3044
6019.55 41.6587
6021.05 62.2572
6022.56 94.5895
6024.06 145.371
6026.44 277.678
6028.82 411.405
6030.01 419.955
6031.20 385.501
6033.58 277.533
6035.79 199.222
6038.00 148.694
6040.20 116.177
6042.41 94.4384
6046.82 68.2518
6051.24 53.6082
6055.65 44.4862
6060.07 38.3495
6068.90 30.7208
6077.72 26.2249
6086.55 23.2862
6095.38 21.2237
6104.21 19.6999
6121.87 17.6010
6139.53 16.2234
6157.18 15.2472
6174.84 14.5166
6210.15 13.4869
6245.47 12.7824
6280.78 12.2463
6289.61 12.1228
6298.44 11.9918
6302.86 11.9150
6307.27 11.8145
6309.48 11.7411
6311.68 11.6257
6312.79 11.5314
6313.89 11.3809
6314.44 11.2675
6314.99 11.1267
6315.27 11.0753
6315.55 11.1571
6315.68 11.3913
6315.82 12.0544
6315.89 12.7699
6315.96 14.0380
6316.03 16.3621
6316.10 20.6767
6316.18 29.7263
6316.26 39.0561
6316.34 37.4176
6316.42 30.2582
6316.50 25.0885
6316.57 21.6830
6316.65 19.4563
6316.72 17.9660
6316.87 16.1276
6317.01 15.0827
6317.31 13.9752
6317.60 13.4157
6318.19 12.8619
6318.78 12.5908
6319.96 12.3221
6321.13 12.1862
6323.49 12.0419
6325.84 11.9598
6330.55 11.8564
6335.26 11.7834
6344.68 11.6694
6354.10 11.5732
6391.78 11.2536
6467.13 10.7382
6542.49 10.2788
6561.33 10.1590
6580.17 10.0254
6589.59 9.94486
6594.30 9.89649
6599.01 9.83761
6603.72 9.75832
6606.07 9.70390
6608.43 9.63065
6610.78 9.52177
6611.96 9.44243
6613.14 9.33300
6614.31 9.17058
6614.90 9.05604
6615.49 8.90717
6616.08 8.71235
6616.67 8.49178
6616.96 8.44893
6617.11 8.51273
6617.26 8.72945
6617.40 9.30390
6617.55 10.8013
6617.62 12.3684
6617.70 15.0399
6617.77 19.8847
6617.84 28.5496
6617.89 36.7904
6617.93 47.0330
6618.02 65.5083
6618.11 61.7653
6618.20 46.8956
6618.25 39.3667
6618.31 33.6457
6618.42 26.2380
6618.52 21.9244
6618.63 19.2290
6618.74 17.4317
6618.84 16.1677
6619.06 14.5350
6619.27 13.5431
6619.49 12.8846
6619.91 12.0738
6620.34 11.5975
6620.77 11.2871
6621.63 10.9071
6622.48 10.6831
6623.34 10.5353
6625.05 10.3502
6626.77 10.2373
6628.48 10.1595
6631.90 10.0557
6635.33 9.98583
6638.76 9.93258
6645.61 9.85056
6659.31 9.72563
6673.02 9.61794
6700.42 9.40980
6727.83 9.18459
6755.24 8.91225
6768.94 8.74053
6782.65 8.52290
6796.35 8.21696
6803.20 8.00043
6810.06 7.70304
6813.48 7.50456
6816.91 7.25339
6820.33 6.92241
6823.76 6.46267
6825.47 6.15748
6827.19 5.77750
6828.90 5.29306
6830.61 4.66149
6831.47 4.27452
6832.33 3.83614
6833.18 3.35764
6834.04 2.90486
6834.90 2.73755
6835.32 3.02640
6835.75 3.98527
6835.97 4.96385
6836.18 6.52696
6836.39 9.04441
6836.61 13.1662
6836.72 16.1714
6836.82 20.0982
6836.93 25.2773
6837.04 32.1750
6837.14 41.4506
6837.25 54.0244
6837.36 71.1353
6837.46 94.3038
6837.59 131.264
6837.72 178.087
6837.97 263.200
6838.09 269.048
6838.22 247.364
6838.47 178.831
6838.70 128.984
6838.93 96.8075
6839.16 76.1143
6839.39 62.3407
6839.86 45.6851
6840.32 36.3977
6840.78 30.6051
6841.25 26.7185
6842.17 21.8856
6843.10 19.0413
6844.03 17.1845
6844.96 15.8830
6845.88 14.9227
6847.74 13.6031
6849.59 12.7402
6851.44 12.1315
6853.30 11.6784
6857.01 11.0464
6860.71 10.6232
6864.42 10.3169
6868.13 10.0823
6875.55 9.74034
6882.96 9.49534
6897.79 9.14675
6912.63 8.88833
6927.46 8.67122
6957.12 8.28666
7016.45 7.52511
7075.77 6.60091
7105.44 6.01980
7135.10 5.31596
7164.76 4.44037
7194.43 3.32668
7224.09 1.91462
7238.92 1.12412
7253.75 0.411791
7257.46 0.284480
7261.17 0.199018
7264.88 0.174047
7266.73 0.192122
7268.59 0.236044
7270.44 0.310961
7272.29 0.423090
7274.15 0.579965
7276.00 0.790761
7279.71 1.42158
7283.42 2.44019
7287.13 4.04070
7290.83 6.53064
7294.54 10.4134
7298.25 16.5380
7301.96 26.3819
7305.67 42.5796
7309.37 69.8342
7313.08 115.917
7318.28 226.961
7323.47 342.630
7326.07 352.576
7328.67 326.179
7333.86 238.335
7337.55 186.251
7341.23 148.360
7344.92 121.322
7348.60 101.761
7355.97 76.2754
7363.34 60.9523
7370.71 50.9706
7378.08 44.0533
7392.82 35.2183
7407.57 29.8864
7422.31 26.3486
7451.79 21.9682
7481.27 19.3617
7510.75 17.6207
7540.23 16.3595
7569.71 15.3861
7628.68 13.9106
7687.64 12.6759
7717.12 11.9995
7731.86 11.5930
7746.60 11.0882
7761.34 10.3872
7768.72 9.89497
7776.09 9.22530
7779.77 8.78342
7783.46 8.23169
7787.14 7.51938
7790.83 6.56263
7792.67 5.95144
7794.51 5.22155
7796.35 4.34717
7798.20 3.32420
7800.04 2.26804
7800.96 1.90300
7801.42 1.85412
7801.88 1.97738
7802.34 2.38853
7802.80 3.28564
7803.03 4.01926
7803.26 5.02147
7803.49 6.38654
7803.72 8.24189
7803.96 10.7797
7804.19 14.2352
7804.42 18.9877
7804.65 25.5768
7804.88 34.8388
7805.11 47.8441
7805.34 66.2379
7805.57 92.0898
7805.82 131.748
7806.07 182.934
7806.58 278.349
7806.83 287.388
7807.09 267.137
7807.59 198.095
7807.97 154.638
7808.35 123.393
7808.73 101.347
7809.11 85.5667
7809.87 65.1007
7810.63 52.8731
7811.39 44.9116
7812.15 39.4011
7813.67 32.3499
7815.19 28.0855
7816.71 25.2512
7818.23 23.2389
7819.74 21.7394
7822.78 19.6561
7825.82 18.2771
7828.86 17.2946
7831.90 16.5566
7837.97 15.5143
7844.05 14.8038
7850.12 14.2797
7856.20 13.8701
7868.35 13.2522
7880.50 12.7844
7904.81 12.0438
7929.11 11.3592
7941.26 10.9756
7953.42 10.5124
7965.57 9.88204
7971.64 9.44409
7977.72 8.85131
7980.76 8.46135
7983.80 7.97487
7986.83 7.34692
7989.87 6.50241
7991.39 5.96180
7992.91 5.31386
7994.43 4.53400
7995.95 3.61210
7997.47 2.63718
7998.23 2.27473
7998.99 2.27921
7999.37 2.60103
7999.75 3.34508
8000.13 4.82754
8000.32 6.01449
8000.51 7.63452
8000.70 9.87178
8000.89 12.9610
8001.08 17.2564
8001.26 23.2452
8001.45 31.7682
8001.64 43.9556
8001.83 61.4716
8002.02 86.3499
8002.22 122.962
8002.42 170.151
8002.82 258.702
8003.02 267.249
8003.21 248.515
8003.61 184.014
8003.99 134.559
8004.37 102.437
8004.74 81.6304
8005.12 67.6358
8005.88 50.6219
8006.63 41.0148
8007.38 34.9648
8008.14 30.8639
8009.65 25.7101
8011.16 22.6319
8012.66 20.5985
8014.17 19.1582
8015.68 18.0858
8018.70 16.5919
8021.72 15.5979
8024.73 14.8842
8027.75 14.3435
8033.79 13.5676
8039.82 13.0254
8051.89 12.2816
8063.96 11.7548
8076.03 11.3258
8100.17 10.5719
8116.82 10.0485
8133.47 9.46511
8150.12 8.76206
8166.77 7.84527
8175.10 7.25704
8183.42 6.53772
8191.75 5.63356
8200.07 4.46612
8208.40 2.94189
8212.56 2.04472
8216.72 1.14933
8218.80 0.791059
8219.84 0.671371
8220.88 0.618413
8221.92 0.663906
8222.96 0.854413
8224.01 1.25995
8224.53 1.57411
8225.05 1.98534
8226.09 3.19593
8227.13 5.15175
8228.17 8.27774
8229.21 13.2807
8230.25 21.3984
8231.29 34.7745
8232.33 57.2294
8233.37 94.8834
8234.90 190.850
8236.43 292.979
8237.20 303.323
8237.96 282.465
8239.49 209.667
8240.44 170.526
8241.39 140.523
8243.30 101.127
8245.20 78.1043
8247.11 63.6579
8249.01 53.9679
8250.91 47.1186
8254.72 38.1978
8258.53 32.7206
8262.33 29.0499
8269.95 24.4748
8277.56 21.7512
8285.18 19.9476
8292.79 18.6638
8300.40 17.7013
8315.63 16.3471
8330.86 15.4310
8346.09 14.7616
8361.32 14.2444
8391.78 13.4803
8422.23 12.9224
8483.15 12.0997
8544.06 11.4408
8604.97 10.7976
8635.43 10.4301
8650.66 10.2151
8665.89 9.95927
8681.12 9.62507
8688.73 9.40164
8696.34 9.10629
8700.15 8.91407
8703.96 8.67423
8707.77 8.36138
8711.57 7.92827
8713.48 7.63944
8715.38 7.27664
8717.28 6.80548
8719.19 6.17005
8720.14 5.76293
8721.09 5.27575
8722.04 4.69189
8722.99 4.00951
8723.95 3.30888
8724.42 3.07391
8724.90 3.14719
8725.14 3.44600
8725.37 4.08639
8725.61 5.31879
8725.85 7.61243
8725.97 9.41719
8726.09 11.8931
8726.21 15.3155
8726.33 20.0904
8726.44 26.8208
8726.56 36.3972
8726.68 50.0961
8726.80 69.4023
8726.93 98.1807
8727.05 135.251
8727.30 205.311
8727.43 212.457
8727.55 197.736
8727.80 146.527
8728.05 105.618
8728.30 79.6391
8728.55 63.1768
8728.80 52.2813
8729.05 44.7208
8729.30 39.2496
8729.80 31.9799
8730.30 27.4452
8730.80 24.3837
8731.80 20.5593
8732.80 18.2846
8733.80 16.7868
8734.80 15.7286
8735.80 14.9427
8737.80 13.8510
8739.80 13.1280
8741.80 12.6116
8743.80 12.2223
8747.80 11.6689
8751.80 11.2878
8759.79 10.7786
8767.79 10.4336
8775.79 10.1674
8791.78 9.74418
8823.77 9.02890
8855.76 8.26922
8887.75 7.29067
8903.75 6.63808
8919.74 5.79085
8935.74 4.61629
8943.73 3.83359
8951.73 2.86377
8959.73 1.68511
8963.73 1.06411
8967.73 0.566067
8969.73 0.473735
8970.73 0.509106
8971.73 0.628162
8972.73 0.864787
8973.72 1.26670
8974.72 1.90502
8975.72 2.88276
8976.72 4.36009
8977.72 6.58177
8978.72 9.93818
8979.72 15.0599
8980.72 23.0209
8981.72 35.6107
8982.72 55.9069
8983.72 88.6426
8985.27 174.712
8986.81 267.943
8987.58 278.147
8988.35 259.103
8989.89 190.544
8991.28 139.884
8992.66 106.193
8994.05 84.0550
8995.44 69.0301
8998.21 50.6491
9000.99 40.1996
9003.76 33.6036
9006.53 29.1138
9012.08 23.4446
9017.63 20.0237
9023.18 17.7268
9034.27 14.7850
9045.37 12.9015
9056.46 11.5058
9078.65 9.30162
9100.84 7.19149
9111.94 5.98276
9123.03 4.55904
9134.13 2.83353
9139.67 1.86767
9145.22 0.940794
9147.99 0.587873
9149.38 0.477665
9150.77 0.439243
9152.16 0.504596
9153.54 0.720065
9154.93 1.15380
9155.62 1.48231
9156.32 1.90703
9157.70 3.13615
9159.09 5.08278
9160.48 8.13295
9161.86 12.9173
9163.25 20.4893
9164.64 32.6340
9166.02 52.3453
9167.41 84.2370
9169.63 171.641
9171.84 266.267
9172.95 276.853
9174.05 258.791
9176.26 193.141
9177.93 150.797
9179.61 120.238
9181.28 98.6372
9182.95 83.1272
9186.30 63.0127
9189.64 50.9375
9192.99 43.0466
9196.33 37.5486
9203.02 30.4486
9209.72 26.0810
9216.41 23.1152
9229.79 19.2901
9243.17 16.8410
9256.55 15.0410
9283.32 12.2522
9310.08 9.64259
9323.46 8.15287
9336.84 6.38114
9350.23 4.17715
9356.92 2.88915
9363.61 1.55497
9366.95 0.956774
9368.63 0.711547
9370.30 0.529149
9371.97 0.440736
9373.64 0.492181
9374.48 0.590383
9375.32 0.750966
9376.15 0.987746
9376.99 1.31765
9377.83 1.76225
9378.66 2.34659
9380.34 4.07590
9382.01 6.88262
9383.68 11.3717
9385.35 18.5464
9387.03 30.0462
9388.70 48.5649
9390.37 78.0789
9391.82 116.072
9393.27 166.159
9396.17 261.554
9397.62 272.671
9399.07 256.195
9401.97 195.048
9404.73 146.648
9407.49 114.285
9410.25 92.8554
9413.01 78.1720
9418.52 59.9488
9424.04 49.3857
9429.56 42.6102
9435.08 37.9348
9446.11 31.9436
9457.15 28.2833
9468.19 25.8162
9490.26 22.6900
9512.33 20.7717
9534.40 19.4504
9556.47 18.4320
9561.99 18.1868
9567.51 17.9098
9570.27 17.7332
9571.65 17.6215
9573.03 17.4796
9574.41 17.2804
9575.79 16.9534
9576.48 16.6824
9577.16 16.2555
9577.51 15.9448
9577.85 15.5808
9578.03 15.4577
9578.20 15.6243
9578.29 16.0486
9578.37 17.0702
9578.46 19.4452
9578.54 24.9581
9578.59 29.8385
9578.63 36.5135
9578.72 50.2402
9578.81 50.8690
9578.89 42.9989
9579.00 35.2050
9579.10 30.3778
9579.20 27.4040
9579.31 25.4671
9579.51 23.1691
9579.72 21.8901
9580.13 20.5308
9580.54 19.8291
9581.36 19.1132
9582.18 18.7463
9583.83 18.3597
9585.47 18.1459
9587.12 18.0009
9588.76 17.8904
9592.05 17.7219
9598.63 17.4758
9605.21 17.2807
9631.53 16.6815
9684.17 15.8415
9736.81 15.2419
9789.45 14.7808
9894.72 14.0984
10000.0 13.5943
10118.8 13.1265
10178.3 12.9026
10208.0 12.7845
10222.8 12.7210
10230.3 12.6852
10234.0 12.6621
10235.8 12.6426
10236.8 12.6245
10237.2 12.6162
10237.4 12.6356
10237.7 12.8826
10237.8 13.5103
10238.0 13.2892
10238.3 12.8529
10238.6 12.7591
10239.3 12.7038
10240.6 12.6718
10243.2 12.6471
10248.5 12.6164
10259.0 12.5622
10280.0 12.4470
10301.1 12.3095
10322.1 12.1309
10332.6 12.0149
10343.1 11.8697
10353.7 11.6779
10364.2 11.4066
10369.4 11.2207
10374.7 10.9805
10379.9 10.6563
10385.2 10.1924
10387.8 9.87438
10390.5 9.46653
10393.1 8.92464
10395.7 8.17453
10397.0 7.67591
10398.3 7.06594
10399.7 6.29587
10401.0 5.32954
10402.3 4.12973
10402.9 3.49327
10403.6 2.98301
10404.3 2.99414
10404.6 3.55525
10404.9 4.90656
10405.1 6.18656
10405.2 7.95478
10405.4 10.7075
10405.6 14.5057
10405.7 20.4623
10405.9 28.7727
10406.1 40.9855
10406.2 58.7991
10406.4 85.8657
10406.6 121.722
10406.9 189.277
10407.1 198.273
10407.2 186.513
10407.6 142.683
10408.0 100.186
10408.3 75.3378
10408.7 59.8741
10409.1 50.1707
10409.5 43.3741
10409.9 38.6259
10410.7 32.2660
10411.5 28.3101
10412.3 25.6366
10413.9 22.2809
10415.5 20.2747
10417.0 18.9460
10418.6 18.0031
10420.2 17.3039
10423.3 16.3247
10426.5 15.6761
10429.7 15.2145
10432.8 14.8697
10439.1 14.3846
10445.4 14.0597
10451.8 13.8250
10458.1 13.6463
10470.7 13.3895
10483.3 13.2105
10508.6 12.9692
10533.8 12.8053
10559.1 12.6802
10609.6 12.4882
10710.6 12.1992
10811.6 11.9485
10912.6 11.6884
10963.1 11.5389
11013.6 11.3595
11064.2 11.1191
11089.4 10.9533
11114.7 10.7279
11127.3 10.5774
11139.9 10.3858
11152.6 10.1299
11165.2 9.76529
11171.5 9.51503
11177.8 9.19308
11184.1 8.76111
11190.4 8.14926
11193.6 7.73567
11196.7 7.21323
11199.9 6.53420
11203.1 5.62565
11204.6 5.04773
11206.2 4.36446
11207.8 3.56170
11209.4 2.66113
11210.9 1.80380
11211.7 1.57998
11212.5 1.80857
11212.9 2.28435
11213.3 3.17303
11213.7 4.79488
11213.9 6.01376
11214.1 7.52610
11214.3 9.60629
11214.5 12.3465
11214.9 20.4905
11215.3 34.6771
11215.7 59.3466
11216.0 86.6805
11216.2 122.879
11216.8 194.369
11217.1 204.319
11217.4 193.070
11217.9 147.080
11218.3 117.368
11218.7 95.4043
11219.1 79.5815
11219.5 68.2899
11220.4 53.0207
11221.2 43.8285
11222.0 37.6951
11222.8 33.4549
11224.4 27.9639
11226.1 24.5848
11227.7 22.3252
11229.3 20.7146
11230.9 19.5180
11234.2 17.8422
11237.4 16.7374
11240.7 15.9529
11243.9 15.3671
11250.5 14.5491
11257.0 14.0055
11263.5 13.6158
11270.0 13.3224
11283.0 12.9061
11296.0 12.6217
11309.0 12.4118
11322.0 12.2482
11348.0 12.0030
11374.0 11.8199
11400.1 11.6689
11413.1 11.5962
11419.6 11.5511
11422.8 11.5110
11424.5 11.4645
11425.3 11.4165
11425.7 11.4060
11425.9 11.4943
11426.1 12.2472
11426.2 14.2629
11426.4 13.5611
11426.6 12.4133
11426.8 12.0400
11427.3 11.7985
11428.1 11.6653
11429.8 11.5935
11433.3 11.5469
11440.2 11.5013
11454.0 11.4346
11481.5 11.3175
11536.7 11.0960
11591.8 10.8648
11646.9 10.5961
11702.0 10.2422
11729.6 10.0015
11757.2 9.67863
11771.0 9.46582
11784.7 9.19815
11798.5 8.84565
11812.3 8.35197
11819.2 8.01873
11826.1 7.59623
11833.0 7.04008
11839.9 6.27333
11843.3 5.76942
11846.8 5.15231
11850.2 4.37957
11853.7 3.40856
11857.1 2.21256
11858.8 1.58133
11860.5 1.06800
11861.4 0.959190
11862.3 1.08055
11863.1 1.63434
11863.6 2.18614
11864.0 3.02135
11864.4 4.25792
11864.9 6.06968
11865.3 8.71675
11865.7 12.5937
11866.1 18.3045
11866.6 26.7735
11867.0 39.3820
11867.4 58.0406
11867.9 85.5779
11868.3 121.356
11869.2 192.646
11869.6 203.077
11870.0 191.942
11870.9 146.113
11871.6 113.199
11872.3 89.8927
11873.0 73.7598
11873.7 62.3638
11875.2 47.8435
11876.6 39.2597
11878.0 33.7087
11879.4 29.8694
11882.2 24.9733
11885.1 21.9930
11887.9 20.0123
11890.8 18.5962
11893.6 17.5413
11899.3 16.0672
11904.9 15.0869
11910.6 14.3860
11916.3 13.8578
11927.6 13.1088
11938.9 12.5952
11950.3 12.2136
11961.6 11.9125
11984.3 11.4489
12007.0 11.0842
12052.4 10.4535
12097.7 9.76767
12120.4 9.32831
12143.1 8.74936
12154.4 8.37159
12165.8 7.90088
12177.1 7.29014
12188.5 6.45745
12194.1 5.91432
12199.8 5.24900
12205.5 4.41925
12211.1 3.37185
12216.8 2.07475
12219.6 1.37339
12222.5 0.776101
12223.9 0.617247
12225.3 0.680232
12226.0 0.852866
12226.7 1.16951
12227.4 1.68721
12228.1 2.47402
12228.9 3.66960
12229.6 5.43941
12230.3 8.04473
12231.0 11.8820
12231.7 17.5582
12232.4 26.0017
12233.1 38.5990
12233.8 56.9512
12234.5 84.1082
12235.3 120.352
12236.7 193.286
12237.4 204.209
12238.1 193.526
12239.6 147.644
12240.8 113.792
12242.0 90.0508
12243.2 73.7582
12244.5 62.3212
12246.9 47.8295
12249.3 39.2985
12251.8 33.7908
12254.2 29.9831
12259.1 25.1185
12264.0 22.1562
12268.8 20.1786
12273.7 18.7614
12278.6 17.6994
12288.3 16.2030
12298.1 15.1939
12307.8 14.4567
12317.6 13.8842
12337.1 13.0090
12356.6 12.2648
12366.4 11.8438
12371.2 11.5836
12376.1 11.2531
12378.6 11.0417
12381.0 10.7803
12383.4 10.4413
12385.9 9.97586
12387.1 9.66500
12388.3 9.27458
12389.5 8.76793
12390.7 8.08408
12391.4 7.64568
12392.0 7.11999
12392.6 6.48676
12393.2 5.73526
12393.8 4.92170
12394.1 4.58187
12394.4 4.47692
12394.7 5.02619
12394.9 5.83799
12395.0 7.35754
12395.2 10.1137
12395.3 15.0881
12395.4 19.2308
12395.5 24.1146
12395.5 31.6357
12395.6 40.4216
12395.7 59.5061
12395.8 82.7847
12396.0 131.988
12396.1 139.453
12396.2 132.648
12396.5 102.786
12396.6 84.8118
12396.7 71.9016
12397.0 54.0829
12397.3 43.5917
12397.5 37.1576
12397.8 32.6172
12398.1 29.4925
12398.6 25.2802
12399.1 22.6176
12399.7 20.8525
12400.7 18.6242
12401.8 17.2708
12402.8 16.3768
12403.9 15.7367
12405.0 15.2551
12407.1 14.5733
12409.2 14.1150
12411.3 13.7801
12413.5 13.5246
12417.7 13.1524
12422.0 12.8891
12430.5 12.5265
12439.0 12.2748
12447.5 12.0799
12464.5 11.7789
12498.5 11.3350
12532.5 10.9749
12594.5 10.3719
12656.5 9.71990
12687.5 9.33525
12718.4 8.87801
12733.9 8.60588
12749.4 8.28303
12757.2 8.08616
12764.9 7.83498
12768.8 7.66213
12770.8 7.54987
12772.7 7.40633
12774.6 7.20296
12776.6 6.87309
12777.5 6.60308
12778.5 6.18999
12779.0 5.90538
12779.5 5.64010
12779.7 5.65115
12779.9 6.14782
12780.1 6.93922
12780.2 8.68321
12780.3 12.6612
12780.4 16.3718
12780.4 23.1867
12780.5 30.6866
12780.5 40.2514
12780.6 60.9537
12780.7 63.1249
12780.8 59.1327
12780.9 45.8395
12780.9 36.0558
12781.0 29.8703
12781.1 25.5121
12781.2 22.3848
12781.3 18.3349
12781.5 15.9059
12781.8 13.2223
12782.1 11.8109
12782.8 10.3807
12783.4 9.66635
12784.1 9.23795
12784.7 8.95081
12786.0 8.58496
12787.3 8.35548
12788.5 8.19276
12791.1 7.96524
12793.7 7.80060
12796.2 7.66700
12801.4 7.44184
12821.8 6.65014
12842.3 5.75352
12862.8 4.61257
12883.3 3.10106
12893.6 2.17892
12903.8 1.18879
12909.0 0.721540
12914.1 0.356124
12916.6 0.252295
12919.2 0.238829
12921.8 0.361330
12923.0 0.493775
12924.3 0.688326
12925.6 0.961747
12926.9 1.32775
12929.4 2.43809
12932.0 4.27987
12934.6 7.27204
12937.1 12.1053
12939.7 19.9298
12942.2 32.6372
12944.8 53.1248
12947.0 79.6033
12949.2 115.222
12953.6 187.993
12955.8 199.783
12958.0 190.381
12962.4 146.781
12965.9 115.954
12969.3 93.5904
12972.8 77.7441
12976.3 66.3426
12983.2 51.5315
12990.1 42.6059
12997.0 36.7566
13003.9 32.6712
13017.8 27.3927
13031.6 24.1575
13045.5 21.9815
13059.3 20.4199
13073.1 19.2443
13100.8 17.5874
13128.5 16.4690
13156.2 15.6545
13183.9 15.0270
13239.2 14.0957
13294.6 13.3859
13322.3 13.0571
13350.0 12.6991
13363.8 12.4759
13370.7 12.3360
13377.6 12.1582
13384.6 11.9060
13388.0 11.7253
13391.5 11.4745
13393.2 11.3055
13394.9 11.0899
13396.7 10.8029
13398.4 10.3991
13399.3 10.1256
13400.1 9.78459
13401.0 9.33604
13401.9 8.73887
13402.7 7.89438
13403.2 7.35335
13403.6 6.72354
13404.0 6.05243
13404.3 5.80086
13404.5 5.76662
13404.7 6.29768
13404.9 8.22176
13405.0 10.4799
13405.1 14.4503
13405.2 21.4332
13405.3 33.3149
13405.4 47.2912
13405.5 65.6141
13405.7 105.846
13405.8 112.344
13405.8 107.206
13406.0 84.8987
13406.1 66.8766
13406.3 54.8566
13406.4 46.4920
13406.6 40.5480
13406.9 32.7069
13407.1 28.2181
13407.4 25.1948
13407.7 23.1676
13408.3 20.5061
13408.8 18.8820
13409.4 17.7934
13410.0 17.0147
13410.6 16.4308
13411.7 15.6138
13412.8 15.0690
13414.0 14.6791
13415.1 14.3855
13417.4 13.9707
13419.7 13.6891
13422.0 13.4831
13424.2 13.3248
13428.8 13.0908
13433.3 12.9222
13442.4 12.6812
13451.6 12.5034
13460.7 12.3560
13478.9 12.1026
13515.3 11.6334
13551.8 11.1025
13570.0 10.7762
13588.2 10.3784
13606.4 9.86701
13624.7 9.16462
13633.8 8.69772
13642.9 8.11138
13652.0 7.35010
13661.1 6.32105
13665.7 5.65916
13670.2 4.86516
13674.8 3.90222
13679.3 2.75103
13683.9 1.46827
13686.2 0.899280
13687.3 0.699192
13688.4 0.614180
13689.6 0.721495
13690.7 1.15441
13691.3 1.55795
13691.8 2.13808
13692.4 2.94994
13693.0 4.06757
13693.6 5.59101
13694.1 7.65631
13694.7 10.4493
13695.3 14.2242
13695.8 19.3271
13696.4 26.2226
13697.5 47.6780
13698.4 72.3648
13699.2 105.325
13700.8 172.573
13701.6 183.643
13702.4 175.331
13704.0 136.457
13705.8 99.9851
13707.6 76.8593
13709.4 62.1230
13711.1 52.3975
13712.9 45.5740
13714.7 40.6317
13718.2 33.9756
13721.8 29.7642
13725.3 26.8833
13732.4 23.2222
13739.5 21.0047
13746.6 19.5213
13753.7 18.4594
13760.8 17.6622
13775.0 16.5390
13789.2 15.7831
13803.4 15.2362
13817.6 14.8196
13846.0 14.2191
13874.4 13.7998
13931.2 13.2316
13988.0 12.8430
14044.8 12.5422
14101.5 12.2858
14129.9 12.1595
14144.1 12.0801
14151.2 12.0062
14154.8 11.9078
14156.6 11.7626
14157.4 11.5807
14157.9 11.4773
14158.1 11.6582
14158.2 12.1681
14158.3 13.8206
14158.4 16.6958
14158.5 20.1367
14158.6 20.3443
14158.6 18.3777
14158.8 16.1623
14158.9 14.9134
14159.1 13.7404
14159.5 12.9515
14160.4 12.5055
14162.1 12.2776
14165.6 12.1556
14172.5 12.0760
14186.4 11.9983
14214.1 11.8842
14269.5 11.6772
14380.3 11.2383
14435.7 10.9613
14463.4 10.7865
14491.1 10.5642
14518.8 10.2494
14532.7 10.0250
14546.5 9.71414
14553.5 9.50479
14560.4 9.23762
14567.3 8.88140
14574.2 8.37856
14577.7 8.03724
14581.2 7.60491
14584.6 7.03725
14588.1 6.26036
14589.8 5.75254
14591.6 5.13911
14593.3 4.38659
14595.0 3.46552
14596.8 2.39686
14597.6 1.87985
14598.5 1.54576
14599.4 1.79880
14599.8 2.45885
14600.2 3.85430
14600.4 5.03015
14600.7 6.67467
14600.9 8.96737
14601.1 11.9936
14601.3 16.3864
14601.5 22.1975
14601.7 30.6287
14601.9 41.6799
14602.2 62.3237
14602.5 90.3018
14603.1 147.114
14603.3 157.009
14603.6 150.019
14604.2 116.742
14604.8 84.7353
14605.4 64.6349
14606.0 52.0763
14606.6 43.8272
14607.3 38.1174
14607.9 33.9829
14609.1 28.4674
14610.4 24.9998
14611.6 22.6386
14614.1 19.6520
14616.6 17.8523
14619.0 16.6532
14621.5 15.7979
14624.0 15.1571
14629.0 14.2598
14633.9 13.6597
14638.9 13.2280
14643.8 12.9015
14653.8 12.4338
14663.7 12.1099
14683.5 11.6747
14703.3 11.3769
14723.2 11.1436
14762.8 10.7559
14802.5 10.3791
14822.4 10.1644
14842.2 9.90565
14862.0 9.55626
14871.9 9.31480
14881.9 8.98764
14886.8 8.77048
14891.8 8.49620
14896.7 8.13442
14901.7 7.62894
14904.2 7.29024
14906.7 6.86370
14909.1 6.30960
14911.6 5.56270
14912.9 5.08536
14914.1 4.51531
14915.3 3.83332
14916.6 3.03385
14917.8 2.19232
14918.4 1.86777
14919.1 1.81013
14919.7 2.47371
14920.0 3.40573
14920.3 5.11712
14920.6 8.17714
14920.8 10.5981
14920.9 13.6297
14921.1 17.9603
14921.2 23.3969
14921.5 40.0776
14921.7 59.1647
14922.0 84.9086
14922.4 138.390
14922.6 147.736
14922.8 141.465
14923.3 109.845
14923.7 85.8477
14924.0 69.1393
14924.4 57.4495
14924.7 49.1229
14925.5 38.3050
14926.2 31.9560
14926.9 27.7691
14927.6 24.9011
14929.1 21.2053
14930.5 18.9343
14932.0 17.4235
14933.4 16.3356
14934.9 15.5257
14937.7 14.3877
14940.6 13.6282
14943.5 13.0837
14946.4 12.6725
14952.2 12.0875
14958.0 11.6872
14963.8 11.3905
14969.5 11.1580
14981.1 10.8064
14992.7 10.5414
15015.8 10.1333
15062.1 9.47759
15108.3 8.81079
15154.6 7.97948
15177.7 7.43965
15200.8 6.75331
15224.0 5.81738
15235.5 5.19165
15247.1 4.39403
15258.7 3.32721
15264.5 2.64892
15270.2 1.85255
15276.0 0.977525
15278.9 0.589782
15280.4 0.452931
15281.8 0.396300
15283.2 0.477192
15284.7 0.794022
15285.4 1.09655
15286.1 1.53094
15286.9 2.14707
15287.6 3.00969
15288.3 4.22970
15289.0 5.90586
15289.7 8.24172
15290.5 11.5141
15291.2 16.2065
15291.9 22.7963
15292.6 32.1981
15293.4 45.5672
15294.1 66.3283
15294.9 94.2144
15296.5 153.302
15297.3 164.035
15298.1 156.520
15299.7 118.419
15300.7 95.2707
15301.7 77.7305
15303.8 54.9558
15305.9 41.9342
15308.0 33.8734
15310.0 28.5080
15312.1 24.7206
15316.2 19.7659
15320.4 16.6709
15324.5 14.5367
15332.8 11.7133
15341.1 9.81796
15349.3 8.34847
15365.9 5.90185
15382.5 3.54796
15390.7 2.32959
15399.0 1.15444
15403.1 0.657644
15405.2 0.462203
15407.3 0.322852
15409.4 0.262851
15411.4 0.314710
15413.5 0.524254
15415.6 0.953908
15417.6 1.70104
15419.7 2.89988
15421.8 4.74939
15423.8 7.54341
15425.9 11.7171
15428.0 17.9101
15430.0 27.0359
15432.1 40.2290
15434.5 62.4948
15436.9 92.9139
15441.7 156.267
15444.1 167.830
15446.6 161.578
15451.4 127.604
15455.7 100.213
15460.0 80.7578
15464.3 67.2898
15468.6 57.7562
15477.1 45.5312
15485.7 38.2240
15494.3 33.4290
15502.9 30.0688
15520.0 25.6964
15537.2 22.9815
15554.3 21.1334
15588.6 18.7680
15617.1 17.5137
15645.6 16.6046
15702.6 15.3531
15759.5 14.5035
15816.5 13.8552
15873.5 13.2999
15930.4 12.7370
15958.9 12.3895
15973.1 12.1688
15987.4 11.8837
15994.5 11.7000
16001.6 11.4711
16008.7 11.1715
16015.9 10.7522
16019.4 10.4685
16023.0 10.1063
16026.5 9.62486
16030.1 8.95030
16031.9 8.49947
16033.7 7.93494
16035.4 7.20943
16037.2 6.25006
16039.0 4.95242
16039.9 4.14726
16040.8 3.26108
16041.7 2.45151
16042.1 2.24324
16042.6 2.42373
16043.0 3.50306
16043.2 4.67314
16043.5 6.57648
16043.7 9.78987
16043.9 14.7028
16044.1 22.4339
16044.3 34.4415
16044.6 52.4327
16044.8 77.1639
16045.2 127.910
16045.4 137.513
16045.7 132.486
16046.1 105.388
16046.4 86.9575
16046.7 72.8164
16047.0 62.3268
16047.3 54.5003
16047.9 43.9385
16048.6 37.4201
16049.2 32.9587
16049.8 29.7920
16051.0 25.6633
16052.3 23.0742
16053.5 21.3331
16054.7 20.0682
16056.0 19.1226
16058.4 17.7874
16060.9 16.8940
16063.4 16.2537
16065.8 15.7715
16070.8 15.0912
16075.7 14.6311
16080.7 14.2966
16085.6 14.0407
16095.5 13.6680
16105.3 13.4045
16125.1 13.0398
16144.8 12.7829
16164.6 12.5796
16204.1 12.2504
16283.1 11.6992
16362.1 11.1384
16441.1 10.4380
16480.6 9.97116
16520.1 9.35290
16559.6 8.45346
16579.4 7.81205
16599.1 6.94422
16609.0 6.38060
16618.9 5.69220
16628.7 4.83215
16638.6 3.74023
16648.5 2.35341
16653.4 1.56355
16658.4 0.799829
16660.8 0.499375
16663.3 0.346608
16664.5 0.368167
16665.8 0.490633
16667.0 0.757522
16668.2 1.22296
16669.5 1.97948
16670.7 3.13722
16671.9 4.89702
16673.2 7.49799
16674.4 11.3861
16675.6 17.0916
16676.9 25.4931
16678.1 37.7402
16679.5 57.6425
16680.9 84.6062
16683.6 142.216
16685.0 153.562
16686.4 148.085
16689.2 116.083
16692.0 87.8753
16694.7 68.8837
16697.5 56.3476
16700.2 47.8120
16702.9 41.7102
16705.7 37.1987
16711.2 31.0543
16716.7 27.0915
16722.2 24.3463
16733.2 20.7814
16744.2 18.5466
16755.1 16.9793
16777.1 14.7901
16799.1 13.0612
16810.1 12.1710
16821.1 11.1361
16832.1 9.76997
16837.6 8.84877
16843.0 7.65109
16848.5 6.00048
16851.3 4.92433
16854.0 3.64201
16856.8 2.18473
16858.2 1.49451
16859.5 1.02400
16860.2 0.990551
16860.9 1.22265
16861.6 1.89952
16862.3 3.29750
16862.6 4.45236
16863.0 5.97605
16863.3 8.01937
16863.6 10.7439
16864.3 19.3025
16865.0 33.8741
16865.6 53.0570
16866.2 79.5656
16867.3 135.656
16867.9 146.386
16868.4 141.861
16869.6 113.771
16870.5 91.6834
16871.5 75.4354
16872.4 63.8622
16873.4 55.4942
16875.3 44.5402
16877.2 37.8644
16879.1 33.4412
16881.0 30.3196
16884.8 26.2311
16888.6 23.6815
16892.4 21.9397
16900.0 19.7035
16907.6 18.3145
16915.2 17.3542
16930.4 16.0810
16945.6 15.2401
16960.8 14.6123
16991.2 13.6519
17021.6 12.8071
17036.8 12.3458
17052.0 11.7924
17067.2 11.0376
17074.8 10.5105
17082.4 9.79402
17086.2 9.32165
17090.0 8.73195
17093.8 7.97111
17097.6 6.94977
17101.4 5.51643
17103.3 4.57589
17105.2 3.45386
17107.1 2.20453
17108.0 1.63607
17109.0 1.30082
17109.4 1.33889
17109.9 1.63301
17110.4 2.36682
17110.9 3.78973
17111.3 6.45613
17111.6 8.49920
17111.8 11.0878
17112.3 19.1313
17112.8 32.8380
17113.2 51.1153
17113.6 76.4515
17114.3 129.736
17114.7 140.129
17115.1 135.576
17115.9 108.362
17116.6 88.1796
17117.2 73.0662
17117.8 62.1201
17118.4 54.1050
17119.7 43.4874
17120.9 36.9961
17122.1 32.6341
17123.4 29.5727
17125.8 25.5424
17128.3 23.0279
17130.8 21.3269
17133.2 20.0964
17135.7 19.1643
17140.7 17.8410
17145.6 16.9455
17150.6 16.2922
17155.5 15.7924
17165.4 15.0652
17175.3 14.5492
17195.0 13.8266
17214.8 13.2909
17234.6 12.8036
17244.5 12.5328
17249.4 12.3731
17254.4 12.1798
17259.3 11.9186
17261.8 11.7388
17264.3 11.4957
17266.7 11.1324
17268.0 10.8651
17269.2 10.4967
17270.5 9.93995
17271.1 9.54083
17271.7 9.01903
17272.3 8.29190
17272.9 7.30341
17273.2 6.77721
17273.5 6.58919
17273.7 7.05005
17273.9 8.52762
17274.0 12.5352
17274.1 16.8621
17274.2 23.0601
17274.2 33.3042
17274.3 46.0388
17274.4 72.9431
17274.5 78.4463
17274.6 76.5948
17274.7 62.1001
17274.9 50.7270
17275.0 42.0121
17275.1 36.0157
17275.2 32.0797
17275.5 26.7666
17275.7 23.5831
17276.0 21.4304
17276.2 19.9918
17276.7 18.1227
17277.3 16.9502
17277.8 16.1749
17278.8 15.1919
17279.8 14.5883
17280.8 14.1845
17282.8 13.6645
17284.8 13.3373
17286.8 13.1083
17290.8 12.7934
17294.9 12.5718
17298.9 12.3962
17306.9 12.1070
17323.0 11.5938
17339.1 11.0197
17347.1 10.6654
17355.2 10.2325
17363.2 9.67454
17371.3 8.91146
17375.3 8.40604
17379.3 7.77778
17383.3 6.97223
17387.4 5.90523
17391.4 4.44432
17393.4 3.52413
17395.4 2.48275
17397.4 1.45340
17398.4 1.09863
17399.4 1.10128
17399.9 1.37531
17400.4 1.95517
17400.9 3.01187
17401.4 4.81118
17402.0 7.85400
17402.5 12.7190
17403.0 20.5386
17403.5 32.9093
17403.9 51.2834
17404.4 76.1275
17405.4 129.668
17405.9 140.199
17406.4 135.923
17407.3 108.668
17408.2 86.9353
17409.0 71.2469
17409.8 60.0096
17410.6 52.0317
17412.2 41.5853
17413.9 35.2674
17415.5 31.1067
17417.1 28.1858
17420.4 24.3951
17423.6 22.0441
17426.9 20.4571
17430.1 19.3088
17433.4 18.4438
17439.9 17.2192
17446.4 16.3920
17452.9 15.7924
17459.4 15.3349
17472.5 14.6755
17485.5 14.2151
17511.5 13.5899
17537.6 13.1557
17563.6 12.8011
17576.6 12.6266
17583.1 12.5319
17589.6 12.4240
17596.2 12.2878
17599.4 12.1979
17602.7 12.0795
17605.9 11.9045
17607.6 11.7760
17609.2 11.5968
17610.8 11.3189
17612.4 10.8239
17613.3 10.3906
17614.1 9.69482
17614.5 9.17077
17614.9 8.54770
17615.1 8.28679
17615.3 8.42192
17615.5 10.2068
17615.6 13.1128
17615.7 19.6279
17615.7 26.3397
17615.8 35.8792
17615.9 54.5517
17616.0 57.3777
17616.1 47.2693
17616.2 40.4954
17616.3 35.3014
17616.5 28.4815
17616.6 24.3072
17616.8 21.8615
17617.1 18.9553
17617.4 17.4124
17618.1 15.7479
17618.8 14.9116
17619.4 14.3982
17620.1 14.0596
17621.4 13.6324
17622.7 13.3707
17624.0 13.1935
17626.6 12.9659
17629.2 12.8212
17631.8 12.7187
17637.0 12.5759
17642.3 12.4747
17647.5 12.3945
17658.0 12.2665
17678.9 12.0653
17699.8 11.8929
17783.4 11.2547
17825.2 10.9048
17867.1 10.4767
17888.0 10.1947
17898.4 10.0171
17908.9 9.79435
17919.3 9.48587
17924.6 9.27060
17929.8 8.97852
17932.4 8.78410
17935.0 8.53977
17937.6 8.21839
17940.2 7.77134
17941.5 7.47194
17942.9 7.09621
17944.2 6.61052
17945.5 5.96640
17946.8 5.06847
17947.4 4.49739
17948.1 3.84050
17948.7 3.16189
17949.4 2.90629
17949.7 3.47512
17950.0 5.45628
17950.2 7.76987
17950.4 11.4876
17950.5 17.7261
17950.7 28.2588
17950.8 42.1692
17951.0 60.1130
17951.2 100.086
17951.4 107.975
17951.5 104.283
17951.8 82.5579
17951.9 68.4682
17952.1 57.1187
17952.3 48.7246
17952.5 42.7738
17952.9 34.2944
17953.3 29.1553
17953.6 25.6225
17954.0 23.1879
17954.8 19.9542
17955.5 17.9531
17956.3 16.6009
17957.7 14.9053
17959.2 13.8740
17960.7 13.1873
17962.2 12.6901
17963.7 12.3164
17966.7 11.7806
17969.7 11.4136
17975.7 10.9263
17981.7 10.6003
17987.7 10.3531
17999.6 9.96803
18023.6 9.33500
18047.5 8.66981
18071.4 7.80286
18083.4 7.21420
18095.4 6.43697
18107.3 5.33295
18113.3 4.57920
18119.3 3.62300
18125.3 2.39992
18128.3 1.69469
18131.3 0.993563
18132.8 0.702291
18134.3 0.529145
18135.8 0.597510
18136.5 0.793484
18137.3 1.15419
18138.0 1.76297
18138.8 2.72566
18139.5 4.20566
18140.3 6.41330
18141.0 9.77845
18141.8 14.8442
18142.5 22.4542
18143.2 33.6007
18144.0 51.2285
18144.8 75.4741
18146.4 127.707
18147.2 138.383
18148.0 133.930
18149.6 105.488
18150.9 84.1630
18152.1 68.4100
18153.4 57.1703
18154.7 49.0497
18157.2 38.4566
18159.7 32.0621
18162.2 27.8327
18164.7 24.8758
18169.8 21.0181
18174.8 18.6234
18179.8 16.9961
18189.9 14.9042
18200.0 13.5893
18210.0 12.6610
18230.1 11.3637
18250.3 10.4125
18270.4 9.60023
18310.7 8.03955
18350.9 6.20771
18371.1 5.06168
18391.2 3.68427
18411.3 2.05299
18421.4 1.19588
18431.4 0.455658
18436.5 0.225395
18439.0 0.178751
18441.5 0.198589
18444.0 0.307182
18446.5 0.532877
18449.1 0.916685
18451.6 1.50796
18454.1 2.38254
18456.6 3.63543
18459.1 5.39856
18461.6 7.84026
18464.2 11.2226
18466.7 15.8407
18469.2 22.1506
18471.7 30.6092
18475.5 48.8924
18479.4 74.3381
18487.0 129.460
18490.8 140.726
18494.7 137.041
18502.3 110.420
18511.3 81.8679
18520.4 63.7013
18529.4 52.2479
18538.4 44.6552
18547.5 39.3500
18556.5 35.4725
18574.6 30.2323
18592.6 26.8801
18610.7 24.5588
18646.8 21.5520
18682.9 19.6739
18719.0 18.3702
18791.3 16.6086
18863.5 15.3416
18899.7 14.7557
18935.8 14.1272
18971.9 13.3541
18990.0 12.8465
19008.0 12.1767
19017.0 11.7406
19026.1 11.1969
19035.1 10.4904
19044.1 9.52227
19048.7 8.88529
19053.2 8.09959
19057.7 7.10261
19062.2 5.81189
19066.7 4.10891
19069.0 3.08297
19071.2 1.99370
19073.5 1.04465
19074.6 0.826349
19075.7 1.05615
19076.3 1.47880
19076.9 2.21487
19077.4 3.43601
19078.0 5.30669
19078.6 8.20374
19079.1 12.4633
19079.7 18.7322
19080.3 27.8037
19081.0 44.9915
19081.7 68.8144
19083.1 120.303
19083.8 131.001
19084.5 127.883
19086.0 104.253
19087.3 82.8243
19088.7 67.6066
19090.0 57.1277
19091.3 49.7851
19094.0 40.3421
19096.7 34.6913
19099.4 30.9840
19102.1 28.3826
19107.5 24.9911
19112.9 22.8842
19118.2 21.4485
19123.6 20.4053
19129.0 19.6108
19139.8 18.4737
19150.5 17.6900
19172.0 16.6535
19193.6 15.9670
19215.1 15.4493
19258.1 14.6302
19301.2 13.8549
19322.7 13.4017
19344.2 12.8314
19355.0 12.4678
19365.7 12.0177
19376.5 11.4334
19387.3 10.6271
19392.6 10.0908
19398.0 9.41835
19403.4 8.54829
19408.8 7.37958
19414.2 5.74337
19416.9 4.67425
19419.5 3.40427
19422.2 1.99304
19423.6 1.34029
19424.9 0.923223
19425.6 0.913047
19426.3 1.14940
19426.9 1.77895
19427.6 3.04053
19428.0 4.03859
19428.3 5.36778
19429.0 9.33768
19429.6 16.0001
19430.3 26.8882
19431.0 43.5684
19431.6 66.7115
19432.9 117.430
19433.6 128.045
19434.2 125.200
19435.5 102.219
19436.6 83.8571
19437.7 70.1676
19438.7 60.2228
19439.8 52.9205
19441.9 43.1707
19444.0 37.1697
19446.2 33.1364
19448.3 30.2861
19452.5 26.5309
19456.8 24.1767
19461.0 22.5705
19465.3 21.4052
19469.5 20.5226
19478.0 19.2658
19486.5 18.4129
19495.0 17.7910
19503.5 17.3152
19520.5 16.6248
19537.5 16.1374
19571.5 15.4594
19605.4 14.9551
19622.4 14.7201
19639.4 14.4701
19656.4 14.1675
19664.9 13.9711
19673.4 13.7127
19677.6 13.5434
19681.9 13.3303
19686.1 13.0484
19690.4 12.6509
19692.5 12.3789
19694.6 12.0316
19696.8 11.5681
19698.9 10.9160
19699.9 10.4742
19701.0 9.92401
19702.1 9.21410
19703.1 8.26949
19704.2 6.97567
19704.7 6.15636
19705.2 5.22273
19705.8 4.27275
19706.3 3.79392
19706.6 4.29130
19706.8 6.11793
19707.0 8.18992
19707.1 11.2947
19707.2 16.1298
19707.4 23.5744
19707.5 36.4088
19707.7 54.7616
19708.0 93.7564
19708.1 102.472
19708.2 100.759
19708.5 82.9583
19708.8 66.6008
19709.1 55.0002
19709.4 46.7748
19709.7 41.2096
19710.0 37.0235
19710.2 33.9906
19710.8 29.7043
19711.4 26.9076
19712.0 24.9534
19713.1 22.4188
19714.2 20.8547
19715.4 19.7963
19716.5 19.0332
19717.6 18.4614
19719.9 17.6466
19722.2 17.0983
19724.5 16.7027
19726.8 16.4040
19731.3 15.9762
19735.9 15.6832
19740.4 15.4663
19745.0 15.2978
19754.1 15.0467
19763.2 14.8628
19781.4 14.5958
19799.6 14.3951
19817.8 14.2258
19854.3 13.9246
19890.7 13.6221
19927.1 13.2639
19945.4 13.0371
19963.6 12.7505
19981.8 12.3585
19990.9 12.0956
20000.0 11.7603
20006.7 11.4440
20013.4 11.0397
20020.1 10.5013
20026.8 9.74459
20030.2 9.23610
20033.6 8.59874
20036.9 7.77219
20040.3 6.67151
20043.6 5.14858
20045.3 4.17487
20047.0 3.05938
20048.7 1.89096
20049.5 1.41998
20050.3 1.23479
20051.2 1.74815
20051.6 2.53099
20052.0 3.92977
20052.4 6.28792
20052.9 10.1441
20053.3 16.3244
20053.7 25.7295
20054.1 41.4442
20054.6 63.1112
20055.5 110.491
20055.9 120.781
20056.3 118.207
20057.2 96.6800
20058.0 78.0808
20058.8 64.6177
20059.6 54.9707
20060.3 48.1256
20061.9 39.1472
20063.4 33.7006
20065.0 30.1015
20066.5 27.5668
20069.6 24.2645
20072.7 22.2074
20075.8 20.8148
20078.9 19.8051
20082.0 19.0439
20088.2 17.9642
20094.4 17.2369
20100.6 16.7108
20106.8 16.3107
20119.2 15.7369
20131.5 15.3394
20143.9 15.0416
20156.3 14.8056
20181.1 14.4413
20205.8 14.1548
20255.4 13.6648
20304.9 13.1390
20329.7 12.8016
20354.5 12.3519
20366.8 12.0540
20379.2 11.6771
20391.6 11.1768
20404.0 10.4732
20410.2 9.99774
20416.4 9.39648
20422.6 8.60989
20428.8 7.53889
20435.0 6.01001
20438.1 4.98670
20441.1 3.74264
20444.2 2.28295
20445.8 1.54731
20447.3 0.966802
20448.1 0.826383
20448.9 0.890218
20449.7 1.30096
20450.4 2.28014
20450.8 3.10917
20451.2 4.25415
20451.6 5.81165
20452.0 7.84607
20452.8 14.1977
20453.5 25.0796
20454.2 40.8093
20454.9 62.7564
20456.3 111.415
20457.0 121.942
20457.7 119.557
20459.1 97.8990
20460.5 76.2062
20462.0 61.4791
20463.4 51.6616
20464.9 44.8985
20466.3 40.0466
20467.8 36.4343
20470.7 31.4683
20473.6 28.2481
20476.5 26.0057
20482.3 23.1044
20488.1 21.3138
20493.9 20.1043
20499.7 19.2314
20505.5 18.5712
20517.1 17.6361
20528.7 17.0034
20540.3 16.5426
20551.9 16.1890
20575.1 15.6672
20598.3 15.2658
20610.0 15.0678
20615.8 14.9559
20621.6 14.8220
20627.4 14.6407
20630.3 14.5141
20633.2 14.3399
20636.1 14.0731
20637.5 13.8729
20639.0 13.5881
20640.4 13.1462
20641.1 12.8149
20641.9 12.3612
20642.6 11.6822
20643.3 10.6188
20643.7 9.83019
20644.0 8.93086
20644.2 8.58298
20644.4 8.70555
20644.6 10.5562
20644.7 13.2707
20644.8 18.7921
20644.8 25.7695
20644.9 34.4903
20645.0 56.6607
20645.0 16.5244
24000.0 16.1820
26000.0 15.9779
28000.0 15.7738
30000.0 15.5697
32000.0 15.4477
34000.0 15.3256
36000.0 15.2036
38000.0 15.0816
40000.0 14.9595
42000.0 14.8429
44000.0 14.7263
46000.0 14.6096
48000.0 14.4930
50000.0 14.3764
52000.0 14.2637
54000.0 14.1511
55000.0 14.0948
56000.0 14.0385
58000.0 13.9259
60000.0 13.8132
62000.0 13.7375
64000.0 13.6618
66000.0 13.5862
68000.0 13.5105
70000.0 13.4348
72000.0 13.3621
74000.0 13.2894
76000.0 13.2167
78000.0 13.1440
80000.0 13.0713
82000.0 13.0013
84000.0 12.9312
86000.0 12.8611
88000.0 12.7910
90000.0 12.7209
100000 12.3815
110000 12.1345
120000 11.8875
130000 11.6405
140000 11.3935
150000 11.1466
160000 10.9371
170000 10.7276
180000 10.5182
190000 10.3087
200000 10.0993
220000 9.77521
240000 9.45115
250000 9.28913
260000 9.15076
280000 8.87402
300000 8.59729
320000 8.31823
350000 7.89963
352127 7.87213
357515 7.80248
400000 7.52035
450000 7.09532
500000 6.73360
550000 6.42364
600000 6.16177
650000 5.91162
692238 5.72918
700000 5.75460
750000 5.60104
800000 5.47557
850000 5.37325
881378 5.32027
881379 5.32027
900000 5.29680
950000 5.23863
1.00000E+06 5.19676
1.02026E+06 5.17467
1.02027E+06 5.17466
1.10000E+06 5.14351
1.14115E+06 5.13834
1.14116E+06 5.13834
1.20000E+06 5.16827
1.27675E+06 5.18606
1.29997E+06 5.19537
1.30000E+06 5.19539
1.36859E+06 5.23837
1.38067E+06 5.25833
1.38067E+06 5.25833
1.40000E+06 5.29068
1.40995E+06 5.29555
1.40995E+06 5.29555
1.43710E+06 5.31373
1.45449E+06 5.32652
1.50000E+06 5.37706
1.53365E+06 5.41581
1.53366E+06 5.41582
1.54371E+06 5.42772
1.60000E+06 5.50101
1.61275E+06 5.51052
1.61803E+06 5.51597
1.68589E+06 5.58937
1.68589E+06 5.58937
1.68846E+06 5.59297
1.70000E+06 5.60913
1.76369E+06 5.69952
1.76369E+06 5.69952
1.80000E+06 5.75454
1.80433E+06 5.75573
1.80433E+06 5.75573
1.81158E+06 5.75915
1.83006E+06 5.77049
1.83006E+06 5.77049
1.83261E+06 5.77190
1.83262E+06 5.77191
1.83511E+06 5.77370
1.85686E+06 5.79241
1.86320E+06 5.79913
1.86320E+06 5.79913
1.89269E+06 5.83523
1.89269E+06 5.83523
1.89786E+06 5.84186
1.90000E+06 5.84502
1.91149E+06 5.86204
1.92842E+06 5.88704
2.00000E+06 6.03535
2.10000E+06 6.16723
2.20000E+06 6.29461
2.30000E+06 6.41462
2.40000E+06 6.52793
2.43915E+06 6.56907
2.43915E+06 6.56907
2.50000E+06 6.63084
2.56600E+06 6.69447
2.59530E+06 6.72149
2.60000E+06 6.72584
2.64726E+06 6.76641
2.70000E+06 6.80956
2.80000E+06 6.88488
2.84913E+06 6.91754
2.85126E+06 6.91895
2.90000E+06 6.94936
2.91685E+06 6.95939
2.96421E+06 6.98627
3.00000E+06 7.00543
3.10000E+06 7.05171
3.20000E+06 7.09028
3.30000E+06 7.11968
3.40000E+06 7.14218
3.50000E+06 7.15612
3.60000E+06 7.16385
3.70000E+06 7.16340
3.80000E+06 7.15776
3.90000E+06 7.14418
4.00000E+06 7.12641
4.20000E+06 7.07311
4.40000E+06 7.00166
4.60000E+06 6.91588
4.73162E+06 6.85259
4.80000E+06 6.81892
5.00000E+06 6.71341
5.20000E+06 6.60122
5.40000E+06 6.48370
5.60000E+06 6.36223
5.69298E+06 6.30431
5.79689E+06 6.24020
5.80000E+06 6.23823
5.81793E+06 6.22700
5.82550E+06 6.22218
6.00000E+06 6.11345
6.05302E+06 6.08040
6.12255E+06 6.03725
6.15353E+06 6.01813
6.15353E+06 6.01813
6.20000E+06 5.98969
6.22914E+06 5.97180
6.28773E+06 5.93609
6.34101E+06 5.90382
6.40000E+06 5.86849
6.41737E+06 5.85818
6.60000E+06 5.75174
6.78469E+06 5.64894
6.78469E+06 5.64894
6.80000E+06 5.64069
6.85946E+06 5.60969
7.00000E+06 5.53643
7.03265E+06 5.52032
7.03265E+06 5.52032
7.07599E+06 5.49911
7.11106E+06 5.48216
7.11107E+06 5.48216
7.11541E+06 5.48012
7.11737E+06 5.47921
7.14546E+06 5.46575
7.17205E+06 5.45318
7.20000E+06 5.44012
7.33070E+06 5.38188
7.40000E+06 5.35204
7.60000E+06 5.27281
7.67522E+06 5.24546
7.71516E+06 5.23135
7.77098E+06 5.21210
7.80000E+06 5.20220
7.81064E+06 5.19869
7.96270E+06 5.14976
7.96695E+06 5.14860
8.00000E+06 5.14022
8.05395E+06 5.12527
8.06152E+06 5.12318
8.17953E+06 5.09240
8.22333E+06 5.08177
8.28904E+06 5.06582
8.38955E+06 5.04401
8.50000E+06 5.02004
9.00000E+06 4.94273
9.50000E+06 4.89858
9.51295E+06 4.89772
9.51296E+06 4.89772
1.00000E+07 4.87940
1.00578E+07 4.87818
1.05000E+07 4.87916
1.05208E+07 4.87943
1.10000E+07 4.89427
1.10766E+07 4.89778
1.11078E+07 4.89925
1.11877E+07 4.90339
1.15000E+07 4.92252
1.20000E+07 4.96228
1.20863E+07 4.97043
1.21062E+07 4.97239
1.25000E+07 5.01233
1.25731E+07 5.02059
1.26328E+07 5.02748
1.27068E+07 5.03602
1.30000E+07 5.07092
1.31307E+07 5.08772
1.31970E+07 5.09632
1.32114E+07 5.09820
1.33221E+07 5.11273
1.33221E+07 5.11274
1.33742E+07 5.11957
1.34914E+07 5.13501
1.35000E+07 5.13619
1.38327E+07 5.18259
1.40000E+07 5.20594
1.40992E+07 5.22001
1.40992E+07 5.22001
1.41419E+07 5.22617
1.42591E+07 5.24307
1.43224E+07 5.25211
1.45000E+07 5.27752
1.46004E+07 5.29194
1.48688E+07 5.33000
1.48689E+07 5.33000
1.49428E+07 5.34036
1.50000E+07 5.34824
1.54330E+07 5.40628
1.55000E+07 5.41499
1.55581E+07 5.42242
1.55582E+07 5.42243
1.57247E+07 5.44353
1.60000E+07 5.47703
1.65000E+07 5.52968
1.65039E+07 5.53008
1.65792E+07 5.53753
1.68103E+07 5.55926
1.68675E+07 5.56437
1.70000E+07 5.57592
1.73972E+07 5.60386
1.74817E+07 5.60923
1.75000E+07 5.61040
1.75448E+07 5.61316
1.77681E+07 5.62590
1.78861E+07 5.63202
1.80000E+07 5.63747
1.83286E+07 5.64915
1.83957E+07 5.65113
1.84159E+07 5.65175
1.85000E+07 5.65400
1.87399E+07 5.65930
1.89863E+07 5.66291
1.90000E+07 5.66312
1.90963E+07 5.66385
1.91035E+07 5.66394
1.91755E+07 5.66434
1.94201E+07 5.66459
1.94202E+07 5.66459
1.95000E+07 5.66437
1.95008E+07 5.66437
1.95076E+07 5.66435
1.96332E+07 5.66353
1.97808E+07 5.66217
1.98712E+07 5.66099
2.00000E+07 5.65892
2.10000E+07 5.63385
2.16562E+07 5.60693
2.17368E+07 5.60362
2.20000E+07 5.59283
2.24996E+07 5.56542
2.26502E+07 5.55751
2.30000E+07 5.53912
2.40000E+07 5.47388
2.50000E+07 5.39685
2.60000E+07 5.30786
2.70000E+07 5.20845
2.80000E+07 5.10226
2.90000E+07 4.99383
3.00000E+07 4.88699
3.00000E+07 4.88920
3.10000E+07 4.78955
3.20000E+07 4.69600
3.30000E+07 4.61125
3.40000E+07 4.53440
3.50000E+07 4.46430
3.60000E+07 4.40220
3.70000E+07 4.34650
3.80000E+07 4.29860
3.90000E+07 4.25845
4.00000E+07 4.22590
4.10000E+07 4.20150
4.20000E+07 4.18420
4.30000E+07 4.17395
4.40000E+07 4.16980
4.50000E+07 4.17105
4.60000E+07 4.17700
4.70000E+07 4.18715
4.80000E+07 4.20080
4.90000E+07 4.21770
5.00000E+07 4.23720
5.10000E+07 4.25915
5.20000E+07 4.28280
5.30000E+07 4.30810
5.40000E+07 4.33440
5.50000E+07 4.36140
5.60000E+07 4.38860
5.70000E+07 4.41605
5.80000E+07 4.44310
5.90000E+07 4.46970
6.00000E+07 4.49550
6.10000E+07 4.52072
6.20000E+07 4.54484
6.30000E+07 4.56776
6.40000E+07 4.58928
6.50000E+07 4.60930
6.60000E+07 4.62836
6.70000E+07 4.64582
6.80000E+07 4.66168
6.90000E+07 4.67584
7.00000E+07 4.68830
7.10000E+07 4.69954
7.20000E+07 4.70908
7.30000E+07 4.71702
7.40000E+07 4.72326
7.50000E+07 4.72790
7.60000E+07 4.73128
7.70000E+07 4.73316
7.80000E+07 4.73344
7.90000E+07 4.73222
8.00000E+07 4.72960
8.10000E+07 4.72617
8.20000E+07 4.72144
8.30000E+07 4.71541
8.40000E+07 4.70818
8.50000E+07 4.69965
8.60000E+07 4.69012
8.70000E+07 4.67949
8.80000E+07 4.66776
8.90000E+07 4.65513
9.00000E+07 4.64160
9.10000E+07 4.62783
9.20000E+07 4.61316
9.30000E+07 4.59779
9.40000E+07 4.58172
9.50000E+07 4.56495
9.60000E+07 4.54748
9.70000E+07 4.52961
9.80000E+07 4.51094
9.90000E+07 4.49197
1.00000E+08 4.47240
1.02000E+08 4.43310
1.04000E+08 4.39230
1.06000E+08 4.35040
1.08000E+08 4.30750
1.10000E+08 4.26380
1.12000E+08 4.22048
1.14000E+08 4.17666
1.16000E+08 4.13274
1.18000E+08 4.08872
1.20000E+08 4.04490
1.22000E+08 4.00182
1.24000E+08 3.95914
1.26000E+08 3.91666
1.28000E+08 3.87458
1.30000E+08 3.83310
1.32000E+08 3.79280
1.34000E+08 3.75310
1.36000E+08 3.71410
1.38000E+08 3.67550
1.40000E+08 3.63790
1.42000E+08 3.60140
1.44000E+08 3.56580
1.46000E+08 3.53080
1.48000E+08 3.49650
1.50000E+08 3.46320
1.52000E+08 3.43102
1.54000E+08 3.39964
1.56000E+08 3.36896
1.58000E+08 3.33908
1.60000E+08 3.31010
1.62000E+08 3.28235
1.64000E+08 3.25520
1.66000E+08 3.22895
1.68000E+08 3.20340
1.70000E+08 3.17855
1.72000E+08 3.15430
1.74000E+08 3.13085
1.76000E+08 3.10810
1.78000E+08 3.08595
1.80000E+08 3.06440
1.82000E+08 3.04407
1.84000E+08 3.02434
1.86000E+08 3.00521
1.88000E+08 2.98668
1.90000E+08 2.96865
1.92000E+08 2.95122
1.94000E+08 2.93439
1.96000E+08 2.91796
1.98000E+08 2.90203
2.00000E+08 2.88670