73-Ta_n-tot
> 73-Ta-181:1.000000
1.000000e-05 1.06121000e+03
1.250000e-05 9.49825000e+02
1.500000e-05 8.67605000e+02
2.000000e-05 7.52194000e+02
2.750000e-05 6.42381000e+02
3.500000e-05 5.70111000e+02
4.250000e-05 5.17938000e+02
5.000000e-05 4.77997000e+02
6.250000e-05 4.28186000e+02
7.500000e-05 3.91416000e+02
1.000000e-04 3.39804000e+02
1.250000e-04 3.04583000e+02
1.500000e-04 2.78583000e+02
2.000000e-04 2.42089000e+02
2.750000e-04 2.07365000e+02
3.500000e-04 1.84513000e+02
4.250000e-04 1.68016000e+02
5.000000e-04 1.55387000e+02
6.250000e-04 1.39637000e+02
7.500000e-04 1.28011000e+02
1.000000e-03 1.11693000e+02
1.250000e-03 1.00558000e+02
1.500000e-03 9.23391000e+01
2.000000e-03 8.08032000e+01
2.750000e-03 6.98286000e+01
3.500000e-03 6.26073000e+01
4.250000e-03 5.73951000e+01
5.000000e-03 5.34057000e+01
6.250000e-03 4.84315000e+01
7.500000e-03 4.47609000e+01
1.000000e-02 3.96108000e+01
1.250000e-02 3.60983000e+01
1.500000e-02 3.35071000e+01
2.000000e-02 2.98730000e+01
2.530000e-02 2.72713000e+01
3.147500e-02 2.51162000e+01
3.765000e-02 2.35183000e+01
5.000000e-02 2.12679000e+01
6.250000e-02 1.97134000e+01
7.500000e-02 1.85692000e+01
1.000000e-01 1.69699000e+01
1.250000e-01 1.58849000e+01
1.500000e-01 1.50888000e+01
2.000000e-01 1.39816000e+01
2.750000e-01 1.29457000e+01
3.500000e-01 1.22798000e+01
5.000000e-01 1.14663000e+01
7.500000e-01 1.07830000e+01
8.400000e-01 1.06418000e+01
1.000000e+00 1.04753000e+01
1.500000e+00 1.04443000e+01
2.000000e+00 1.11023000e+01
2.562900e+00 1.33063000e+01
2.844350e+00 1.57387000e+01
3.125800e+00 2.03535000e+01
3.394350e+00 2.97379000e+01
3.528630e+00 3.87621000e+01
3.662900e+00 5.44419000e+01
3.797180e+00 8.51870000e+01
3.864310e+00 1.12963000e+02
3.931450e+00 1.58343000e+02
3.998590e+00 2.39856000e+02
4.032160e+00 3.07337000e+02
4.065730e+00 4.08426000e+02
4.099290e+00 5.69446000e+02
4.132860e+00 8.48060000e+02
4.149650e+00 1.07005000e+03
4.166430e+00 1.39008000e+03
4.183220e+00 1.87336000e+03
4.200000e+00 2.64641000e+03
4.212900e+00 3.59451000e+03
4.225800e+00 5.10008000e+03
4.238700e+00 7.60594000e+03
4.251600e+00 1.18514000e+04
4.265800e+00 1.89675000e+04
4.280000e+00 2.37249000e+04
4.294250e+00 1.89954000e+04
4.308500e+00 1.18811000e+04
4.319310e+00 8.19628000e+03
4.330110e+00 5.82085000e+03
4.340920e+00 4.28329000e+03
4.351720e+00 3.25807000e+03
4.373330e+00 2.04521000e+03
4.394940e+00 1.39450000e+03
4.416550e+00 1.00948000e+03
4.438160e+00 7.64209000e+02
4.481380e+00 4.82207000e+02
4.524590e+00 3.32852000e+02
4.567810e+00 2.44460000e+02
4.611030e+00 1.87884000e+02
4.654250e+00 1.49502000e+02
4.740690e+00 1.02242000e+02
4.827130e+00 7.53312000e+01
4.913560e+00 5.85451000e+01
5.000000e+00 4.73618000e+01
5.156250e+00 3.47965000e+01
5.312500e+00 2.74113000e+01
5.468750e+00 2.26918000e+01
5.625000e+00 1.94854000e+01
5.937500e+00 1.55175000e+01
6.250000e+00 1.32377000e+01
6.562500e+00 1.18058000e+01
6.875000e+00 1.08541000e+01
7.500000e+00 9.76561000e+00
8.125000e+00 9.40218000e+00
8.437500e+00 9.51850000e+00
8.750000e+00 9.97462000e+00
9.062500e+00 1.11053000e+01
9.218750e+00 1.21792000e+01
9.375000e+00 1.39171000e+01
9.531250e+00 1.68943000e+01
9.687500e+00 2.24670000e+01
9.765630e+00 2.72118000e+01
9.843750e+00 3.44706000e+01
9.921880e+00 4.63126000e+01
1.000000e+01 6.74350000e+01
1.007760e+01 1.09959000e+02
1.011630e+01 1.49568000e+02
1.015510e+01 2.16186000e+02
1.017450e+01 2.67859000e+02
1.019390e+01 3.40565000e+02
1.021330e+01 4.47120000e+02
1.023270e+01 6.11336000e+02
1.025200e+01 8.81564000e+02
1.027140e+01 1.36398000e+03
1.028110e+01 1.75411000e+03
1.029080e+01 2.31362000e+03
1.030050e+01 3.13177000e+03
1.031020e+01 4.32428000e+03
1.032510e+01 6.94105000e+03
1.034000e+01 8.70902000e+03
1.035490e+01 7.00201000e+03
1.036980e+01 4.40111000e+03
1.038370e+01 2.81016000e+03
1.039760e+01 1.88092000e+03
1.041150e+01 1.32671000e+03
1.042530e+01 9.79355000e+02
1.045310e+01 5.92675000e+02
1.048090e+01 3.96812000e+02
1.050860e+01 2.84931000e+02
1.053640e+01 2.15330000e+02
1.059190e+01 1.36953000e+02
1.064740e+01 9.61578000e+01
1.070300e+01 7.22371000e+01
1.075850e+01 5.69975000e+01
1.081400e+01 4.66797000e+01
1.092510e+01 3.39670000e+01
1.103610e+01 2.66994000e+01
1.114720e+01 2.21363000e+01
1.125820e+01 1.90719000e+01
1.148030e+01 1.53163000e+01
1.170240e+01 1.31733000e+01
1.192460e+01 1.18316000e+01
1.214670e+01 1.09446000e+01
1.259090e+01 9.97785000e+00
1.281300e+01 9.82347000e+00
1.303510e+01 9.97556000e+00
1.325720e+01 1.07685000e+01
1.336820e+01 1.17283000e+01
1.347930e+01 1.35937000e+01
1.359040e+01 1.76591000e+01
1.364590e+01 2.16526000e+01
1.370140e+01 2.86941000e+01
1.375690e+01 4.27218000e+01
1.378470e+01 5.55390000e+01
1.381250e+01 7.66465000e+01
1.384020e+01 1.14796000e+02
1.385410e+01 1.46374000e+02
1.386800e+01 1.93419000e+02
1.388190e+01 2.67193000e+02
1.389570e+01 3.90135000e+02
1.390270e+01 4.83078000e+02
1.390960e+01 6.08741000e+02
1.391660e+01 7.79993000e+02
1.392350e+01 1.01148000e+03
1.393010e+01 1.29615000e+03
1.393680e+01 1.62220000e+03
1.395000e+01 2.03665000e+03
1.396330e+01 1.63999000e+03
1.397650e+01 1.03373000e+03
1.398830e+01 6.76138000e+02
1.400000e+01 4.61880000e+02
1.401180e+01 3.31304000e+02
1.402360e+01 2.48261000e+02
1.404710e+01 1.54381000e+02
1.407060e+01 1.06113000e+02
1.409420e+01 7.82871000e+01
1.411770e+01 6.08525000e+01
1.416470e+01 4.10834000e+01
1.421180e+01 3.07181000e+01
1.425890e+01 2.46027000e+01
1.430590e+01 2.06847000e+01
1.435300e+01 1.80175000e+01
1.444710e+01 1.47040000e+01
1.454120e+01 1.27851000e+01
1.472940e+01 1.07270000e+01
1.491770e+01 9.67292000e+00
1.510590e+01 9.04029000e+00
1.548240e+01 8.31323000e+00
1.585890e+01 7.89550000e+00
1.623530e+01 7.61333000e+00
1.698830e+01 7.23722000e+00
1.774120e+01 6.99433000e+00
1.849410e+01 6.87641000e+00
1.887060e+01 6.92001000e+00
1.924710e+01 7.18093000e+00
1.943530e+01 7.53403000e+00
1.962350e+01 8.29960000e+00
1.971770e+01 9.02864000e+00
1.981180e+01 1.02574000e+01
1.990590e+01 1.25283000e+01
1.995300e+01 1.44451000e+01
2.000000e+01 1.73567000e+01
2.006740e+01 2.50423000e+01
2.010110e+01 3.21151000e+01
2.013480e+01 4.38419000e+01
2.016840e+01 6.52469000e+01
2.018530e+01 8.31531000e+01
2.020210e+01 1.10072000e+02
2.021900e+01 1.52859000e+02
2.023580e+01 2.25403000e+02
2.024420e+01 2.81169000e+02
2.025270e+01 3.57672000e+02
2.026110e+01 4.63687000e+02
2.026950e+01 6.09535000e+02
2.027710e+01 7.81051000e+02
2.028480e+01 9.77691000e+02
2.030000e+01 1.22846000e+03
2.030760e+01 1.16037000e+03
2.031530e+01 9.90705000e+02
2.033050e+01 6.25812000e+02
2.033970e+01 4.68656000e+02
2.034880e+01 3.57102000e+02
2.036710e+01 2.21847000e+02
2.038540e+01 1.49836000e+02
2.040370e+01 1.08134000e+02
2.042210e+01 8.21414000e+01
2.044040e+01 6.49491000e+01
2.047700e+01 4.44283000e+01
2.051360e+01 3.31397000e+01
2.055020e+01 2.62819000e+01
2.062340e+01 1.87143000e+01
2.069670e+01 1.48404000e+01
2.076990e+01 1.25871000e+01
2.091640e+01 1.01916000e+01
2.106280e+01 9.00589000e+00
2.120930e+01 8.33644000e+00
2.150220e+01 7.68108000e+00
2.179510e+01 7.48448000e+00
2.208810e+01 7.68126000e+00
2.223450e+01 8.06502000e+00
2.238100e+01 9.04603000e+00
2.245420e+01 1.02271000e+01
2.249080e+01 1.12910000e+01
2.252740e+01 1.30490000e+01
2.256410e+01 1.62998000e+01
2.258240e+01 1.90838000e+01
2.260070e+01 2.33953000e+01
2.261900e+01 3.05679000e+01
2.263730e+01 4.36292000e+01
2.265560e+01 7.02336000e+01
2.266480e+01 9.39697000e+01
2.267390e+01 1.29607000e+02
2.268700e+01 2.03068000e+02
2.270000e+01 2.52627000e+02
2.271310e+01 2.04652000e+02
2.272610e+01 1.31669000e+02
2.273500e+01 9.66979000e+01
2.274400e+01 7.31086000e+01
2.276190e+01 4.63223000e+01
2.277970e+01 3.30069000e+01
2.279760e+01 2.56664000e+01
2.283330e+01 1.84655000e+01
2.286910e+01 1.53022000e+01
2.294060e+01 1.29542000e+01
2.301200e+01 1.25128000e+01
2.315500e+01 1.38652000e+01
2.329800e+01 1.78312000e+01
2.336940e+01 2.14265000e+01
2.344090e+01 2.70139000e+01
2.351240e+01 3.61904000e+01
2.358390e+01 5.25652000e+01
2.361960e+01 6.59477000e+01
2.365540e+01 8.56859000e+01
2.369110e+01 1.16408000e+02
2.372680e+01 1.67770000e+02
2.376260e+01 2.62588000e+02
2.378050e+01 3.42806000e+02
2.379830e+01 4.64868000e+02
2.381620e+01 6.61836000e+02
2.383410e+01 1.00356000e+03
2.385190e+01 1.64740000e+03
2.386090e+01 2.17983000e+03
2.386980e+01 2.92924000e+03
2.388490e+01 4.71420000e+03
2.390000e+01 5.93053000e+03
2.391510e+01 4.77900000e+03
2.393020e+01 3.01052000e+03
2.394200e+01 2.06469000e+03
2.395380e+01 1.46129000e+03
2.396560e+01 1.07396000e+03
2.397740e+01 8.17284000e+02
2.400100e+01 5.15382000e+02
2.402460e+01 3.54090000e+02
2.404820e+01 2.58763000e+02
2.407180e+01 1.98049000e+02
2.411900e+01 1.28097000e+02
2.416620e+01 9.08705000e+01
2.421340e+01 6.87158000e+01
2.426060e+01 5.44406000e+01
2.430780e+01 4.46920000e+01
2.440230e+01 3.25647000e+01
2.449670e+01 2.55561000e+01
2.459110e+01 2.11174000e+01
2.468550e+01 1.81142000e+01
2.487430e+01 1.43970000e+01
2.506310e+01 1.22432000e+01
2.525190e+01 1.08654000e+01
2.544080e+01 9.91892000e+00
2.581840e+01 8.71368000e+00
2.619600e+01 7.98004000e+00
2.695130e+01 7.11782000e+00
2.770660e+01 6.60450000e+00
2.846190e+01 6.25251000e+00
2.921710e+01 6.07895000e+00
2.940600e+01 6.14580000e+00
2.959480e+01 6.46031000e+00
2.968920e+01 6.93914000e+00
2.973640e+01 7.41295000e+00
2.978360e+01 8.24482000e+00
2.983080e+01 9.87829000e+00
2.985440e+01 1.13425000e+01
2.987800e+01 1.37009000e+01
2.990160e+01 1.78187000e+01
2.992520e+01 2.58463000e+01
2.993700e+01 3.29355000e+01
2.994880e+01 4.40188000e+01
2.996060e+01 6.20716000e+01
2.997240e+01 9.18647000e+01
2.998620e+01 1.44587000e+02
3.000000e+01 1.80595000e+02
3.001380e+01 1.46637000e+02
3.002760e+01 9.44216000e+01
3.003760e+01 6.82598000e+01
3.004750e+01 5.09473000e+01
3.005750e+01 3.94848000e+01
3.006740e+01 3.17005000e+01
3.008730e+01 2.23103000e+01
3.010720e+01 1.71674000e+01
3.012710e+01 1.40781000e+01
3.014700e+01 1.20857000e+01
3.018680e+01 9.76227000e+00
3.022660e+01 8.50872000e+00
3.026640e+01 7.75403000e+00
3.034600e+01 6.92231000e+00
3.050520e+01 6.23401000e+00
3.066430e+01 5.94490000e+00
3.130110e+01 5.55823000e+00
3.193780e+01 5.47545000e+00
3.257450e+01 5.62731000e+00
3.321120e+01 6.30670000e+00
3.352960e+01 7.13048000e+00
3.384800e+01 8.73569000e+00
3.416630e+01 1.22235000e+01
3.432550e+01 1.56382000e+01
3.448470e+01 2.16715000e+01
3.456430e+01 2.65900000e+01
3.464390e+01 3.38705000e+01
3.472350e+01 4.53321000e+01
3.476330e+01 5.37251000e+01
3.480300e+01 6.49808000e+01
3.484280e+01 8.05898000e+01
3.488260e+01 1.03130000e+02
3.492240e+01 1.37441000e+02
3.496220e+01 1.93341000e+02
3.500200e+01 2.93348000e+02
3.502190e+01 3.75571000e+02
3.504180e+01 4.97361000e+02
3.506170e+01 6.87329000e+02
3.508160e+01 1.00178000e+03
3.510150e+01 1.55625000e+03
3.512140e+01 2.56690000e+03
3.514070e+01 4.11749000e+03
3.516000e+01 5.16738000e+03
3.517930e+01 4.15481000e+03
3.519860e+01 2.61527000e+03
3.521930e+01 1.57455000e+03
3.523990e+01 1.01398000e+03
3.526060e+01 7.00738000e+02
3.528130e+01 5.13797000e+02
3.530200e+01 3.95327000e+02
3.532260e+01 3.16509000e+02
3.536400e+01 2.23437000e+02
3.540530e+01 1.75177000e+02
3.544660e+01 1.50084000e+02
3.552930e+01 1.39393000e+02
3.557060e+01 1.49983000e+02
3.561200e+01 1.73407000e+02
3.565330e+01 2.15889000e+02
3.569470e+01 2.91389000e+02
3.573600e+01 4.32960000e+02
3.575670e+01 5.51801000e+02
3.577730e+01 7.29781000e+02
3.579800e+01 1.00960000e+03
3.581870e+01 1.47599000e+03
3.583930e+01 2.30333000e+03
3.586000e+01 3.81990000e+03
3.588000e+01 6.15340000e+03
3.590000e+01 7.75550000e+03
3.592000e+01 6.26417000e+03
3.594000e+01 3.95763000e+03
3.595230e+01 2.94571000e+03
3.596450e+01 2.23144000e+03
3.598900e+01 1.37182000e+03
3.601350e+01 9.17323000e+02
3.603800e+01 6.55176000e+02
3.606240e+01 4.91959000e+02
3.608690e+01 3.84022000e+02
3.613590e+01 2.55000000e+02
3.618490e+01 1.83753000e+02
3.623390e+01 1.40236000e+02
3.633180e+01 9.17916000e+01
3.642980e+01 6.66629000e+01
3.652770e+01 5.18727000e+01
3.672360e+01 3.59940000e+01
3.691950e+01 2.82188000e+01
3.711540e+01 2.41453000e+01
3.750720e+01 2.19723000e+01
3.770310e+01 2.34008000e+01
3.789900e+01 2.71165000e+01
3.809490e+01 3.46743000e+01
3.829080e+01 4.99377000e+01
3.838880e+01 6.32776000e+01
3.848670e+01 8.38429000e+01
3.858470e+01 1.17374000e+02
3.868260e+01 1.76529000e+02
3.873160e+01 2.24250000e+02
3.878060e+01 2.93642000e+02
3.882950e+01 3.99534000e+02
3.887850e+01 5.71389000e+02
3.892750e+01 8.74511000e+02
3.895200e+01 1.11898000e+03
3.897650e+01 1.47337000e+03
3.900090e+01 2.00915000e+03
3.902540e+01 2.85709000e+03
3.904990e+01 4.25991000e+03
3.907440e+01 6.61742000e+03
3.910220e+01 1.07170000e+04
3.913000e+01 1.35601000e+04
3.915780e+01 1.09817000e+04
3.918560e+01 6.95080000e+03
3.920500e+01 4.97426000e+03
3.922440e+01 3.64505000e+03
3.924380e+01 2.75240000e+03
3.926320e+01 2.13912000e+03
3.930210e+01 1.38990000e+03
3.934090e+01 9.74116000e+02
3.937970e+01 7.21981000e+02
3.941850e+01 5.58220000e+02
3.949620e+01 3.65820000e+02
3.957380e+01 2.61299000e+02
3.965140e+01 1.98124000e+02
3.972910e+01 1.56910000e+02
3.980670e+01 1.28461000e+02
3.996200e+01 9.26064000e+01
4.011720e+01 7.15524000e+01
4.027250e+01 5.80310000e+01
4.042780e+01 4.87666000e+01
4.073830e+01 3.71161000e+01
4.104890e+01 3.02346000e+01
4.135940e+01 2.57630000e+01
4.167000e+01 2.26540000e+01
4.229100e+01 1.86523000e+01
4.291210e+01 1.62074000e+01
4.353320e+01 1.45653000e+01
4.415430e+01 1.33868000e+01
4.539650e+01 1.18031000e+01
4.663870e+01 1.07814000e+01
4.725970e+01 1.04013000e+01
4.788080e+01 1.01204000e+01
4.819140e+01 1.00703000e+01
4.834670e+01 1.01122000e+01
4.850190e+01 1.02663000e+01
4.865720e+01 1.07060000e+01
4.873480e+01 1.11913000e+01
4.881250e+01 1.21067000e+01
4.889010e+01 1.40542000e+01
4.892890e+01 1.59273000e+01
4.896770e+01 1.91533000e+01
4.900660e+01 2.53425000e+01
4.902600e+01 3.07695000e+01
4.904540e+01 3.93149000e+01
4.906480e+01 5.37561000e+01
4.908420e+01 8.05215000e+01
4.909390e+01 1.02962000e+02
4.910360e+01 1.36230000e+02
4.911330e+01 1.86890000e+02
4.912300e+01 2.64181000e+02
4.913650e+01 4.21834000e+02
4.915000e+01 5.30898000e+02
4.916350e+01 4.31023000e+02
4.917700e+01 2.75653000e+02
4.918990e+01 1.78587000e+02
4.920270e+01 1.22332000e+02
4.921560e+01 8.89978000e+01
4.922840e+01 6.81867000e+01
4.925420e+01 4.50778000e+01
4.927990e+01 3.33644000e+01
4.930560e+01 2.66576000e+01
4.933130e+01 2.24666000e+01
4.938280e+01 1.77133000e+01
4.943420e+01 1.52083000e+01
4.948560e+01 1.37181000e+01
4.958850e+01 1.20886000e+01
4.969140e+01 1.12458000e+01
4.979430e+01 1.07413000e+01
5.000000e+01 1.01692000e+01
5.018040e+01 9.87989000e+00
5.036080e+01 9.68022000e+00
5.072150e+01 9.40792000e+00
5.144300e+01 9.06360000e+00
5.288600e+01 8.61556000e+00
5.432900e+01 8.27735000e+00
5.505050e+01 8.13333000e+00
5.541130e+01 8.08681000e+00
5.550140e+01 8.09461000e+00
5.559160e+01 8.14433000e+00
5.563670e+01 8.21889000e+00
5.568180e+01 8.40370000e+00
5.570440e+01 8.60603000e+00
5.572690e+01 8.99924000e+00
5.573820e+01 9.34333000e+00
5.574950e+01 9.87364000e+00
5.576070e+01 1.07205000e+01
5.577200e+01 1.20841000e+01
5.578600e+01 1.46314000e+01
5.580000e+01 1.64094000e+01
5.581400e+01 1.48215000e+01
5.582800e+01 1.23181000e+01
5.584120e+01 1.07608000e+01
5.585430e+01 9.84787000e+00
5.586750e+01 9.30150000e+00
5.588060e+01 8.95762000e+00
5.590690e+01 8.57108000e+00
5.593330e+01 8.37163000e+00
5.598590e+01 8.18022000e+00
5.603850e+01 8.09141000e+00
5.614370e+01 8.00705000e+00
5.624900e+01 7.96380000e+00
5.667000e+01 7.89253000e+00
5.688040e+01 7.90825000e+00
5.698570e+01 7.94904000e+00
5.709090e+01 8.04350000e+00
5.719620e+01 8.26969000e+00
5.724880e+01 8.50065000e+00
5.730140e+01 8.91481000e+00
5.735400e+01 9.74623000e+00
5.738040e+01 1.05054000e+01
5.740670e+01 1.17484000e+01
5.743300e+01 1.39657000e+01
5.745930e+01 1.84241000e+01
5.747240e+01 2.24879000e+01
5.748560e+01 2.90364000e+01
5.749880e+01 4.01576000e+01
5.751190e+01 5.94350000e+01
5.752600e+01 9.13838000e+01
5.754000e+01 1.13453000e+02
5.755410e+01 9.32577000e+01
5.756810e+01 6.17746000e+01
5.757950e+01 4.44118000e+01
5.759080e+01 3.34678000e+01
5.760220e+01 2.65211000e+01
5.761350e+01 2.19558000e+01
5.763630e+01 1.66270000e+01
5.765900e+01 1.37979000e+01
5.768170e+01 1.21293000e+01
5.770440e+01 1.10663000e+01
5.774980e+01 9.83787000e+00
5.779530e+01 9.17948000e+00
5.784070e+01 8.78346000e+00
5.793160e+01 8.34570000e+00
5.802240e+01 8.11694000e+00
5.811330e+01 7.97947000e+00
5.829500e+01 7.82732000e+00
5.847670e+01 7.76106000e+00
5.865850e+01 7.79011000e+00
5.874930e+01 7.90004000e+00
5.879480e+01 8.02213000e+00
5.884020e+01 8.24637000e+00
5.888560e+01 8.69865000e+00
5.890830e+01 9.10859000e+00
5.893100e+01 9.77050000e+00
5.895380e+01 1.09248000e+01
5.897650e+01 1.31552000e+01
5.898780e+01 1.51023000e+01
5.899920e+01 1.81059000e+01
5.901060e+01 2.29080000e+01
5.902190e+01 3.06494000e+01
5.903600e+01 4.50846000e+01
5.905000e+01 5.51759000e+01
5.906410e+01 4.61770000e+01
5.907810e+01 3.20089000e+01
5.909380e+01 2.20361000e+01
5.910940e+01 1.67455000e+01
5.912510e+01 1.38118000e+01
5.914070e+01 1.20643000e+01
5.915640e+01 1.09505000e+01
5.917200e+01 1.02014000e+01
5.920330e+01 9.28860000e+00
5.923460e+01 8.77400000e+00
5.926600e+01 8.45420000e+00
5.932860e+01 8.08994000e+00
5.939120e+01 7.89387000e+00
5.945380e+01 7.77304000e+00
5.957900e+01 7.63135000e+00
5.982950e+01 7.49113000e+00
6.007990e+01 7.41191000e+00
6.058080e+01 7.31385000e+00
6.108180e+01 7.27403000e+00
6.158270e+01 7.35634000e+00
6.183310e+01 7.52063000e+00
6.208360e+01 7.90524000e+00
6.220880e+01 8.27264000e+00
6.233400e+01 8.87438000e+00
6.245930e+01 9.91859000e+00
6.258450e+01 1.18933000e+01
6.264710e+01 1.35811000e+01
6.270970e+01 1.61603000e+01
6.277230e+01 2.03451000e+01
6.283500e+01 2.77091000e+01
6.289760e+01 4.22918000e+01
6.292890e+01 5.54980000e+01
6.296020e+01 7.69810000e+01
6.299150e+01 1.15035000e+02
6.300710e+01 1.45850000e+02
6.302280e+01 1.90737000e+02
6.303850e+01 2.59032000e+02
6.305410e+01 3.67937000e+02
6.306980e+01 5.50100000e+02
6.308540e+01 8.60600000e+02
6.310270e+01 1.38946000e+03
6.312000e+01 1.75580000e+03
6.313730e+01 1.42198000e+03
6.315460e+01 9.01257000e+02
6.316800e+01 6.24696000e+02
6.318130e+01 4.46767000e+02
6.319460e+01 3.31655000e+02
6.320800e+01 2.54982000e+02
6.323470e+01 1.64159000e+02
6.326140e+01 1.15273000e+02
6.328810e+01 8.62163000e+01
6.331470e+01 6.76046000e+01
6.336810e+01 4.60277000e+01
6.342150e+01 3.44508000e+01
6.347490e+01 2.75083000e+01
6.352830e+01 2.30049000e+01
6.358160e+01 1.99087000e+01
6.368840e+01 1.60216000e+01
6.379510e+01 1.37472000e+01
6.390190e+01 1.22891000e+01
6.400860e+01 1.12908000e+01
6.422220e+01 1.00337000e+01
6.443570e+01 9.28736000e+00
6.464920e+01 8.79766000e+00
6.486270e+01 8.45232000e+00
6.528970e+01 7.99469000e+00
6.571670e+01 7.69907000e+00
6.657070e+01 7.31886000e+00
6.742480e+01 7.06026000e+00
6.827880e+01 6.85219000e+00
6.998690e+01 6.48920000e+00
7.169490e+01 6.12554000e+00
7.254900e+01 5.92608000e+00
7.340300e+01 5.70850000e+00
7.425700e+01 5.48126000e+00
7.468400e+01 5.38433000e+00
7.511100e+01 5.34704000e+00
7.553810e+01 5.52112000e+00
7.575160e+01 5.84411000e+00
7.596510e+01 6.60220000e+00
7.607180e+01 7.33048000e+00
7.617860e+01 8.52832000e+00
7.628530e+01 1.06154000e+01
7.639210e+01 1.45759000e+01
7.644550e+01 1.79672000e+01
7.649890e+01 2.31555000e+01
7.655220e+01 3.15766000e+01
7.657890e+01 3.78633000e+01
7.660560e+01 4.63905000e+01
7.663230e+01 5.83262000e+01
7.665900e+01 7.56722000e+01
7.668570e+01 1.02112000e+02
7.671240e+01 1.44953000e+02
7.673900e+01 2.20354000e+02
7.675240e+01 2.81036000e+02
7.676570e+01 3.68751000e+02
7.677910e+01 5.00942000e+02
7.679240e+01 7.08946000e+02
7.680580e+01 1.05066000e+03
7.681910e+01 1.62050000e+03
7.683460e+01 2.62996000e+03
7.685000e+01 3.33632000e+03
7.686550e+01 2.70791000e+03
7.688090e+01 1.71802000e+03
7.689230e+01 1.20974000e+03
7.690370e+01 8.75584000e+02
7.691510e+01 6.55616000e+02
7.692650e+01 5.06870000e+02
7.694930e+01 3.28109000e+02
7.697210e+01 2.30479000e+02
7.699490e+01 1.71911000e+02
7.701770e+01 1.34184000e+02
7.706330e+01 9.03188000e+01
7.710890e+01 6.69315000e+01
7.715450e+01 5.32425000e+01
7.724570e+01 3.98296000e+01
7.733690e+01 3.69636000e+01
7.738250e+01 3.94076000e+01
7.742810e+01 4.61834000e+01
7.747370e+01 6.16977000e+01
7.749650e+01 7.62130000e+01
7.751930e+01 9.98040000e+01
7.754210e+01 1.40796000e+02
7.756490e+01 2.19084000e+02
7.757630e+01 2.86407000e+02
7.758770e+01 3.88696000e+02
7.759910e+01 5.49044000e+02
7.761050e+01 8.01826000e+02
7.762530e+01 1.28801000e+03
7.764000e+01 1.62401000e+03
7.765480e+01 1.31589000e+03
7.766950e+01 8.36289000e+02
7.767930e+01 6.11153000e+02
7.768910e+01 4.56672000e+02
7.770860e+01 2.77402000e+02
7.772820e+01 1.85902000e+02
7.774770e+01 1.34300000e+02
7.776730e+01 1.02613000e+02
7.778680e+01 8.18461000e+01
7.782590e+01 5.71595000e+01
7.786510e+01 4.35511000e+01
7.790420e+01 3.52034000e+01
7.798240e+01 2.57984000e+01
7.806060e+01 2.08009000e+01
7.813880e+01 1.77777000e+01
7.829530e+01 1.44385000e+01
7.845170e+01 1.29322000e+01
7.852990e+01 1.27249000e+01
7.860810e+01 1.30593000e+01
7.868640e+01 1.45011000e+01
7.872550e+01 1.61394000e+01
7.876460e+01 1.91350000e+01
7.880370e+01 2.50726000e+01
7.882320e+01 3.03395000e+01
7.884280e+01 3.86424000e+01
7.886240e+01 5.26239000e+01
7.888190e+01 7.82138000e+01
7.890150e+01 1.30187000e+02
7.891120e+01 1.76266000e+02
7.892100e+01 2.44921000e+02
7.892830e+01 3.13746000e+02
7.893550e+01 3.93479000e+02
7.895000e+01 4.98583000e+02
7.896450e+01 4.07737000e+02
7.897900e+01 2.62660000e+02
7.899440e+01 1.63833000e+02
7.900970e+01 1.09556000e+02
7.902510e+01 7.86939000e+01
7.904040e+01 5.99673000e+01
7.905570e+01 4.78677000e+01
7.907110e+01 3.96405000e+01
7.910180e+01 2.95111000e+01
7.913250e+01 2.37352000e+01
7.916320e+01 2.01175000e+01
7.922460e+01 1.59640000e+01
7.928590e+01 1.37152000e+01
7.934730e+01 1.23294000e+01
7.947010e+01 1.07216000e+01
7.959290e+01 9.80926000e+00
7.971570e+01 9.20976000e+00
7.996120e+01 8.44422000e+00
8.045230e+01 7.60829000e+00
8.094340e+01 7.16751000e+00
8.143450e+01 7.05891000e+00
8.168010e+01 7.24288000e+00
8.192560e+01 7.82191000e+00
8.204840e+01 8.42160000e+00
8.217120e+01 9.43584000e+00
8.229390e+01 1.12348000e+01
8.241670e+01 1.46904000e+01
8.247810e+01 1.76700000e+01
8.253950e+01 2.22504000e+01
8.260090e+01 2.97240000e+01
8.266230e+01 4.29590000e+01
8.269300e+01 5.36913000e+01
8.272360e+01 6.93759000e+01
8.275430e+01 9.34805000e+01
8.278500e+01 1.32979000e+02
8.281570e+01 2.03664000e+02
8.283110e+01 2.61502000e+02
8.284640e+01 3.46505000e+02
8.286180e+01 4.77445000e+02
8.287710e+01 6.89749000e+02
8.289250e+01 1.05323000e+03
8.290780e+01 1.68986000e+03
8.292390e+01 2.73168000e+03
8.294000e+01 3.45311000e+03
8.295610e+01 2.79740000e+03
8.297220e+01 1.77211000e+03
8.298860e+01 1.09744000e+03
8.300500e+01 7.19836000e+02
8.302130e+01 5.02185000e+02
8.303770e+01 3.68966000e+02
8.305410e+01 2.82584000e+02
8.307050e+01 2.23747000e+02
8.310320e+01 1.51360000e+02
8.313600e+01 1.10330000e+02
8.316880e+01 8.48615000e+01
8.323430e+01 5.61591000e+01
8.329980e+01 4.11330000e+01
8.336530e+01 3.22468000e+01
8.343080e+01 2.65277000e+01
8.349630e+01 2.26143000e+01
8.362740e+01 1.77196000e+01
8.375840e+01 1.48668000e+01
8.388940e+01 1.30545000e+01
8.402050e+01 1.18456000e+01
8.428250e+01 1.05386000e+01
8.441360e+01 1.03673000e+01
8.454460e+01 1.06779000e+01
8.467560e+01 1.20203000e+01
8.474110e+01 1.35923000e+01
8.480660e+01 1.65745000e+01
8.487220e+01 2.28314000e+01
8.490490e+01 2.87140000e+01
8.493770e+01 3.85672000e+01
8.497040e+01 5.66533000e+01
8.498680e+01 7.17840000e+01
8.500320e+01 9.44847000e+01
8.501960e+01 1.30329000e+02
8.503600e+01 1.90471000e+02
8.504410e+01 2.36160000e+02
8.505230e+01 2.98153000e+02
8.506050e+01 3.82948000e+02
8.506870e+01 4.97876000e+02
8.508440e+01 8.04359000e+02
8.510000e+01 1.01952000e+03
8.511570e+01 8.31038000e+02
8.513130e+01 5.31229000e+02
8.514980e+01 3.10485000e+02
8.516820e+01 1.97069000e+02
8.518670e+01 1.35730000e+02
8.520510e+01 9.97864000e+01
8.522360e+01 7.71406000e+01
8.524200e+01 6.20366000e+01
8.527900e+01 4.37990000e+01
8.531590e+01 3.36295000e+01
8.535280e+01 2.73809000e+01
8.542660e+01 2.04200000e+01
8.550040e+01 1.69267000e+01
8.557430e+01 1.53000000e+01
8.561120e+01 1.52267000e+01
8.564810e+01 1.61809000e+01
8.566650e+01 1.75257000e+01
8.568500e+01 2.02059000e+01
8.570350e+01 2.58352000e+01
8.571270e+01 3.08387000e+01
8.572190e+01 3.82489000e+01
8.573600e+01 5.46280000e+01
8.575000e+01 6.59911000e+01
8.576410e+01 5.54928000e+01
8.577810e+01 3.91053000e+01
8.579290e+01 2.79833000e+01
8.580770e+01 2.18309000e+01
8.582260e+01 1.82899000e+01
8.583740e+01 1.61045000e+01
8.586700e+01 1.36524000e+01
8.589660e+01 1.23493000e+01
8.595590e+01 1.09920000e+01
8.601520e+01 1.02626000e+01
8.613370e+01 9.42552000e+00
8.625220e+01 8.91126000e+00
8.648930e+01 8.25242000e+00
8.672630e+01 7.81877000e+00
8.720040e+01 7.24520000e+00
8.767460e+01 6.86646000e+00
8.814870e+01 6.61903000e+00
8.838570e+01 6.56155000e+00
8.862280e+01 6.59702000e+00
8.885980e+01 6.86250000e+00
8.897840e+01 7.21157000e+00
8.909690e+01 7.91972000e+00
8.921540e+01 9.51707000e+00
8.927470e+01 1.11179000e+01
8.933400e+01 1.39755000e+01
8.939320e+01 1.97286000e+01
8.942290e+01 2.50173000e+01
8.945250e+01 3.37547000e+01
8.948210e+01 4.95675000e+01
8.949690e+01 6.26644000e+01
8.951170e+01 8.21397000e+01
8.952660e+01 1.12622000e+02
8.954140e+01 1.63150000e+02
8.955620e+01 2.52381000e+02
8.956360e+01 3.21797000e+02
8.957100e+01 4.15013000e+02
8.958550e+01 6.67921000e+02
8.960000e+01 8.42582000e+02
8.961450e+01 6.81982000e+02
8.962900e+01 4.32574000e+02
8.964290e+01 2.75835000e+02
8.965690e+01 1.85494000e+02
8.967080e+01 1.32156000e+02
8.968470e+01 9.89441000e+01
8.969860e+01 7.71319000e+01
8.971250e+01 6.21553000e+01
8.974040e+01 4.35668000e+01
8.976820e+01 3.29409000e+01
8.979610e+01 2.63145000e+01
8.985180e+01 1.88137000e+01
8.990740e+01 1.48735000e+01
8.996310e+01 1.25391000e+01
9.007450e+01 1.00066000e+01
9.018590e+01 8.72116000e+00
9.029730e+01 7.97820000e+00
9.052000e+01 7.23300000e+00
9.074280e+01 7.05298000e+00
9.085410e+01 7.19851000e+00
9.096550e+01 7.64859000e+00
9.107690e+01 8.80138000e+00
9.113260e+01 9.99594000e+00
9.118830e+01 1.21467000e+01
9.124390e+01 1.64778000e+01
9.127180e+01 2.04428000e+01
9.129960e+01 2.69488000e+01
9.132750e+01 3.86042000e+01
9.135530e+01 6.21864000e+01
9.136920e+01 8.38246000e+01
9.138320e+01 1.18987000e+02
9.139710e+01 1.79285000e+02
9.141100e+01 2.85273000e+02
9.142550e+01 4.57460000e+02
9.144000e+01 5.76108000e+02
9.145450e+01 4.66917000e+02
9.146900e+01 2.97085000e+02
9.147980e+01 2.09731000e+02
9.149050e+01 1.52532000e+02
9.150120e+01 1.14950000e+02
9.151200e+01 8.96217000e+01
9.153350e+01 5.92519000e+01
9.155500e+01 4.27159000e+01
9.157650e+01 3.28143000e+01
9.159790e+01 2.64396000e+01
9.164090e+01 1.90105000e+01
9.168390e+01 1.50033000e+01
9.172690e+01 1.25885000e+01
9.181280e+01 9.92530000e+00
9.189880e+01 8.54439000e+00
9.198470e+01 7.72165000e+00
9.215670e+01 6.80187000e+00
9.232860e+01 6.29973000e+00
9.250050e+01 5.97693000e+00
9.284430e+01 5.56633000e+00
9.353200e+01 5.09143000e+00
9.421960e+01 4.79546000e+00
9.490720e+01 4.63667000e+00
9.559490e+01 4.72959000e+00
9.593870e+01 5.00426000e+00
9.628250e+01 5.73977000e+00
9.645440e+01 6.63347000e+00
9.654040e+01 7.45633000e+00
9.662640e+01 8.87108000e+00
9.671230e+01 1.16914000e+01
9.675530e+01 1.43243000e+01
9.679830e+01 1.88009000e+01
9.684120e+01 2.73299000e+01
9.686270e+01 3.47958000e+01
9.688420e+01 4.65570000e+01
9.689500e+01 5.51181000e+01
9.690570e+01 6.64648000e+01
9.691650e+01 8.19048000e+01
9.692720e+01 1.03465000e+02
9.693800e+01 1.34565000e+02
9.694870e+01 1.80781000e+02
9.695940e+01 2.51345000e+02
9.697020e+01 3.59330000e+02
9.697760e+01 4.61737000e+02
9.698510e+01 5.80115000e+02
9.700000e+01 7.35044000e+02
9.700750e+01 6.97787000e+02
9.701490e+01 5.98923000e+02
9.702980e+01 3.83148000e+02
9.704710e+01 2.26422000e+02
9.706440e+01 1.45183000e+02
9.708170e+01 1.00987000e+02
9.709900e+01 7.50137000e+01
9.711630e+01 5.86394000e+01
9.713360e+01 4.77286000e+01
9.716820e+01 3.46326000e+01
9.720280e+01 2.74294000e+01
9.723740e+01 2.31009000e+01
9.730660e+01 1.85142000e+01
9.744500e+01 1.55680000e+01
9.758340e+01 1.55682000e+01
9.786010e+01 1.95689000e+01
9.813690e+01 2.94398000e+01
9.827530e+01 3.83143000e+01
9.841360e+01 5.21331000e+01
9.855200e+01 7.48536000e+01
9.869040e+01 1.15274000e+02
9.875960e+01 1.48088000e+02
9.882880e+01 1.96056000e+02
9.889800e+01 2.69659000e+02
9.896720e+01 3.89957000e+02
9.903630e+01 6.03944000e+02
9.907090e+01 7.77907000e+02
9.910550e+01 1.03193000e+03
9.914010e+01 1.41936000e+03
9.917470e+01 2.03942000e+03
9.920930e+01 3.08060000e+03
9.924390e+01 4.86324000e+03
9.928200e+01 7.89582000e+03
9.932000e+01 1.00149000e+04
9.935810e+01 8.13138000e+03
9.939610e+01 5.15923000e+03
9.943390e+01 3.23482000e+03
9.947160e+01 2.14057000e+03
9.950930e+01 1.50155000e+03
9.954710e+01 1.10679000e+03
9.958480e+01 8.48910000e+02
9.962260e+01 6.72320000e+02
9.969810e+01 4.53697000e+02
9.977350e+01 3.28919000e+02
9.984900e+01 2.51062000e+02
1.000000e+02 1.62795000e+02
1.001090e+02 1.26666000e+02
1.002180e+02 1.02312000e+02
1.004370e+02 7.23112000e+01
1.006550e+02 5.50658000e+01
1.008730e+02 4.41334000e+01
1.013090e+02 3.13684000e+01
1.017460e+02 2.43022000e+01
1.021820e+02 1.98590000e+01
1.026190e+02 1.68356000e+01
1.028370e+02 1.57197000e+01
1.030550e+02 1.49950000e+01
1.031640e+02 1.50125000e+01
1.032190e+02 1.52845000e+01
1.032730e+02 1.59593000e+01
1.033280e+02 1.75562000e+01
1.033550e+02 1.91173000e+01
1.033820e+02 2.17472000e+01
1.034100e+02 2.65739000e+01
1.034370e+02 3.64905000e+01
1.034510e+02 4.56989000e+01
1.034640e+02 6.06069000e+01
1.034780e+02 8.61837000e+01
1.034910e+02 1.31111000e+02
1.035060e+02 2.05037000e+02
1.035200e+02 2.56819000e+02
1.035340e+02 2.11090000e+02
1.035490e+02 1.38605000e+02
1.035640e+02 8.88743000e+01
1.035790e+02 6.17394000e+01
1.035950e+02 4.63853000e+01
1.036100e+02 3.71412000e+01
1.036400e+02 2.70788000e+01
1.036710e+02 2.20517000e+01
1.037010e+02 1.91622000e+01
1.037320e+02 1.73421000e+01
1.037930e+02 1.52105000e+01
1.039150e+02 1.32362000e+01
1.040370e+02 1.22736000e+01
1.042810e+02 1.13364000e+01
1.045250e+02 1.12726000e+01
1.046470e+02 1.17443000e+01
1.047700e+02 1.28761000e+01
1.048920e+02 1.52834000e+01
1.050140e+02 2.04568000e+01
1.050750e+02 2.51781000e+01
1.051360e+02 3.26464000e+01
1.051970e+02 4.51462000e+01
1.052270e+02 5.46274000e+01
1.052580e+02 6.76229000e+01
1.052890e+02 8.60325000e+01
1.053190e+02 1.12890000e+02
1.053500e+02 1.53999000e+02
1.053800e+02 2.20697000e+02
1.054110e+02 3.37550000e+02
1.054260e+02 4.31202000e+02
1.054410e+02 5.64549000e+02
1.054560e+02 7.63963000e+02
1.054720e+02 1.06978000e+03
1.054870e+02 1.56176000e+03
1.055020e+02 2.34887000e+03
1.055210e+02 3.83039000e+03
1.055400e+02 4.89148000e+03
1.055590e+02 4.02789000e+03
1.055780e+02 2.59718000e+03
1.055970e+02 1.66546000e+03
1.056150e+02 1.12328000e+03
1.056340e+02 8.01256000e+02
1.056520e+02 6.00529000e+02
1.056700e+02 4.67204000e+02
1.056890e+02 3.75521000e+02
1.057260e+02 2.60382000e+02
1.057630e+02 1.93661000e+02
1.058000e+02 1.51691000e+02
1.058730e+02 1.03426000e+02
1.059470e+02 7.74979000e+01
1.060210e+02 6.18461000e+01
1.060950e+02 5.15663000e+01
1.061690e+02 4.43938000e+01
1.063160e+02 3.51767000e+01
1.064640e+02 2.96006000e+01
1.066120e+02 2.58976000e+01
1.067590e+02 2.32749000e+01
1.070550e+02 1.98091000e+01
1.073500e+02 1.76152000e+01
1.079410e+02 1.49535000e+01
1.085310e+02 1.33480000e+01
1.091220e+02 1.22343000e+01
1.103030e+02 1.07088000e+01
1.114840e+02 9.65663000e+00
1.120750e+02 9.26887000e+00
1.126660e+02 9.04591000e+00
1.129610e+02 9.06501000e+00
1.132560e+02 9.26966000e+00
1.135520e+02 9.84839000e+00
1.138470e+02 1.12729000e+01
1.139950e+02 1.26606000e+01
1.141420e+02 1.49514000e+01
1.142900e+02 1.89483000e+01
1.144370e+02 2.65051000e+01
1.145110e+02 3.29517000e+01
1.145850e+02 4.27411000e+01
1.146590e+02 5.84798000e+01
1.147330e+02 8.57733000e+01
1.148070e+02 1.38566000e+02
1.148440e+02 1.85012000e+02
1.148800e+02 2.58333000e+02
1.149170e+02 3.82472000e+02
1.149540e+02 6.12707000e+02
1.149730e+02 8.06126000e+02
1.149910e+02 1.09124000e+03
1.150100e+02 1.52702000e+03
1.150280e+02 2.18688000e+03
1.150540e+02 3.55714000e+03
1.150800e+02 4.52231000e+03
1.151060e+02 3.67823000e+03
1.151320e+02 2.33837000e+03
1.151570e+02 1.49806000e+03
1.151810e+02 1.00842000e+03
1.152060e+02 7.16967000e+02
1.152310e+02 5.34304000e+02
1.152800e+02 3.30520000e+02
1.153300e+02 2.26773000e+02
1.153790e+02 1.66913000e+02
1.154280e+02 1.29403000e+02
1.155270e+02 8.65498000e+01
1.156260e+02 6.37988000e+01
1.157240e+02 5.02149000e+01
1.158230e+02 4.13924000e+01
1.159220e+02 3.53033000e+01
1.161190e+02 2.75950000e+01
1.163170e+02 2.30221000e+01
1.165140e+02 2.00423000e+01
1.167120e+02 1.79664000e+01
1.171060e+02 1.52955000e+01
1.175010e+02 1.37425000e+01
1.176990e+02 1.33407000e+01
1.177970e+02 1.33165000e+01
1.178960e+02 1.35535000e+01
1.179950e+02 1.44171000e+01
1.180440e+02 1.54098000e+01
1.180940e+02 1.72704000e+01
1.181430e+02 2.11174000e+01
1.181680e+02 2.46664000e+01
1.181920e+02 3.04538000e+01
1.182170e+02 4.07499000e+01
1.182420e+02 6.11094000e+01
1.182540e+02 7.93450000e+01
1.182660e+02 1.07795000e+02
1.182790e+02 1.54311000e+02
1.182910e+02 2.31399000e+02
1.182980e+02 2.96305000e+02
1.183060e+02 3.71650000e+02
1.183200e+02 4.70905000e+02
1.183350e+02 3.86241000e+02
1.183490e+02 2.50850000e+02
1.183650e+02 1.56274000e+02
1.183810e+02 1.05245000e+02
1.183960e+02 7.62789000e+01
1.184120e+02 5.89038000e+01
1.184280e+02 4.76544000e+01
1.184440e+02 4.00730000e+01
1.184750e+02 3.07233000e+01
1.185070e+02 2.54061000e+01
1.185380e+02 2.20800000e+01
1.186010e+02 1.82735000e+01
1.186640e+02 1.62145000e+01
1.187270e+02 1.49505000e+01
1.188530e+02 1.34853000e+01
1.189790e+02 1.26519000e+01
1.191050e+02 1.21000000e+01
1.193570e+02 1.13771000e+01
1.198600e+02 1.05154000e+01
1.203640e+02 9.93725000e+00
1.213710e+02 9.08277000e+00
1.223790e+02 8.39093000e+00
1.233860e+02 7.78439000e+00
1.238900e+02 7.54696000e+00
1.243930e+02 7.46438000e+00
1.246450e+02 7.57070000e+00
1.248970e+02 7.90144000e+00
1.251490e+02 8.69780000e+00
1.254010e+02 1.05613000e+01
1.255270e+02 1.23512000e+01
1.256530e+02 1.52883000e+01
1.257790e+02 2.03849000e+01
1.259040e+02 2.99740000e+01
1.259670e+02 3.81046000e+01
1.260300e+02 5.03749000e+01
1.260930e+02 6.99726000e+01
1.261560e+02 1.03483000e+02
1.262190e+02 1.66997000e+02
1.262510e+02 2.21742000e+02
1.262820e+02 3.05906000e+02
1.263140e+02 4.44193000e+02
1.263450e+02 6.88451000e+02
1.263770e+02 1.15884000e+03
1.263920e+02 1.55331000e+03
1.264080e+02 2.11663000e+03
1.264340e+02 3.44998000e+03
1.264600e+02 4.39797000e+03
1.264860e+02 3.59799000e+03
1.265120e+02 2.30220000e+03
1.265320e+02 1.62109000e+03
1.265510e+02 1.17568000e+03
1.265700e+02 8.82332000e+02
1.265900e+02 6.83827000e+02
1.266290e+02 4.44876000e+02
1.266670e+02 3.13943000e+02
1.267060e+02 2.35050000e+02
1.267450e+02 1.83952000e+02
1.268230e+02 1.23925000e+02
1.269000e+02 9.11806000e+01
1.269780e+02 7.13071000e+01
1.270550e+02 5.82565000e+01
1.271330e+02 4.91815000e+01
1.272880e+02 3.76177000e+01
1.274440e+02 3.07300000e+01
1.275990e+02 2.62411000e+01
1.277540e+02 2.31215000e+01
1.280640e+02 1.91197000e+01
1.283750e+02 1.66922000e+01
1.286850e+02 1.50714000e+01
1.289960e+02 1.39133000e+01
1.296170e+02 1.23574000e+01
1.302380e+02 1.13405000e+01
1.314790e+02 1.00146000e+01
1.327210e+02 9.07262000e+00
1.333420e+02 8.64991000e+00
1.339630e+02 8.23513000e+00
1.345840e+02 7.84410000e+00
1.348950e+02 7.69921000e+00
1.352050e+02 7.68615000e+00
1.353600e+02 7.80402000e+00
1.355150e+02 8.10786000e+00
1.356710e+02 8.79187000e+00
1.358260e+02 1.03361000e+01
1.359040e+02 1.17938000e+01
1.359810e+02 1.41594000e+01
1.360590e+02 1.82241000e+01
1.361360e+02 2.57993000e+01
1.361750e+02 3.21726000e+01
1.362140e+02 4.17569000e+01
1.362530e+02 5.69534000e+01
1.362920e+02 8.28090000e+01
1.363110e+02 1.02957000e+02
1.363300e+02 1.31324000e+02
1.363500e+02 1.72802000e+02
1.363690e+02 2.36339000e+02
1.363890e+02 3.39464000e+02
1.364080e+02 5.19199000e+02
1.364180e+02 6.60715000e+02
1.364270e+02 8.58833000e+02
1.364370e+02 1.13985000e+03
1.364470e+02 1.53633000e+03
1.364630e+02 2.50845000e+03
1.364800e+02 3.19433000e+03
1.364970e+02 2.60467000e+03
1.365130e+02 1.66428000e+03
1.365270e+02 1.12650000e+03
1.365410e+02 7.91013000e+02
1.365550e+02 5.79890000e+02
1.365690e+02 4.41960000e+02
1.365970e+02 2.81709000e+02
1.366240e+02 1.97046000e+02
1.366520e+02 1.46900000e+02
1.366800e+02 1.14995000e+02
1.367350e+02 7.79246000e+01
1.367910e+02 5.79659000e+01
1.368460e+02 4.59260000e+01
1.369570e+02 3.26237000e+01
1.370690e+02 2.57434000e+01
1.371800e+02 2.17176000e+01
1.374020e+02 1.75801000e+01
1.376240e+02 1.63193000e+01
1.377350e+02 1.67893000e+01
1.378460e+02 1.86165000e+01
1.379570e+02 2.35131000e+01
1.380120e+02 2.86145000e+01
1.380680e+02 3.77228000e+01
1.381230e+02 5.56296000e+01
1.381510e+02 7.15512000e+01
1.381790e+02 9.66531000e+01
1.382060e+02 1.39292000e+02
1.382340e+02 2.17728000e+02
1.382480e+02 2.83201000e+02
1.382620e+02 3.79612000e+02
1.382760e+02 5.24856000e+02
1.382900e+02 7.41780000e+02
1.383100e+02 1.20731000e+03
1.383300e+02 1.54104000e+03
1.383500e+02 1.26390000e+03
1.383700e+02 8.12487000e+02
1.383930e+02 4.89170000e+02
1.384160e+02 3.17071000e+02
1.384390e+02 2.21494000e+02
1.384610e+02 1.64389000e+02
1.384840e+02 1.27920000e+02
1.385070e+02 1.03312000e+02
1.385520e+02 7.32340000e+01
1.385970e+02 5.62186000e+01
1.386430e+02 4.56199000e+01
1.387340e+02 3.35491000e+01
1.388240e+02 2.70998000e+01
1.389150e+02 2.31899000e+01
1.390060e+02 2.06044000e+01
1.390970e+02 1.87828000e+01
1.392780e+02 1.64024000e+01
1.394600e+02 1.49204000e+01
1.398230e+02 1.31673000e+01
1.401860e+02 1.21471000e+01
1.405500e+02 1.14646000e+01
1.412760e+02 1.05765000e+01
1.420020e+02 9.99146000e+00
1.427290e+02 9.55604000e+00
1.430920e+02 9.38653000e+00
1.432730e+02 9.32578000e+00
1.434550e+02 9.30467000e+00
1.436370e+02 9.38971000e+00
1.437270e+02 9.53607000e+00
1.438180e+02 9.85828000e+00
1.439090e+02 1.06189000e+01
1.439540e+02 1.13932000e+01
1.440000e+02 1.27777000e+01
1.440450e+02 1.55352000e+01
1.440680e+02 1.80240000e+01
1.440910e+02 2.20380000e+01
1.441130e+02 2.90227000e+01
1.441360e+02 4.24807000e+01
1.441470e+02 5.42375000e+01
1.441590e+02 7.21206000e+01
1.441700e+02 1.00446000e+02
1.441810e+02 1.45656000e+02
1.441880e+02 1.85796000e+02
1.441960e+02 2.32347000e+02
1.442100e+02 2.94083000e+02
1.442240e+02 2.41802000e+02
1.442390e+02 1.57468000e+02
1.442550e+02 9.82975000e+01
1.442700e+02 6.64176000e+01
1.442860e+02 4.85546000e+01
1.443020e+02 3.78207000e+01
1.443180e+02 3.09415000e+01
1.443340e+02 2.62895000e+01
1.443650e+02 2.06082000e+01
1.443970e+02 1.73800000e+01
1.444280e+02 1.53712000e+01
1.444910e+02 1.30907000e+01
1.445550e+02 1.18738000e+01
1.446180e+02 1.11388000e+01
1.447440e+02 1.03102000e+01
1.448700e+02 9.85862000e+00
1.449970e+02 9.57207000e+00
1.452490e+02 9.21633000e+00
1.457540e+02 8.81484000e+00
1.462590e+02 8.54233000e+00
1.467640e+02 8.31761000e+00
1.470170e+02 8.22561000e+00
1.472690e+02 8.17068000e+00
1.475220e+02 8.23077000e+00
1.476480e+02 8.38445000e+00
1.477740e+02 8.76126000e+00
1.479010e+02 9.72606000e+00
1.479640e+02 1.07599000e+01
1.480270e+02 1.26850000e+01
1.480900e+02 1.67213000e+01
1.481220e+02 2.05314000e+01
1.481530e+02 2.69181000e+01
1.481850e+02 3.87227000e+01
1.482010e+02 4.86304000e+01
1.482160e+02 6.34080000e+01
1.482320e+02 8.68866000e+01
1.482480e+02 1.26288000e+02
1.482560e+02 1.56200000e+02
1.482640e+02 1.96744000e+02
1.482720e+02 2.52124000e+02
1.482790e+02 3.26086000e+02
1.482870e+02 4.20598000e+02
1.482950e+02 5.28862000e+02
1.483100e+02 6.74201000e+02
1.483180e+02 6.41912000e+02
1.483250e+02 5.53546000e+02
1.483410e+02 3.56958000e+02
1.483510e+02 2.61562000e+02
1.483610e+02 1.96306000e+02
1.483720e+02 1.51826000e+02
1.483820e+02 1.20886000e+02
1.484030e+02 8.25520000e+01
1.484240e+02 6.10213000e+01
1.484450e+02 4.77244000e+01
1.484650e+02 3.90008000e+01
1.485070e+02 2.86439000e+01
1.485480e+02 2.29188000e+01
1.485900e+02 1.94231000e+01
1.486730e+02 1.55142000e+01
1.487560e+02 1.34803000e+01
1.488390e+02 1.23008000e+01
1.490050e+02 1.11684000e+01
1.491710e+02 1.10877000e+01
1.492540e+02 1.15567000e+01
1.493370e+02 1.27246000e+01
1.494210e+02 1.55224000e+01
1.494620e+02 1.83323000e+01
1.495040e+02 2.32703000e+01
1.495450e+02 3.28964000e+01
1.495660e+02 4.13895000e+01
1.495870e+02 5.47034000e+01
1.496070e+02 7.72444000e+01
1.496280e+02 1.18449000e+02
1.496390e+02 1.52741000e+02
1.496490e+02 2.03073000e+02
1.496590e+02 2.78610000e+02
1.496700e+02 3.90600000e+02
1.496850e+02 6.31712000e+02
1.497000e+02 8.02950000e+02
1.497150e+02 6.57464000e+02
1.497300e+02 4.22796000e+02
1.497400e+02 3.13131000e+02
1.497500e+02 2.37589000e+02
1.497700e+02 1.48208000e+02
1.497890e+02 1.01688000e+02
1.498090e+02 7.50723000e+01
1.498290e+02 5.85745000e+01
1.498480e+02 4.76783000e+01
1.498870e+02 3.46394000e+01
1.499270e+02 2.73973000e+01
1.499660e+02 2.29602000e+01
1.500440e+02 1.79679000e+01
1.501230e+02 1.53281000e+01
1.502010e+02 1.37416000e+01
1.502800e+02 1.26965000e+01
1.503580e+02 1.19639000e+01
1.505150e+02 1.10088000e+01
1.506720e+02 1.04155000e+01
1.509860e+02 9.71223000e+00
1.512990e+02 9.29942000e+00
1.516130e+02 9.01893000e+00
1.522410e+02 8.64313000e+00
1.528680e+02 8.38452000e+00
1.534960e+02 8.18223000e+00
1.547510e+02 7.85925000e+00
1.572620e+02 7.33421000e+00
1.585170e+02 7.08664000e+00
1.588310e+02 7.02788000e+00
1.591440e+02 6.98337000e+00
1.593010e+02 6.98488000e+00
1.593800e+02 7.00560000e+00
1.594580e+02 7.05994000e+00
1.595370e+02 7.19748000e+00
1.595760e+02 7.33990000e+00
1.596150e+02 7.59466000e+00
1.596540e+02 8.09718000e+00
1.596740e+02 8.54424000e+00
1.596930e+02 9.25331000e+00
1.597130e+02 1.04568000e+01
1.597330e+02 1.26878000e+01
1.597420e+02 1.45512000e+01
1.597520e+02 1.73033000e+01
1.597620e+02 2.14660000e+01
1.597720e+02 2.77680000e+01
1.597860e+02 4.11168000e+01
1.598000e+02 5.06816000e+01
1.598140e+02 4.26886000e+01
1.598280e+02 2.97273000e+01
1.598410e+02 2.18241000e+01
1.598540e+02 1.70875000e+01
1.598670e+02 1.42029000e+01
1.598790e+02 1.23748000e+01
1.599050e+02 1.02788000e+01
1.599300e+02 9.19295000e+00
1.599560e+02 8.55556000e+00
1.599820e+02 8.15143000e+00
1.600330e+02 7.68035000e+00
1.600840e+02 7.42298000e+00
1.601350e+02 7.26377000e+00
1.602370e+02 7.07825000e+00
1.604410e+02 6.89954000e+00
1.606460e+02 6.80094000e+00
1.614630e+02 6.55988000e+00
1.630980e+02 6.15804000e+00
1.639160e+02 5.95147000e+00
1.643250e+02 5.85269000e+00
1.647330e+02 5.77378000e+00
1.651420e+02 5.76831000e+00
1.653460e+02 5.84901000e+00
1.655510e+02 6.08495000e+00
1.656530e+02 6.32825000e+00
1.657550e+02 6.74058000e+00
1.658570e+02 7.47334000e+00
1.659600e+02 8.88122000e+00
1.660110e+02 1.00927000e+01
1.660620e+02 1.19488000e+01
1.661130e+02 1.49601000e+01
1.661640e+02 2.02432000e+01
1.662150e+02 3.06158000e+01
1.662410e+02 3.99294000e+01
1.662660e+02 5.48340000e+01
1.662920e+02 8.08175000e+01
1.663050e+02 1.01460000e+02
1.663170e+02 1.30686000e+02
1.663300e+02 1.74270000e+02
1.663430e+02 2.40777000e+02
1.663560e+02 3.47593000e+02
1.663680e+02 5.17919000e+02
1.663840e+02 8.38387000e+02
1.664000e+02 1.06278000e+03
1.664160e+02 8.63817000e+02
1.664320e+02 5.49695000e+02
1.664480e+02 3.38607000e+02
1.664650e+02 2.22044000e+02
1.664820e+02 1.55525000e+02
1.664980e+02 1.15077000e+02
1.665150e+02 8.89608000e+01
1.665310e+02 7.12199000e+01
1.665650e+02 4.94368000e+01
1.665980e+02 3.71008000e+01
1.666310e+02 2.94398000e+01
1.666970e+02 2.07863000e+01
1.667640e+02 1.62361000e+01
1.668300e+02 1.35290000e+01
1.668970e+02 1.17749000e+01
1.669630e+02 1.05663000e+01
1.670960e+02 9.03115000e+00
1.672280e+02 8.11386000e+00
1.674940e+02 7.07956000e+00
1.677590e+02 6.50682000e+00
1.680250e+02 6.13235000e+00
1.685560e+02 5.64165000e+00
1.696180e+02 5.03359000e+00
1.706800e+02 4.64565000e+00
1.712110e+02 4.56131000e+00
1.717420e+02 4.63534000e+00
1.722730e+02 5.04283000e+00
1.728040e+02 6.22601000e+00
1.730700e+02 7.44223000e+00
1.733350e+02 9.49420000e+00
1.736010e+02 1.31116000e+01
1.738660e+02 1.99726000e+01
1.739990e+02 2.58073000e+01
1.741320e+02 3.46463000e+01
1.742640e+02 4.88319000e+01
1.743970e+02 7.34068000e+01
1.745300e+02 1.21209000e+02
1.745960e+02 1.63877000e+02
1.746630e+02 2.32427000e+02
1.747290e+02 3.52608000e+02
1.747950e+02 5.89230000e+02
1.748290e+02 8.01111000e+02
1.748620e+02 1.13778000e+03
1.748950e+02 1.69880000e+03
1.749280e+02 2.64632000e+03
1.749640e+02 4.20228000e+03
1.750000e+02 5.21400000e+03
1.750360e+02 4.15611000e+03
1.750720e+02 2.58857000e+03
1.750990e+02 1.77630000e+03
1.751270e+02 1.25429000e+03
1.751540e+02 9.16256000e+02
1.751810e+02 6.90971000e+02
1.752350e+02 4.24771000e+02
1.752900e+02 2.83202000e+02
1.753440e+02 2.00357000e+02
1.753990e+02 1.48998000e+02
1.754530e+02 1.16146000e+02
1.755080e+02 9.55723000e+01
1.755620e+02 8.44857000e+01
1.756160e+02 8.25399000e+01
1.756440e+02 8.55562000e+01
1.756710e+02 9.19464000e+01
1.756980e+02 1.02696000e+02
1.757250e+02 1.19358000e+02
1.757530e+02 1.44527000e+02
1.757800e+02 1.82102000e+02
1.758070e+02 2.39074000e+02
1.758340e+02 3.27698000e+02
1.758610e+02 4.70805000e+02
1.758890e+02 7.13095000e+02
1.759160e+02 1.14460000e+03
1.759290e+02 1.48052000e+03
1.759430e+02 1.93254000e+03
1.759720e+02 3.28989000e+03
1.760000e+02 4.38030000e+03
1.760290e+02 3.74705000e+03
1.760570e+02 2.50404000e+03
1.760770e+02 1.86314000e+03
1.760960e+02 1.41839000e+03
1.761160e+02 1.10888000e+03
1.761360e+02 8.91661000e+02
1.761750e+02 6.16573000e+02
1.762140e+02 4.57465000e+02
1.762540e+02 3.57309000e+02
1.762930e+02 2.89961000e+02
1.763710e+02 2.07182000e+02
1.764500e+02 1.59334000e+02
1.765290e+02 1.28751000e+02
1.766860e+02 9.25477000e+01
1.768430e+02 7.21356000e+01
1.770000e+02 5.91892000e+01
1.773140e+02 4.38431000e+01
1.776290e+02 3.51565000e+01
1.779430e+02 2.96600000e+01
1.781000e+02 2.76853000e+01
1.782570e+02 2.62646000e+01
1.783360e+02 2.59601000e+01
1.784140e+02 2.65031000e+01
1.784540e+02 2.77134000e+01
1.784930e+02 3.09001000e+01
1.785130e+02 3.43786000e+01
1.785320e+02 4.08881000e+01
1.785520e+02 5.43870000e+01
1.785620e+02 6.65143000e+01
1.785710e+02 8.47780000e+01
1.785860e+02 1.23870000e+02
1.786000e+02 1.51654000e+02
1.786140e+02 1.27812000e+02
1.786290e+02 8.95414000e+01
1.786450e+02 6.20720000e+01
1.786610e+02 4.75215000e+01
1.786770e+02 3.94422000e+01
1.786930e+02 3.45937000e+01
1.787260e+02 2.93347000e+01
1.787580e+02 2.66606000e+01
1.787910e+02 2.50622000e+01
1.788230e+02 2.39981000e+01
1.788880e+02 2.26354000e+01
1.790170e+02 2.10863000e+01
1.791470e+02 2.00843000e+01
1.794060e+02 1.86363000e+01
1.796640e+02 1.75291000e+01
1.801820e+02 1.58362000e+01
1.807000e+02 1.45624000e+01
1.817360e+02 1.27197000e+01
1.819950e+02 1.23630000e+01
1.822540e+02 1.20813000e+01
1.823830e+02 1.20331000e+01
1.824480e+02 1.20827000e+01
1.825130e+02 1.22551000e+01
1.825780e+02 1.27279000e+01
1.826100e+02 1.32275000e+01
1.826420e+02 1.41171000e+01
1.826750e+02 1.58520000e+01
1.826910e+02 1.73642000e+01
1.827070e+02 1.96870000e+01
1.827230e+02 2.35049000e+01
1.827390e+02 3.01909000e+01
1.827560e+02 4.28380000e+01
1.827720e+02 6.77837000e+01
1.827860e+02 1.04627000e+02
1.828000e+02 1.31817000e+02
1.828140e+02 1.10965000e+02
1.828280e+02 7.56887000e+01
1.828390e+02 5.73127000e+01
1.828490e+02 4.51459000e+01
1.828600e+02 3.69398000e+01
1.828700e+02 3.13749000e+01
1.828910e+02 2.45417000e+01
1.829110e+02 2.07473000e+01
1.829320e+02 1.84123000e+01
1.829520e+02 1.68843000e+01
1.829940e+02 1.50447000e+01
1.830350e+02 1.40088000e+01
1.830760e+02 1.33556000e+01
1.831590e+02 1.25832000e+01
1.832420e+02 1.21366000e+01
1.833240e+02 1.18372000e+01
1.834890e+02 1.14386000e+01
1.838200e+02 1.09429000e+01
1.841500e+02 1.05893000e+01
1.844810e+02 1.02996000e+01
1.848110e+02 1.00693000e+01
1.849760e+02 1.00043000e+01
1.851410e+02 1.00679000e+01
1.852240e+02 1.02670000e+01
1.852650e+02 1.04884000e+01
1.853070e+02 1.08952000e+01
1.853480e+02 1.17112000e+01
1.853690e+02 1.24461000e+01
1.853890e+02 1.36140000e+01
1.854100e+02 1.56234000e+01
1.854300e+02 1.93766000e+01
1.854410e+02 2.25849000e+01
1.854510e+02 2.73407000e+01
1.854610e+02 3.46385000e+01
1.854720e+02 4.58641000e+01
1.854860e+02 6.86945000e+01
1.855000e+02 8.46049000e+01
1.855140e+02 7.05737000e+01
1.855280e+02 4.84131000e+01
1.855430e+02 3.34483000e+01
1.855580e+02 2.51739000e+01
1.855720e+02 2.04113000e+01
1.855870e+02 1.74951000e+01
1.856020e+02 1.55900000e+01
1.856160e+02 1.42989000e+01
1.856450e+02 1.26998000e+01
1.856750e+02 1.17797000e+01
1.857040e+02 1.12017000e+01
1.857620e+02 1.05295000e+01
1.858210e+02 1.01577000e+01
1.858790e+02 9.92148000e+00
1.859960e+02 9.63031000e+00
1.862300e+02 9.30829000e+00
1.864640e+02 9.09552000e+00
1.874000e+02 8.47288000e+00
1.883360e+02 7.94340000e+00
1.885700e+02 7.83060000e+00
1.888040e+02 7.77258000e+00
1.889210e+02 7.82713000e+00
1.889790e+02 7.92168000e+00
1.890380e+02 8.12628000e+00
1.890960e+02 8.59313000e+00
1.891260e+02 9.05181000e+00
1.891550e+02 9.83582000e+00
1.891840e+02 1.13079000e+01
1.892130e+02 1.44244000e+01
1.892280e+02 1.73993000e+01
1.892430e+02 2.24091000e+01
1.892570e+02 3.13969000e+01
1.892720e+02 4.81004000e+01
1.892860e+02 7.44317000e+01
1.893000e+02 9.33992000e+01
1.893140e+02 7.80426000e+01
1.893280e+02 5.28474000e+01
1.893390e+02 3.95066000e+01
1.893490e+02 3.07844000e+01
1.893600e+02 2.50124000e+01
1.893700e+02 2.10889000e+01
1.893910e+02 1.63382000e+01
1.894120e+02 1.37141000e+01
1.894340e+02 1.21145000e+01
1.894550e+02 1.10756000e+01
1.894970e+02 9.83895000e+00
1.895390e+02 9.14909000e+00
1.895810e+02 8.72010000e+00
1.896650e+02 8.22073000e+00
1.898330e+02 7.75314000e+00
1.900010e+02 7.51355000e+00
1.906730e+02 7.04031000e+00
1.913460e+02 6.82316000e+00
1.920180e+02 6.93887000e+00
1.923550e+02 7.27530000e+00
1.926910e+02 8.01269000e+00
1.930270e+02 9.55184000e+00
1.933630e+02 1.28683000e+01
1.935310e+02 1.59166000e+01
1.936990e+02 2.07809000e+01
1.938680e+02 2.89865000e+01
1.940360e+02 4.39512000e+01
1.941200e+02 5.63138000e+01
1.942040e+02 7.45698000e+01
1.942880e+02 1.02930000e+02
1.943720e+02 1.49732000e+02
1.944560e+02 2.34004000e+02
1.944980e+02 3.02967000e+02
1.945400e+02 4.04254000e+02
1.945820e+02 5.60055000e+02
1.946240e+02 8.10601000e+02
1.946660e+02 1.23439000e+03
1.947080e+02 1.96616000e+03
1.947540e+02 3.21821000e+03
1.948000e+02 4.11679000e+03
1.948460e+02 3.37180000e+03
1.948920e+02 2.15852000e+03
1.949320e+02 1.44721000e+03
1.949710e+02 1.00979000e+03
1.950110e+02 7.37064000e+02
1.950500e+02 5.60075000e+02
1.951290e+02 3.55497000e+02
1.952080e+02 2.47808000e+02
1.952870e+02 1.84360000e+02
1.953660e+02 1.43937000e+02
1.955240e+02 9.70169000e+01
1.956830e+02 7.16892000e+01
1.958410e+02 5.63452000e+01
1.959990e+02 4.62691000e+01
1.961570e+02 3.92464000e+01
1.964730e+02 3.02452000e+01
1.967890e+02 2.48087000e+01
1.971050e+02 2.12037000e+01
1.974220e+02 1.86471000e+01
1.980540e+02 1.53000000e+01
1.983700e+02 1.42315000e+01
1.986860e+02 1.36173000e+01
1.990030e+02 1.39285000e+01
1.991610e+02 1.49421000e+01
1.993190e+02 1.74163000e+01
1.994770e+02 2.35935000e+01
1.995560e+02 3.00685000e+01
1.996350e+02 4.18403000e+01
1.997140e+02 6.57344000e+01
1.997540e+02 8.75507000e+01
1.997930e+02 1.23077000e+02
1.998330e+02 1.85791000e+02
1.998530e+02 2.36105000e+02
1.998720e+02 3.08088000e+02
1.998920e+02 4.16017000e+02
1.999120e+02 5.82677000e+02
1.999320e+02 8.52340000e+02
1.999510e+02 1.28866000e+03
1.999760e+02 2.11189000e+03
2.000000e+02 2.70858000e+03
2.000240e+02 2.22618000e+03
2.000490e+02 1.43150000e+03
2.000670e+02 1.01648000e+03
2.000850e+02 7.42264000e+02
2.001030e+02 5.61014000e+02
2.001210e+02 4.38531000e+02
2.001570e+02 2.89847000e+02
2.001930e+02 2.07876000e+02
2.002290e+02 1.58223000e+02
2.002660e+02 1.25910000e+02
2.003380e+02 8.77126000e+01
2.004100e+02 6.66983000e+01
2.004820e+02 5.38403000e+01
2.006270e+02 3.93571000e+01
2.007710e+02 3.16551000e+01
2.009160e+02 2.69833000e+01
2.010600e+02 2.38793000e+01
2.012040e+02 2.16777000e+01
2.014930e+02 1.87653000e+01
2.017820e+02 1.69168000e+01
2.023600e+02 1.46546000e+01
2.029370e+02 1.32616000e+01
2.035150e+02 1.22702000e+01
2.038040e+02 1.18822000e+01
2.039480e+02 1.17301000e+01
2.040930e+02 1.16407000e+01
2.042370e+02 1.17136000e+01
2.043100e+02 1.19065000e+01
2.043820e+02 1.23612000e+01
2.044540e+02 1.34571000e+01
2.044900e+02 1.45692000e+01
2.045260e+02 1.65306000e+01
2.045620e+02 2.03321000e+01
2.045800e+02 2.36675000e+01
2.045980e+02 2.88361000e+01
2.046160e+02 3.74399000e+01
2.046340e+02 5.27115000e+01
2.046530e+02 8.26669000e+01
2.046620e+02 1.08026000e+02
2.046710e+02 1.44575000e+02
2.046780e+02 1.84703000e+02
2.046850e+02 2.31507000e+02
2.047000e+02 2.94376000e+02
2.047150e+02 2.43883000e+02
2.047300e+02 1.60788000e+02
2.047440e+02 1.06953000e+02
2.047580e+02 7.58122000e+01
2.047720e+02 5.72384000e+01
2.047860e+02 4.55625000e+01
2.048150e+02 3.24643000e+01
2.048430e+02 2.57222000e+01
2.048720e+02 2.17889000e+01
2.049000e+02 1.93006000e+01
2.049570e+02 1.64078000e+01
2.050140e+02 1.48241000e+01
2.050710e+02 1.38462000e+01
2.051840e+02 1.27102000e+01
2.052980e+02 1.20643000e+01
2.054120e+02 1.16368000e+01
2.056390e+02 1.10750000e+01
2.060940e+02 1.03813000e+01
2.065480e+02 9.87526000e+00
2.070030e+02 9.44861000e+00
2.072300e+02 9.27672000e+00
2.074580e+02 9.18492000e+00
2.076850e+02 9.34247000e+00
2.077990e+02 9.68839000e+00
2.079120e+02 1.05136000e+01
2.080260e+02 1.25902000e+01
2.080830e+02 1.47933000e+01
2.081400e+02 1.88417000e+01
2.081970e+02 2.71802000e+01
2.082250e+02 3.48862000e+01
2.082540e+02 4.75806000e+01
2.082820e+02 7.02593000e+01
2.082960e+02 8.86932000e+01
2.083100e+02 1.15550000e+02
2.083250e+02 1.56278000e+02
2.083390e+02 2.20868000e+02
2.083530e+02 3.27774000e+02
2.083670e+02 5.07522000e+02
2.083840e+02 8.31042000e+02
2.084000e+02 1.06453000e+03
2.084080e+02 1.01524000e+03
2.084170e+02 8.75814000e+02
2.084330e+02 5.66037000e+02
2.084460e+02 3.97144000e+02
2.084580e+02 2.88458000e+02
2.084710e+02 2.17639000e+02
2.084840e+02 1.70089000e+02
2.085090e+02 1.13249000e+02
2.085350e+02 8.22632000e+01
2.085600e+02 6.35658000e+01
2.085860e+02 5.15081000e+01
2.086360e+02 3.73037000e+01
2.086870e+02 2.95053000e+01
2.087380e+02 2.47414000e+01
2.088400e+02 1.93741000e+01
2.089410e+02 1.65143000e+01
2.090430e+02 1.47735000e+01
2.092460e+02 1.27852000e+01
2.094500e+02 1.16786000e+01
2.096530e+02 1.09623000e+01
2.100600e+02 1.00500000e+01
2.104660e+02 9.44708000e+00
2.108730e+02 8.97985000e+00
2.116870e+02 8.22119000e+00
2.125000e+02 7.59108000e+00
2.129070e+02 7.36512000e+00
2.133130e+02 7.33469000e+00
2.135170e+02 7.49838000e+00
2.137200e+02 7.92533000e+00
2.139230e+02 8.88415000e+00
2.141270e+02 1.10261000e+01
2.142280e+02 1.30235000e+01
2.143300e+02 1.62325000e+01
2.144320e+02 2.16645000e+01
2.145330e+02 3.15619000e+01
2.145840e+02 3.97324000e+01
2.146350e+02 5.17530000e+01
2.146860e+02 7.03527000e+01
2.147370e+02 1.00797000e+02
2.147880e+02 1.55013000e+02
2.148130e+02 1.98803000e+02
2.148390e+02 2.62325000e+02
2.148640e+02 3.58146000e+02
2.148890e+02 5.09077000e+02
2.149150e+02 7.56720000e+02
2.149400e+02 1.16873000e+03
2.149700e+02 1.91759000e+03
2.150000e+02 2.45715000e+03
2.150300e+02 2.01782000e+03
2.150600e+02 1.29739000e+03
2.150840e+02 9.01485000e+02
2.151070e+02 6.47529000e+02
2.151310e+02 4.83165000e+02
2.151540e+02 3.73402000e+02
2.152010e+02 2.42942000e+02
2.152480e+02 1.72238000e+02
2.152950e+02 1.29881000e+02
2.153420e+02 1.02526000e+02
2.154360e+02 7.04326000e+01
2.155300e+02 5.29451000e+01
2.156240e+02 4.23283000e+01
2.158120e+02 3.07114000e+01
2.160000e+02 2.54822000e+01
2.160940e+02 2.46442000e+01
2.161880e+02 2.54880000e+01
2.162820e+02 2.97461000e+01
2.163290e+02 3.47175000e+01
2.163760e+02 4.39181000e+01
2.164230e+02 6.23172000e+01
2.164470e+02 7.87018000e+01
2.164700e+02 1.04581000e+02
2.164940e+02 1.48109000e+02
2.165170e+02 2.27510000e+02
2.165290e+02 2.93010000e+02
2.165410e+02 3.87309000e+02
2.165520e+02 5.28146000e+02
2.165640e+02 7.34547000e+02
2.165820e+02 1.19787000e+03
2.166000e+02 1.53401000e+03
2.166180e+02 1.26313000e+03
2.166360e+02 8.15933000e+02
2.166480e+02 6.03236000e+02
2.166600e+02 4.56930000e+02
2.166830e+02 2.84528000e+02
2.167070e+02 1.94777000e+02
2.167310e+02 1.43699000e+02
2.167540e+02 1.11863000e+02
2.167780e+02 9.08720000e+01
2.168250e+02 6.55513000e+01
2.168730e+02 5.13732000e+01
2.169200e+02 4.25527000e+01
2.170140e+02 3.24292000e+01
2.171090e+02 2.69051000e+01
2.172040e+02 2.34593000e+01
2.173930e+02 1.93892000e+01
2.175820e+02 1.70246000e+01
2.177710e+02 1.54425000e+01
2.181490e+02 1.33805000e+01
2.185280e+02 1.20743000e+01
2.187170e+02 1.16524000e+01
2.189060e+02 1.14985000e+01
2.190950e+02 1.20155000e+01
2.191900e+02 1.29291000e+01
2.192840e+02 1.49547000e+01
2.193790e+02 1.97550000e+01
2.194260e+02 2.46262000e+01
2.194730e+02 3.32594000e+01
2.195210e+02 5.01324000e+01
2.195440e+02 6.50467000e+01
2.195680e+02 8.83656000e+01
2.195920e+02 1.27508000e+02
2.196150e+02 1.97982000e+02
2.196270e+02 2.55264000e+02
2.196390e+02 3.37679000e+02
2.196510e+02 4.58343000e+02
2.196630e+02 6.34538000e+02
2.196810e+02 1.04355000e+03
2.197000e+02 1.34276000e+03
2.197190e+02 1.11050000e+03
2.197380e+02 7.21109000e+02
2.197570e+02 4.49906000e+02
2.197770e+02 3.00003000e+02
2.197970e+02 2.13879000e+02
2.198170e+02 1.61145000e+02
2.198370e+02 1.26848000e+02
2.198560e+02 1.03379000e+02
2.198960e+02 7.42555000e+01
2.199360e+02 5.74805000e+01
2.199750e+02 4.69384000e+01
2.200550e+02 3.47787000e+01
2.201340e+02 2.81883000e+01
2.202130e+02 2.41598000e+01
2.203710e+02 1.95709000e+01
2.205300e+02 1.70597000e+01
2.206880e+02 1.54770000e+01
2.210050e+02 1.35653000e+01
2.213220e+02 1.24160000e+01
2.216390e+02 1.16657000e+01
2.217980e+02 1.14682000e+01
2.218770e+02 1.14739000e+01
2.219560e+02 1.16449000e+01
2.220350e+02 1.22215000e+01
2.220750e+02 1.28714000e+01
2.221150e+02 1.40791000e+01
2.221540e+02 1.65339000e+01
2.221740e+02 1.87608000e+01
2.221940e+02 2.23452000e+01
2.222140e+02 2.85339000e+01
2.222330e+02 4.02634000e+01
2.222430e+02 5.02626000e+01
2.222530e+02 6.53096000e+01
2.222630e+02 8.85913000e+01
2.222730e+02 1.24755000e+02
2.222800e+02 1.59049000e+02
2.222870e+02 1.98395000e+02
2.223000e+02 2.51778000e+02
2.223140e+02 2.08566000e+02
2.223270e+02 1.37433000e+02
2.223390e+02 9.59672000e+01
2.223500e+02 7.02441000e+01
2.223620e+02 5.41286000e+01
2.223730e+02 4.37024000e+01
2.223960e+02 3.15156000e+01
2.224190e+02 2.50368000e+01
2.224420e+02 2.11941000e+01
2.224650e+02 1.87226000e+01
2.225100e+02 1.58189000e+01
2.225560e+02 1.42141000e+01
2.226020e+02 1.32180000e+01
2.226940e+02 1.20530000e+01
2.227850e+02 1.13844000e+01
2.228770e+02 1.09377000e+01
2.230600e+02 1.03410000e+01
2.234270e+02 9.58544000e+00
2.237930e+02 9.04176000e+00
2.241600e+02 8.68550000e+00
2.243430e+02 8.68567000e+00
2.245260e+02 9.03578000e+00
2.246180e+02 9.50605000e+00
2.247090e+02 1.03851000e+01
2.248010e+02 1.20528000e+01
2.248930e+02 1.53960000e+01
2.249840e+02 2.28504000e+01
2.250300e+02 3.01628000e+01
2.250760e+02 4.28243000e+01
2.250990e+02 5.27933000e+01
2.251220e+02 6.69118000e+01
2.251450e+02 8.76479000e+01
2.251680e+02 1.19497000e+02
2.251900e+02 1.71194000e+02
2.252130e+02 2.60968000e+02
2.252250e+02 3.31613000e+02
2.252360e+02 4.29057000e+02
2.252480e+02 5.67444000e+02
2.252590e+02 7.59478000e+02
2.252800e+02 1.25370000e+03
2.253000e+02 1.61651000e+03
2.253210e+02 1.33561000e+03
2.253410e+02 8.64960000e+02
2.253610e+02 5.56014000e+02
2.253810e+02 3.77929000e+02
2.254010e+02 2.72229000e+02
2.254210e+02 2.06002000e+02
2.254410e+02 1.62225000e+02
2.254610e+02 1.31913000e+02
2.255010e+02 9.38643000e+01
2.255410e+02 7.17206000e+01
2.255810e+02 5.77203000e+01
2.256610e+02 4.15063000e+01
2.257410e+02 3.27091000e+01
2.258210e+02 2.73448000e+01
2.259010e+02 2.37832000e+01
2.259810e+02 2.12774000e+01
2.261410e+02 1.80111000e+01
2.263020e+02 1.59926000e+01
2.266220e+02 1.36298000e+01
2.269420e+02 1.22665000e+01
2.272620e+02 1.13496000e+01
2.279030e+02 1.01197000e+01
2.285430e+02 9.27339000e+00
2.288630e+02 8.95808000e+00
2.291830e+02 8.76509000e+00
2.295040e+02 8.87583000e+00
2.296640e+02 9.22523000e+00
2.298240e+02 1.00745000e+01
2.299840e+02 1.21846000e+01
2.300640e+02 1.43954000e+01
2.301440e+02 1.84361000e+01
2.302240e+02 2.67704000e+01
2.302640e+02 3.45563000e+01
2.303040e+02 4.76042000e+01
2.303440e+02 7.16544000e+01
2.303640e+02 9.19088000e+01
2.303840e+02 1.22534000e+02
2.304040e+02 1.71451000e+02
2.304240e+02 2.54955000e+02
2.304440e+02 4.08352000e+02
2.304540e+02 5.32079000e+02
2.304640e+02 7.03157000e+02
2.304820e+02 1.13529000e+03
2.305000e+02 1.43559000e+03
2.305180e+02 1.16461000e+03
2.305360e+02 7.39819000e+02
2.305490e+02 5.20221000e+02
2.305630e+02 3.77301000e+02
2.305760e+02 2.82709000e+02
2.305890e+02 2.19343000e+02
2.306160e+02 1.42997000e+02
2.306430e+02 1.01496000e+02
2.306690e+02 7.65056000e+01
2.306960e+02 6.04082000e+01
2.307490e+02 4.16709000e+01
2.308030e+02 3.15565000e+01
2.308560e+02 2.55017000e+01
2.309630e+02 1.89317000e+01
2.310700e+02 1.57337000e+01
2.311760e+02 1.41248000e+01
2.313900e+02 1.36900000e+01
2.314960e+02 1.48203000e+01
2.316030e+02 1.73213000e+01
2.317100e+02 2.22090000e+01
2.318160e+02 3.18872000e+01
2.318700e+02 4.02141000e+01
2.319230e+02 5.27868000e+01
2.319770e+02 7.27358000e+01
2.320300e+02 1.06273000e+02
2.320830e+02 1.67871000e+02
2.321100e+02 2.19090000e+02
2.321370e+02 2.94862000e+02
2.321630e+02 4.12980000e+02
2.321900e+02 6.05334000e+02
2.322170e+02 9.37795000e+02
2.322430e+02 1.52192000e+03
2.322720e+02 2.51566000e+03
2.323000e+02 3.24618000e+03
2.323290e+02 2.68265000e+03
2.323570e+02 1.73524000e+03
2.323760e+02 1.27350000e+03
2.323950e+02 9.55290000e+02
2.324150e+02 7.36979000e+02
2.324340e+02 5.84254000e+02
2.324720e+02 3.93697000e+02
2.325110e+02 2.85350000e+02
2.325490e+02 2.18330000e+02
2.325870e+02 1.74047000e+02
2.326640e+02 1.20896000e+02
2.327410e+02 9.12445000e+01
2.328180e+02 7.28862000e+01
2.329710e+02 5.20196000e+01
2.331250e+02 4.08498000e+01
2.332790e+02 3.40543000e+01
2.334320e+02 2.95466000e+01
2.335860e+02 2.63661000e+01
2.338930e+02 2.22034000e+01
2.342000e+02 1.96183000e+01
2.345070e+02 1.78588000e+01
2.348140e+02 1.65819000e+01
2.354290e+02 1.48361000e+01
2.360430e+02 1.36732000e+01
2.363500e+02 1.32197000e+01
2.366570e+02 1.28515000e+01
2.368110e+02 1.27428000e+01
2.368880e+02 1.27462000e+01
2.369640e+02 1.28473000e+01
2.370410e+02 1.31948000e+01
2.370800e+02 1.35908000e+01
2.371180e+02 1.43303000e+01
2.371560e+02 1.58338000e+01
2.371760e+02 1.71923000e+01
2.371950e+02 1.93639000e+01
2.372140e+02 2.30674000e+01
2.372330e+02 2.99378000e+01
2.372520e+02 4.40703000e+01
2.372620e+02 5.67020000e+01
2.372710e+02 7.54257000e+01
2.372860e+02 1.17001000e+02
2.373000e+02 1.47864000e+02
2.373140e+02 1.24591000e+02
2.373290e+02 8.48985000e+01
2.373390e+02 6.41385000e+01
2.373500e+02 5.03925000e+01
2.373600e+02 4.11233000e+01
2.373700e+02 3.48372000e+01
2.373910e+02 2.71189000e+01
2.374120e+02 2.28326000e+01
2.374330e+02 2.01951000e+01
2.374540e+02 1.84694000e+01
2.374960e+02 1.63935000e+01
2.375370e+02 1.52273000e+01
2.375790e+02 1.44948000e+01
2.376620e+02 1.36357000e+01
2.377460e+02 1.31469000e+01
2.378290e+02 1.28256000e+01
2.379960e+02 1.24114000e+01
2.383300e+02 1.19255000e+01
2.386630e+02 1.15972000e+01
2.393300e+02 1.10964000e+01
2.399980e+02 1.06767000e+01
2.406650e+02 1.02837000e+01
2.409990e+02 1.00905000e+01
2.413320e+02 9.90583000e+00
2.416660e+02 9.76892000e+00
2.418330e+02 9.76713000e+00
2.419990e+02 9.90488000e+00
2.420830e+02 1.00929000e+01
2.421660e+02 1.04475000e+01
2.422500e+02 1.11251000e+01
2.423330e+02 1.24938000e+01
2.424160e+02 1.55714000e+01
2.424580e+02 1.86223000e+01
2.425000e+02 2.39605000e+01
2.425410e+02 3.42773000e+01
2.425620e+02 4.33305000e+01
2.425830e+02 5.73978000e+01
2.426040e+02 8.08765000e+01
2.426250e+02 1.22807000e+02
2.426350e+02 1.57050000e+02
2.426460e+02 2.05664000e+02
2.426560e+02 2.76397000e+02
2.426670e+02 3.78982000e+02
2.426830e+02 6.19190000e+02
2.427000e+02 7.93277000e+02
2.427170e+02 6.54800000e+02
2.427340e+02 4.25394000e+02
2.427510e+02 2.68550000e+02
2.427680e+02 1.81014000e+02
2.427860e+02 1.30094000e+02
2.428030e+02 9.89732000e+01
2.428200e+02 7.85663000e+01
2.428380e+02 6.46653000e+01
2.428720e+02 4.73840000e+01
2.429070e+02 3.74205000e+01
2.429420e+02 3.11665000e+01
2.430110e+02 2.39641000e+01
2.430800e+02 2.00884000e+01
2.431490e+02 1.77331000e+01
2.432190e+02 1.61766000e+01
2.432880e+02 1.50828000e+01
2.434270e+02 1.36606000e+01
2.435650e+02 1.27840000e+01
2.438430e+02 1.17575000e+01
2.441200e+02 1.11628000e+01
2.443970e+02 1.07600000e+01
2.449510e+02 1.02094000e+01
2.455060e+02 9.80452000e+00
2.457830e+02 9.62851000e+00
2.460600e+02 9.47242000e+00
2.463380e+02 9.37218000e+00
2.464760e+02 9.38718000e+00
2.466150e+02 9.52955000e+00
2.466840e+02 9.70634000e+00
2.467530e+02 1.00280000e+01
2.468230e+02 1.06262000e+01
2.468920e+02 1.18074000e+01
2.469610e+02 1.44043000e+01
2.469960e+02 1.69390000e+01
2.470310e+02 2.12941000e+01
2.470650e+02 2.95695000e+01
2.470830e+02 3.66558000e+01
2.471000e+02 4.75159000e+01
2.471170e+02 6.52383000e+01
2.471350e+02 9.58306000e+01
2.471430e+02 1.19921000e+02
2.471520e+02 1.53036000e+02
2.471610e+02 2.00169000e+02
2.471690e+02 2.65332000e+02
2.471770e+02 3.42116000e+02
2.471850e+02 4.31710000e+02
2.472000e+02 5.53368000e+02
2.472080e+02 5.28955000e+02
2.472150e+02 4.57479000e+02
2.472310e+02 2.97538000e+02
2.472490e+02 1.79431000e+02
2.472670e+02 1.17831000e+02
2.472840e+02 8.39124000e+01
2.473020e+02 6.37437000e+01
2.473200e+02 5.08369000e+01
2.473380e+02 4.21943000e+01
2.473730e+02 3.16283000e+01
2.474090e+02 2.56290000e+01
2.474450e+02 2.18974000e+01
2.475160e+02 1.76354000e+01
2.475870e+02 1.53501000e+01
2.476590e+02 1.39665000e+01
2.478010e+02 1.24305000e+01
2.479440e+02 1.16809000e+01
2.480150e+02 1.15059000e+01
2.480860e+02 1.15001000e+01
2.481570e+02 1.18178000e+01
2.481930e+02 1.22397000e+01
2.482290e+02 1.30453000e+01
2.482640e+02 1.46844000e+01
2.482820e+02 1.61428000e+01
2.483000e+02 1.84375000e+01
2.483180e+02 2.22652000e+01
2.483360e+02 2.91457000e+01
2.483530e+02 4.26613000e+01
2.483620e+02 5.42290000e+01
2.483710e+02 7.09920000e+01
2.483860e+02 1.10318000e+02
2.484000e+02 1.39066000e+02
2.484140e+02 1.16364000e+02
2.484290e+02 7.85154000e+01
2.484380e+02 6.14565000e+01
2.484470e+02 4.93250000e+01
2.484640e+02 3.46770000e+01
2.484820e+02 2.67912000e+01
2.485000e+02 2.22117000e+01
2.485180e+02 1.93088000e+01
2.485350e+02 1.73750000e+01
2.485710e+02 1.50096000e+01
2.486060e+02 1.36650000e+01
2.486420e+02 1.28171000e+01
2.487130e+02 1.18254000e+01
2.487840e+02 1.12688000e+01
2.488550e+02 1.09108000e+01
2.489970e+02 1.04678000e+01
2.491390e+02 1.01924000e+01
2.492810e+02 9.99554000e+00
2.495650e+02 9.71585000e+00
2.501330e+02 9.34588000e+00
2.507000e+02 9.07428000e+00
2.518360e+02 8.63202000e+00
2.521200e+02 8.53218000e+00
2.524040e+02 8.44367000e+00
2.525460e+02 8.41661000e+00
2.526880e+02 8.44259000e+00
2.527590e+02 8.52762000e+00
2.527950e+02 8.62307000e+00
2.528300e+02 8.79861000e+00
2.528660e+02 9.14868000e+00
2.528830e+02 9.46068000e+00
2.529010e+02 9.94901000e+00
2.529190e+02 1.07706000e+01
2.529370e+02 1.22471000e+01
2.529540e+02 1.51685000e+01
2.529630e+02 1.77042000e+01
2.529720e+02 2.13580000e+01
2.529860e+02 2.98455000e+01
2.530000e+02 3.59531000e+01
2.530140e+02 3.10029000e+01
2.530280e+02 2.28774000e+01
2.530400e+02 1.81599000e+01
2.530520e+02 1.52070000e+01
2.530640e+02 1.33431000e+01
2.530750e+02 1.21215000e+01
2.530990e+02 1.06943000e+01
2.531230e+02 9.93093000e+00
2.531460e+02 9.47535000e+00
2.531700e+02 9.18027000e+00
2.532170e+02 8.82982000e+00
2.532640e+02 8.63154000e+00
2.533110e+02 8.50451000e+00
2.534060e+02 8.34812000e+00
2.535940e+02 8.17781000e+00
2.537830e+02 8.06752000e+00
2.545380e+02 7.73842000e+00
2.560470e+02 7.09195000e+00
2.568020e+02 6.71513000e+00
2.571790e+02 6.50838000e+00
2.575560e+02 6.29566000e+00
2.579340e+02 6.11134000e+00
2.581220e+02 6.07237000e+00
2.583110e+02 6.15178000e+00
2.585000e+02 6.58174000e+00
2.585940e+02 7.15226000e+00
2.586880e+02 8.33061000e+00
2.587830e+02 1.10296000e+01
2.588300e+02 1.37384000e+01
2.588770e+02 1.85168000e+01
2.589240e+02 2.79073000e+01
2.589480e+02 3.62500000e+01
2.589710e+02 4.94086000e+01
2.589950e+02 7.18096000e+01
2.590070e+02 8.91505000e+01
2.590190e+02 1.13309000e+02
2.590300e+02 1.47932000e+02
2.590420e+02 1.98999000e+02
2.590540e+02 2.76077000e+02
2.590660e+02 3.91272000e+02
2.590830e+02 6.40573000e+02
2.591000e+02 8.19894000e+02
2.591170e+02 6.73520000e+02
2.591340e+02 4.34336000e+02
2.591500e+02 2.84258000e+02
2.591660e+02 1.95325000e+02
2.591820e+02 1.41667000e+02
2.591980e+02 1.07673000e+02
2.592300e+02 6.92900000e+01
2.592620e+02 4.94484000e+01
2.592940e+02 3.78976000e+01
2.593260e+02 3.05723000e+01
2.593900e+02 2.21048000e+01
2.594540e+02 1.75326000e+01
2.595180e+02 1.47512000e+01
2.596460e+02 1.16198000e+01
2.597740e+02 9.93765000e+00
2.599020e+02 8.89547000e+00
2.601580e+02 7.66289000e+00
2.604140e+02 6.93799000e+00
2.606700e+02 6.45071000e+00
2.611820e+02 5.90721000e+00
2.614380e+02 5.87513000e+00
2.616940e+02 6.13480000e+00
2.619500e+02 6.97353000e+00
2.622060e+02 9.12248000e+00
2.623340e+02 1.12428000e+01
2.624620e+02 1.47552000e+01
2.625900e+02 2.08601000e+01
2.626540e+02 2.56228000e+01
2.627180e+02 3.22618000e+01
2.627820e+02 4.18241000e+01
2.628460e+02 5.60999000e+01
2.629100e+02 7.84505000e+01
2.629740e+02 1.15695000e+02
2.630380e+02 1.83204000e+02
2.630700e+02 2.38806000e+02
2.631020e+02 3.20780000e+02
2.631340e+02 4.46971000e+02
2.631660e+02 6.51011000e+02
2.631980e+02 9.97356000e+02
2.632300e+02 1.59520000e+03
2.632650e+02 2.62838000e+03
2.633000e+02 3.38444000e+03
2.633350e+02 2.79047000e+03
2.633700e+02 1.79799000e+03
2.634110e+02 1.06836000e+03
2.634510e+02 6.85019000e+02
2.634920e+02 4.73120000e+02
2.635320e+02 3.47348000e+02
2.635730e+02 2.66991000e+02
2.636130e+02 2.12952000e+02
2.636940e+02 1.46882000e+02
2.637750e+02 1.09448000e+02
2.638550e+02 8.61843000e+01
2.640170e+02 5.99162000e+01
2.641790e+02 4.67254000e+01
2.642600e+02 4.31117000e+01
2.643410e+02 4.15464000e+01
2.644220e+02 4.32855000e+01
2.644620e+02 4.66028000e+01
2.645020e+02 5.33434000e+01
2.645430e+02 6.72498000e+01
2.645630e+02 7.95466000e+01
2.645830e+02 9.86409000e+01
2.646030e+02 1.29822000e+02
2.646240e+02 1.84096000e+02
2.646440e+02 2.85681000e+02
2.646640e+02 4.84815000e+02
2.646820e+02 7.79211000e+02
2.647000e+02 9.92220000e+02
2.647180e+02 8.18968000e+02
2.647360e+02 5.33989000e+02
2.647500e+02 3.81061000e+02
2.647640e+02 2.81952000e+02
2.647770e+02 2.16604000e+02
2.647910e+02 1.72878000e+02
2.648190e+02 1.20108000e+02
2.648460e+02 9.12011000e+01
2.648730e+02 7.35780000e+01
2.649010e+02 6.20742000e+01
2.649560e+02 4.82328000e+01
2.650110e+02 4.03786000e+01
2.650660e+02 3.53848000e+01
2.651750e+02 2.93789000e+01
2.652850e+02 2.58376000e+01
2.653950e+02 2.34510000e+01
2.656150e+02 2.03294000e+01
2.658350e+02 1.82972000e+01
2.660540e+02 1.68226000e+01
2.664940e+02 1.47595000e+01
2.669330e+02 1.33330000e+01
2.673720e+02 1.22516000e+01
2.682510e+02 1.06300000e+01
2.691300e+02 9.35036000e+00
2.700080e+02 8.18652000e+00
2.704480e+02 7.62862000e+00
2.706680e+02 7.37968000e+00
2.708870e+02 7.20658000e+00
2.711070e+02 7.28146000e+00
2.712170e+02 7.58834000e+00
2.713270e+02 8.38191000e+00
2.714360e+02 1.04520000e+01
2.714910e+02 1.26725000e+01
2.715460e+02 1.67785000e+01
2.715740e+02 2.01925000e+01
2.716010e+02 2.52223000e+01
2.716150e+02 2.86921000e+01
2.716290e+02 3.30301000e+01
2.716420e+02 3.85725000e+01
2.716560e+02 4.57777000e+01
2.716700e+02 5.54153000e+01
2.716840e+02 6.84204000e+01
2.716970e+02 8.65661000e+01
2.717110e+02 1.12696000e+02
2.717250e+02 1.52051000e+02
2.717380e+02 2.12799000e+02
2.717520e+02 3.10536000e+02
2.717660e+02 4.69362000e+02
2.717830e+02 7.72760000e+02
2.718000e+02 9.97294000e+02
2.718090e+02 9.54430000e+02
2.718170e+02 8.26545000e+02
2.718340e+02 5.36639000e+02
2.718500e+02 3.57677000e+02
2.718650e+02 2.49446000e+02
2.718810e+02 1.83070000e+02
2.718960e+02 1.40715000e+02
2.719270e+02 9.19136000e+01
2.719580e+02 6.64364000e+01
2.719890e+02 5.14253000e+01
2.720200e+02 4.18837000e+01
2.720820e+02 3.07982000e+01
2.721440e+02 2.48381000e+01
2.722060e+02 2.12756000e+01
2.723290e+02 1.75072000e+01
2.724530e+02 1.58894000e+01
2.725770e+02 1.54276000e+01
2.728250e+02 1.71753000e+01
2.730720e+02 2.41687000e+01
2.731960e+02 3.19331000e+01
2.733200e+02 4.61937000e+01
2.733820e+02 5.78874000e+01
2.734440e+02 7.49809000e+01
2.735060e+02 1.01034000e+02
2.735670e+02 1.42942000e+02
2.736290e+02 2.15283000e+02
2.736910e+02 3.52340000e+02
2.737220e+02 4.69325000e+02
2.737530e+02 6.44610000e+02
2.737840e+02 9.15191000e+02
2.738150e+02 1.33434000e+03
2.738580e+02 2.19794000e+03
2.739000e+02 2.82885000e+03
2.739430e+02 2.33349000e+03
2.739850e+02 1.50657000e+03
2.740350e+02 8.92061000e+02
2.740840e+02 5.71323000e+02
2.741340e+02 3.95276000e+02
2.741840e+02 2.90807000e+02
2.742330e+02 2.24228000e+02
2.742830e+02 1.79485000e+02
2.743820e+02 1.24810000e+02
2.744810e+02 9.38021000e+01
2.745810e+02 7.44535000e+01
2.747790e+02 5.22919000e+01
2.749780e+02 4.03536000e+01
2.751760e+02 3.30489000e+01
2.755730e+02 2.46901000e+01
2.759700e+02 2.00893000e+01
2.761690e+02 1.85571000e+01
2.763670e+02 1.75169000e+01
2.765660e+02 1.73433000e+01
2.766650e+02 1.80089000e+01
2.767640e+02 1.99150000e+01
2.768630e+02 2.49017000e+01
2.769130e+02 3.01373000e+01
2.769630e+02 3.95614000e+01
2.770120e+02 5.81868000e+01
2.770370e+02 7.47096000e+01
2.770620e+02 1.00755000e+02
2.770870e+02 1.44447000e+02
2.771110e+02 2.23771000e+02
2.771240e+02 2.88521000e+02
2.771360e+02 3.82017000e+02
2.771490e+02 5.19474000e+02
2.771610e+02 7.21118000e+02
2.771810e+02 1.18742000e+03
2.772000e+02 1.53099000e+03
2.772200e+02 1.26880000e+03
2.772390e+02 8.25883000e+02
2.772510e+02 6.28736000e+02
2.772630e+02 4.87030000e+02
2.772860e+02 3.13018000e+02
2.773100e+02 2.18773000e+02
2.773330e+02 1.63483000e+02
2.773570e+02 1.28291000e+02
2.773810e+02 1.04735000e+02
2.774280e+02 7.58993000e+01
2.774750e+02 5.95093000e+01
2.775220e+02 4.92616000e+01
2.776160e+02 3.74454000e+01
2.777100e+02 3.09927000e+01
2.778050e+02 2.69911000e+01
2.779930e+02 2.23033000e+01
2.781820e+02 1.96123000e+01
2.783700e+02 1.78195000e+01
2.787470e+02 1.54678000e+01
2.791240e+02 1.39476000e+01
2.793130e+02 1.34690000e+01
2.795010e+02 1.33699000e+01
2.796900e+02 1.42878000e+01
2.797840e+02 1.57597000e+01
2.798780e+02 1.89513000e+01
2.799720e+02 2.63892000e+01
2.800190e+02 3.38170000e+01
2.800670e+02 4.67627000e+01
2.801140e+02 7.14092000e+01
2.801370e+02 9.25964000e+01
2.801610e+02 1.24785000e+02
2.801840e+02 1.76687000e+02
2.802080e+02 2.64841000e+02
2.802310e+02 4.26102000e+02
2.802430e+02 5.54873000e+02
2.802550e+02 7.29853000e+02
2.802780e+02 1.21124000e+03
2.803000e+02 1.57288000e+03
2.803230e+02 1.31219000e+03
2.803450e+02 8.58852000e+02
2.803590e+02 6.47077000e+02
2.803740e+02 4.96975000e+02
2.804020e+02 3.15939000e+02
2.804310e+02 2.19640000e+02
2.804590e+02 1.63723000e+02
2.804880e+02 1.28391000e+02
2.805170e+02 1.04747000e+02
2.805740e+02 7.60129000e+01
2.806310e+02 5.97062000e+01
2.806880e+02 4.95065000e+01
2.808020e+02 3.77370000e+01
2.809170e+02 3.13255000e+01
2.810310e+02 2.73606000e+01
2.811450e+02 2.46878000e+01
2.812600e+02 2.27696000e+01
2.814880e+02 2.01985000e+01
2.817170e+02 1.85428000e+01
2.821740e+02 1.64905000e+01
2.826310e+02 1.52153000e+01
2.830880e+02 1.43012000e+01
2.840030e+02 1.29712000e+01
2.849170e+02 1.19113000e+01
2.853740e+02 1.14064000e+01
2.858310e+02 1.08965000e+01
2.862890e+02 1.04012000e+01
2.865170e+02 1.02079000e+01
2.867460e+02 1.01655000e+01
2.868600e+02 1.02880000e+01
2.869740e+02 1.06251000e+01
2.870890e+02 1.13975000e+01
2.872030e+02 1.31404000e+01
2.873170e+02 1.73818000e+01
2.873740e+02 2.17922000e+01
2.874320e+02 2.97573000e+01
2.874890e+02 4.57681000e+01
2.875170e+02 6.02350000e+01
2.875460e+02 8.33817000e+01
2.875740e+02 1.23381000e+02
2.875890e+02 1.54754000e+02
2.876030e+02 1.98575000e+02
2.876170e+02 2.62548000e+02
2.876320e+02 3.58343000e+02
2.876460e+02 5.05570000e+02
2.876600e+02 7.30523000e+02
2.876800e+02 1.20334000e+03
2.877000e+02 1.55286000e+03
2.877200e+02 1.28567000e+03
2.877400e+02 8.33434000e+02
2.877610e+02 5.27383000e+02
2.877810e+02 3.54192000e+02
2.878020e+02 2.53408000e+02
2.878220e+02 1.91386000e+02
2.878420e+02 1.50558000e+02
2.878630e+02 1.22498000e+02
2.879040e+02 8.75938000e+01
2.879450e+02 6.73919000e+01
2.879860e+02 5.46575000e+01
2.880680e+02 3.99252000e+01
2.881500e+02 3.19458000e+01
2.882310e+02 2.70655000e+01
2.883950e+02 2.15202000e+01
2.885590e+02 1.84980000e+01
2.887230e+02 1.65964000e+01
2.890500e+02 1.42965000e+01
2.893780e+02 1.29513000e+01
2.895420e+02 1.25551000e+01
2.897060e+02 1.24823000e+01
2.898690e+02 1.32241000e+01
2.899510e+02 1.43843000e+01
2.900330e+02 1.68682000e+01
2.901150e+02 2.25782000e+01
2.901560e+02 2.82483000e+01
2.901970e+02 3.80518000e+01
2.902380e+02 5.66628000e+01
2.902580e+02 7.25704000e+01
2.902790e+02 9.66423000e+01
2.902990e+02 1.35341000e+02
2.903200e+02 2.00755000e+02
2.903400e+02 3.19902000e+02
2.903500e+02 4.14124000e+02
2.903610e+02 5.42841000e+02
2.903800e+02 8.95884000e+02
2.904000e+02 1.16053000e+03
2.904200e+02 9.66587000e+02
2.904390e+02 6.31266000e+02
2.904590e+02 4.07096000e+02
2.904790e+02 2.78468000e+02
2.904980e+02 2.02103000e+02
2.905180e+02 1.54664000e+02
2.905380e+02 1.23213000e+02
2.905570e+02 1.01586000e+02
2.905970e+02 7.44807000e+01
2.906360e+02 5.87908000e+01
2.906750e+02 4.90127000e+01
2.907540e+02 3.83797000e+01
2.908320e+02 3.45751000e+01
2.908710e+02 3.50325000e+01
2.909110e+02 3.79479000e+01
2.909500e+02 4.56372000e+01
2.909700e+02 5.30173000e+01
2.909890e+02 6.49562000e+01
2.910090e+02 8.53243000e+01
2.910280e+02 1.22070000e+02
2.910480e+02 1.94249000e+02
2.910580e+02 2.55784000e+02
2.910680e+02 3.44596000e+02
2.910840e+02 5.58083000e+02
2.911000e+02 7.17475000e+02
2.911160e+02 5.99164000e+02
2.911320e+02 3.95550000e+02
2.911450e+02 2.83619000e+02
2.911580e+02 2.11055000e+02
2.911700e+02 1.63153000e+02
2.911830e+02 1.31093000e+02
2.912080e+02 9.23064000e+01
2.912330e+02 7.09845000e+01
2.912580e+02 5.79282000e+01
2.912830e+02 4.93487000e+01
2.913330e+02 3.90301000e+01
2.913830e+02 3.31581000e+01
2.914330e+02 2.94308000e+01
2.915340e+02 2.49856000e+01
2.916340e+02 2.24253000e+01
2.917340e+02 2.07481000e+01
2.919350e+02 1.86528000e+01
2.921350e+02 1.73686000e+01
2.923360e+02 1.64831000e+01
2.927370e+02 1.53124000e+01
2.931380e+02 1.45494000e+01
2.935400e+02 1.39969000e+01
2.943420e+02 1.32212000e+01
2.951440e+02 1.26751000e+01
2.959470e+02 1.22490000e+01
2.975520e+02 1.15780000e+01
2.991560e+02 1.10104000e+01
3.007610e+02 1.04467000e+01
3.015640e+02 1.01357000e+01
3.023660e+02 9.78212000e+00
3.027670e+02 9.58536000e+00
3.031680e+02 9.39517000e+00
3.033690e+02 9.34630000e+00
3.034690e+02 9.37072000e+00
3.035700e+02 9.48562000e+00
3.036700e+02 9.83872000e+00
3.037200e+02 1.02378000e+01
3.037700e+02 1.09894000e+01
3.038200e+02 1.25606000e+01
3.038460e+02 1.40243000e+01
3.038710e+02 1.64305000e+01
3.038960e+02 2.07497000e+01
3.039210e+02 2.93799000e+01
3.039330e+02 3.71766000e+01
3.039460e+02 4.94323000e+01
3.039580e+02 6.96475000e+01
3.039710e+02 1.03490000e+02
3.039850e+02 1.64568000e+02
3.040000e+02 2.08982000e+02
3.040150e+02 1.73425000e+02
3.040290e+02 1.14548000e+02
3.040460e+02 7.16514000e+01
3.040630e+02 4.90909000e+01
3.040790e+02 3.65299000e+01
3.040960e+02 2.90833000e+01
3.041130e+02 2.42997000e+01
3.041290e+02 2.10894000e+01
3.041620e+02 1.71520000e+01
3.041960e+02 1.49064000e+01
3.042290e+02 1.34995000e+01
3.042950e+02 1.18814000e+01
3.043620e+02 1.09971000e+01
3.044290e+02 1.04472000e+01
3.045620e+02 9.79628000e+00
3.048280e+02 9.16377000e+00
3.050940e+02 8.90319000e+00
3.052270e+02 8.91603000e+00
3.053600e+02 9.10668000e+00
3.054930e+02 9.64941000e+00
3.056260e+02 1.09814000e+01
3.056930e+02 1.22737000e+01
3.057590e+02 1.43879000e+01
3.058260e+02 1.80209000e+01
3.058920e+02 2.47229000e+01
3.059590e+02 3.85075000e+01
3.059920e+02 5.12172000e+01
3.060250e+02 7.19528000e+01
3.060590e+02 1.08689000e+02
3.060750e+02 1.38092000e+02
3.060920e+02 1.80365000e+02
3.061080e+02 2.43808000e+02
3.061250e+02 3.41580000e+02
3.061420e+02 4.98365000e+02
3.061580e+02 7.52192000e+02
3.061790e+02 1.24076000e+03
3.062000e+02 1.60242000e+03
3.062210e+02 1.32662000e+03
3.062420e+02 8.59499000e+02
3.062630e+02 5.45886000e+02
3.062840e+02 3.67393000e+02
3.063050e+02 2.63054000e+02
3.063270e+02 1.98631000e+02
3.063480e+02 1.56135000e+02
3.063690e+02 1.26995000e+02
3.064110e+02 9.04931000e+01
3.064530e+02 6.93833000e+01
3.064960e+02 5.60317000e+01
3.065800e+02 4.06039000e+01
3.066650e+02 3.22483000e+01
3.067500e+02 2.71574000e+01
3.068340e+02 2.37830000e+01
3.069190e+02 2.14069000e+01
3.070880e+02 1.83129000e+01
3.072570e+02 1.64050000e+01
3.074270e+02 1.51123000e+01
3.075960e+02 1.41762000e+01
3.079340e+02 1.28921000e+01
3.082730e+02 1.20240000e+01
3.089500e+02 1.08206000e+01
3.096270e+02 9.87672000e+00
3.099650e+02 9.42926000e+00
3.103040e+02 8.99776000e+00
3.106420e+02 8.66734000e+00
3.108120e+02 8.65280000e+00
3.109810e+02 8.95981000e+00
3.111500e+02 1.02001000e+01
3.112350e+02 1.17475000e+01
3.113190e+02 1.48496000e+01
3.114040e+02 2.17128000e+01
3.114460e+02 2.83886000e+01
3.114890e+02 3.98196000e+01
3.115100e+02 4.87436000e+01
3.115310e+02 6.11887000e+01
3.115520e+02 7.93026000e+01
3.115730e+02 1.06485000e+02
3.115940e+02 1.49717000e+02
3.116150e+02 2.21809000e+02
3.116370e+02 3.50691000e+02
3.116580e+02 5.86338000e+02
3.116790e+02 9.70417000e+02
3.117000e+02 1.25553000e+03
3.117210e+02 1.04202000e+03
3.117420e+02 6.78177000e+02
3.117660e+02 4.13762000e+02
3.117900e+02 2.71808000e+02
3.118130e+02 1.92048000e+02
3.118370e+02 1.43923000e+02
3.118610e+02 1.12821000e+02
3.118840e+02 9.17794000e+01
3.119310e+02 6.58105000e+01
3.119790e+02 5.09204000e+01
3.120260e+02 4.15787000e+01
3.121200e+02 3.08239000e+01
3.122150e+02 2.50521000e+01
3.123090e+02 2.16056000e+01
3.124980e+02 1.81639000e+01
3.126870e+02 1.78454000e+01
3.127820e+02 1.93039000e+01
3.128760e+02 2.30564000e+01
3.129710e+02 3.21537000e+01
3.130180e+02 4.12942000e+01
3.130650e+02 5.71391000e+01
3.131130e+02 8.71933000e+01
3.131360e+02 1.12773000e+02
3.131600e+02 1.51608000e+02
3.131830e+02 2.13584000e+02
3.132070e+02 3.18557000e+02
3.132310e+02 5.08042000e+02
3.132420e+02 6.58076000e+02
3.132540e+02 8.62695000e+02
3.132770e+02 1.42609000e+03
3.133000e+02 1.84712000e+03
3.133230e+02 1.53464000e+03
3.133460e+02 9.98281000e+02
3.133640e+02 6.95107000e+02
3.133830e+02 5.01855000e+02
3.134010e+02 3.77290000e+02
3.134200e+02 2.94303000e+02
3.134560e+02 1.95756000e+02
3.134930e+02 1.42257000e+02
3.135300e+02 1.10083000e+02
3.135670e+02 8.91984000e+01
3.136400e+02 6.44846000e+01
3.137140e+02 5.08079000e+01
3.137880e+02 4.23666000e+01
3.139350e+02 3.27242000e+01
3.140820e+02 2.74911000e+01
3.142290e+02 2.42563000e+01
3.143770e+02 2.20713000e+01
3.145240e+02 2.05002000e+01
3.148180e+02 1.83914000e+01
3.151130e+02 1.70373000e+01
3.157020e+02 1.53809000e+01
3.162910e+02 1.43851000e+01
3.168790e+02 1.37037000e+01
3.180570e+02 1.27915000e+01
3.192350e+02 1.21569000e+01
3.204130e+02 1.16221000e+01
3.210020e+02 1.13529000e+01
3.212960e+02 1.12107000e+01
3.215910e+02 1.10630000e+01
3.218850e+02 1.09233000e+01
3.220330e+02 1.08774000e+01
3.221800e+02 1.08921000e+01
3.222530e+02 1.09549000e+01
3.223270e+02 1.10985000e+01
3.224010e+02 1.14026000e+01
3.224740e+02 1.20569000e+01
3.225480e+02 1.35896000e+01
3.225850e+02 1.51385000e+01
3.226210e+02 1.78731000e+01
3.226580e+02 2.31812000e+01
3.226770e+02 2.78224000e+01
3.226950e+02 3.50424000e+01
3.227130e+02 4.69431000e+01
3.227320e+02 6.80139000e+01
3.227500e+02 1.08505000e+02
3.227590e+02 1.42447000e+02
3.227690e+02 1.90829000e+02
3.227770e+02 2.46191000e+02
3.227840e+02 3.10290000e+02
3.228000e+02 3.99736000e+02
3.228160e+02 3.33998000e+02
3.228310e+02 2.20474000e+02
3.228440e+02 1.55681000e+02
3.228570e+02 1.14577000e+02
3.228700e+02 8.79577000e+01
3.228820e+02 7.04110000e+01
3.229080e+02 4.95328000e+01
3.229330e+02 3.82618000e+01
3.229590e+02 3.14626000e+01
3.229840e+02 2.70555000e+01
3.230350e+02 2.18557000e+01
3.230860e+02 1.89787000e+01
3.231370e+02 1.72054000e+01
3.232390e+02 1.51792000e+01
3.233410e+02 1.40798000e+01
3.234430e+02 1.33975000e+01
3.236470e+02 1.25967000e+01
3.238500e+02 1.21333000e+01
3.240540e+02 1.18212000e+01
3.244620e+02 1.14004000e+01
3.248690e+02 1.10981000e+01
3.252770e+02 1.08429000e+01
3.260920e+02 1.03649000e+01
3.264990e+02 1.01131000e+01
3.269070e+02 9.83964000e+00
3.273140e+02 9.54012000e+00
3.277220e+02 9.22973000e+00
3.279260e+02 9.09451000e+00
3.281300e+02 9.01527000e+00
3.283330e+02 9.08443000e+00
3.285370e+02 9.55220000e+00
3.286390e+02 1.01354000e+01
3.287410e+02 1.12131000e+01
3.288430e+02 1.32541000e+01
3.289450e+02 1.73511000e+01
3.290460e+02 2.65089000e+01
3.290970e+02 3.55203000e+01
3.291480e+02 5.10781000e+01
3.291740e+02 6.33246000e+01
3.291990e+02 8.06278000e+01
3.292250e+02 1.05946000e+02
3.292500e+02 1.44419000e+02
3.292760e+02 2.06499000e+02
3.293010e+02 3.12258000e+02
3.293270e+02 5.06606000e+02
3.293390e+02 6.61838000e+02
3.293520e+02 8.75428000e+02
3.293760e+02 1.45051000e+03
3.294000e+02 1.88118000e+03
3.294240e+02 1.56399000e+03
3.294480e+02 1.01731000e+03
3.294650e+02 7.35112000e+02
3.294830e+02 5.46071000e+02
3.295000e+02 4.18227000e+02
3.295170e+02 3.30733000e+02
3.295520e+02 2.22971000e+02
3.295860e+02 1.62625000e+02
3.296210e+02 1.25631000e+02
3.296550e+02 1.01321000e+02
3.297240e+02 7.22621000e+01
3.297930e+02 5.60877000e+01
3.298620e+02 4.60750000e+01
3.299310e+02 3.93933000e+01
3.300000e+02 3.96541500e+01
3.500000e+02 4.35675000e+01
4.000000e+02 4.12830000e+01
5.000000e+02 3.77889000e+01
6.000000e+02 3.52085000e+01
7.000000e+02 3.32020000e+01
7.200000e+02 3.28517000e+01
8.500000e+02 3.08839000e+01
1.000000e+03 2.91081000e+01
1.250000e+03 2.68912000e+01
1.500000e+03 2.52526000e+01
1.700000e+03 2.42100000e+01
2.000000e+03 2.29484000e+01
2.500000e+03 2.13717000e+01
3.000000e+03 2.02045000e+01
3.500000e+03 1.92949000e+01
4.000000e+03 1.85595000e+01
5.000000e+03 1.93749500e+01
6.272770e+03 2.00874000e+01
1.000000e+04 1.66835000e+01
2.000000e+04 1.34212000e+01
5.000000e+04 1.05519000e+01
1.000000e+05 9.13268000e+00
1.370260e+05 8.58447000e+00
1.594340e+05 8.39368000e+00
2.000000e+05 8.17674000e+00
2.487830e+05 7.98041000e+00
3.033010e+05 7.76099000e+00
3.394220e+05 7.67011000e+00
4.000000e+05 7.53597000e+00
4.848700e+05 7.32392000e+00
4.979510e+05 7.31403000e+00
5.455340e+05 7.29608000e+00
6.000000e+05 7.28119000e+00
6.186400e+05 7.26081000e+00
6.225010e+05 7.25732000e+00
7.206650e+05 7.22119000e+00
7.772790e+05 7.20240000e+00
8.000000e+05 7.19492000e+00
9.703490e+05 7.19042000e+00
1.000000e+06 7.19006000e+00
1.033610e+06 7.19402000e+00
1.200000e+06 7.21411000e+00
1.238270e+06 7.19760000e+00
1.246390e+06 7.19828000e+00
1.314350e+06 7.20407000e+00
1.347470e+06 7.20689000e+00
1.397750e+06 7.23783000e+00
1.400000e+06 7.24187000e+00
1.411220e+06 7.24149000e+00
1.600000e+06 7.26014000e+00
1.800000e+06 7.26165000e+00
2.000000e+06 7.24381000e+00
2.200000e+06 7.20800000e+00
2.400000e+06 7.15155000e+00
2.600000e+06 7.08071000e+00
2.800000e+06 7.00049000e+00
3.000000e+06 6.90997000e+00
3.200000e+06 6.87905000e+00
3.400000e+06 6.77217000e+00
3.600000e+06 6.66245000e+00
3.738370e+06 6.58602000e+00
3.800000e+06 6.55197000e+00
4.000000e+06 6.44167000e+00
4.200000e+06 6.33341000e+00
4.400000e+06 6.22785000e+00
4.600000e+06 6.12551000e+00
4.800000e+06 6.02693000e+00
4.875210e+06 5.99124000e+00
5.000000e+06 5.93204000e+00
5.200000e+06 5.84088000e+00
5.400000e+06 5.75383000e+00
5.600000e+06 5.67073000e+00
5.800000e+06 5.59191000e+00
5.975330e+06 5.52662000e+00
6.000000e+06 5.51743000e+00
6.200000e+06 5.44771000e+00
6.400000e+06 5.38281000e+00
6.600000e+06 5.32299000e+00
6.800000e+06 5.26836000e+00
7.000000e+06 5.21902000e+00
7.200000e+06 5.17491000e+00
7.400000e+06 5.13595000e+00
7.600000e+06 5.10184000e+00
7.618990e+06 5.09760000e+00
7.619000e+06 5.09760000e+00
7.800000e+06 5.07267000e+00
8.000000e+06 5.04792000e+00
8.200000e+06 5.02765000e+00
8.400000e+06 5.01145000e+00
8.600000e+06 4.99908000e+00
8.800000e+06 4.99031000e+00
9.000000e+06 4.98491000e+00
9.200000e+06 4.98262000e+00
9.400000e+06 4.98312000e+00
9.600000e+06 4.98617000e+00
9.800000e+06 4.99155000e+00
1.000000e+07 4.99903000e+00
1.020000e+07 5.00830000e+00
1.040000e+07 5.01915000e+00
1.060000e+07 5.03149000e+00
1.080000e+07 5.04515000e+00
1.100000e+07 5.05983000e+00
1.120000e+07 5.07546000e+00
1.140000e+07 5.09187000e+00
1.160000e+07 5.10890000e+00
1.180000e+07 5.12667000e+00
1.200000e+07 5.14480000e+00
1.220000e+07 5.16330000e+00
1.240000e+07 5.18198000e+00
1.260000e+07 5.20095000e+00
1.280000e+07 5.21991000e+00
1.300000e+07 5.23885000e+00
1.320000e+07 5.25765000e+00
1.340000e+07 5.27618000e+00
1.360000e+07 5.29441000e+00
1.380000e+07 5.31230000e+00
1.400000e+07 5.32953000e+00
1.420000e+07 5.34625000e+00
1.429720e+07 5.35393000e+00
1.440000e+07 5.36224000e+00
1.460000e+07 5.37745000e+00
1.480000e+07 5.39184000e+00
1.500000e+07 5.40528000e+00
1.520000e+07 5.41776000e+00
1.540000e+07 5.42921000e+00
1.560000e+07 5.43953000e+00
1.580000e+07 5.44892000e+00
1.600000e+07 5.45706000e+00
1.620000e+07 5.46414000e+00
1.640000e+07 5.47006000e+00
1.660000e+07 5.47492000e+00
1.680000e+07 5.47856000e+00
1.700000e+07 5.48127000e+00
1.720000e+07 5.48288000e+00
1.740000e+07 5.48338000e+00
1.760000e+07 5.48300000e+00
1.780000e+07 5.48159000e+00
1.800000e+07 5.47937000e+00
1.820000e+07 5.47624000e+00
1.840000e+07 5.47234000e+00
1.860000e+07 5.46757000e+00
1.880000e+07 5.46207000e+00
1.900000e+07 5.45585000e+00
1.920000e+07 5.44903000e+00
1.940000e+07 5.44161000e+00
1.960000e+07 5.43350000e+00
1.980000e+07 5.42483000e+00
