80-Hg_n-tot
> 80-Hg-196:0.001500
> 80-Hg-198:0.099700
> 80-Hg-199:0.168700
> 80-Hg-200:0.231000
> 80-Hg-201:0.131800
> 80-Hg-202:0.298600
> 80-Hg-204:0.068700
1.000000e-05 1.90774413e+04
1.250000e-05 1.70658509e+04
1.500000e-05 1.55810206e+04
2.000000e-05 1.34967505e+04
2.234850e-05 1.28757542e+04
2.750000e-05 1.15135818e+04
2.852280e-05 1.13355898e+04
3.469700e-05 1.02611296e+04
3.500000e-05 1.02084003e+04
4.250000e-05 9.26616323e+03
5.000000e-05 8.54481736e+03
5.939400e-05 7.86873656e+03
6.250000e-05 7.64519955e+03
7.500000e-05 6.98113192e+03
7.969700e-05 6.80599544e+03
1.000000e-04 6.04896017e+03
1.087880e-04 5.82533751e+03
1.250000e-04 5.41280113e+03
1.500000e-04 4.94319662e+03
1.543940e-04 4.88526627e+03
2.000000e-04 4.28399862e+03
2.075770e-04 4.22062826e+03
2.750000e-04 3.65673521e+03
3.063660e-04 3.48407917e+03
3.500000e-04 3.24389337e+03
4.051550e-04 3.02469986e+03
4.250000e-04 2.94583316e+03
5.000000e-04 2.71764644e+03
6.250000e-04 2.43302435e+03
6.501550e-04 2.39073977e+03
7.500000e-04 2.22290433e+03
8.003100e-04 2.16353906e+03
1.000000e-03 1.92790713e+03
1.250000e-03 1.72654037e+03
1.295310e-03 1.69959443e+03
1.500000e-03 1.57786508e+03
1.590620e-03 1.54002847e+03
2.000000e-03 1.36910003e+03
2.585630e-03 1.21390468e+03
2.750000e-03 1.17034573e+03
3.171250e-03 1.09682421e+03
3.500000e-03 1.03944695e+03
4.085630e-03 9.65606824e+02
4.250000e-03 9.44881998e+02
5.000000e-03 8.72437091e+02
6.250000e-03 7.82002309e+02
6.332500e-03 7.77591294e+02
7.500000e-03 7.15168908e+02
8.166250e-03 6.90125108e+02
1.000000e-02 6.21196140e+02
1.250000e-02 5.56915578e+02
1.265500e-02 5.53966850e+02
1.500000e-02 5.09355605e+02
1.632750e-02 4.91572368e+02
2.000000e-02 4.42375632e+02
2.530000e-02 3.94139699e+02
3.147500e-02 3.53932887e+02
3.765000e-02 3.23916684e+02
5.000000e-02 2.81238856e+02
5.581650e-02 2.67343445e+02
6.250000e-02 2.51376819e+02
7.107480e-02 2.36111852e+02
7.500000e-02 2.29124178e+02
8.633300e-02 2.14782478e+02
1.000000e-01 1.97487175e+02
1.250000e-01 1.75543531e+02
1.473660e-01 1.60841469e+02
1.500000e-01 1.59110044e+02
2.000000e-01 1.35625203e+02
2.375000e-01 1.22900987e+02
2.694320e-01 1.14245728e+02
2.750000e-01 1.12736513e+02
3.500000e-01 9.73555565e+01
3.847160e-01 9.27462433e+01
5.000000e-01 7.74398780e+01
5.135650e-01 7.64221702e+01
7.500000e-01 5.86838690e+01
7.567830e-01 5.83886770e+01
1.000000e+00 4.78041647e+01
1.001830e+00 4.77600296e+01
1.250000e+00 4.17745198e+01
1.490100e+00 3.60094468e+01
1.500000e+00 3.57717396e+01
1.978360e+00 2.96978250e+01
2.000000e+00 2.94230553e+01
2.750000e+00 2.42496236e+01
2.965710e+00 2.34356940e+01
3.500000e+00 2.14197596e+01
3.931420e+00 2.04286254e+01
4.250000e+00 1.96967547e+01
5.000000e+00 1.85597406e+01
6.250000e+00 1.73720937e+01
6.418780e+00 1.72737891e+01
7.500000e+00 1.66440877e+01
7.837550e+00 1.65146022e+01
8.750000e+00 1.61646144e+01
1.000000e+01 1.58245893e+01
1.250000e+01 1.53818888e+01
1.282490e+01 1.53454212e+01
1.500000e+01 1.51013302e+01
1.564980e+01 1.50528455e+01
1.625000e+01 1.50080715e+01
1.750000e+01 1.49188813e+01
1.875000e+01 1.48705783e+01
1.937500e+01 1.48595922e+01
2.000000e+01 1.48706099e+01
2.037410e+01 1.49085884e+01
2.074820e+01 1.49780821e+01
2.112230e+01 1.51085923e+01
2.149640e+01 1.53710454e+01
2.168340e+01 1.56041166e+01
2.187040e+01 1.59701279e+01
2.205750e+01 1.65817178e+01
2.224450e+01 1.76967752e+01
2.233810e+01 1.86245375e+01
2.243160e+01 2.00129660e+01
2.252510e+01 2.22116464e+01
2.261860e+01 2.59677205e+01
2.266540e+01 2.89169532e+01
2.271210e+01 3.31082508e+01
2.273550e+01 3.58930248e+01
2.275890e+01 3.93230572e+01
2.278230e+01 4.36075186e+01
2.280570e+01 4.90444124e+01
2.282900e+01 5.60685324e+01
2.285240e+01 6.53308155e+01
2.287580e+01 7.78310554e+01
2.289920e+01 9.51476029e+01
2.292260e+01 1.19831482e+02
2.294590e+01 1.56051949e+02
2.296930e+01 2.10449719e+02
2.299270e+01 2.92136375e+02
2.302640e+01 4.62862867e+02
2.306000e+01 5.80323640e+02
2.307690e+01 5.49647550e+02
2.309370e+01 4.71568101e+02
2.312740e+01 3.02957667e+02
2.315370e+01 2.12897048e+02
2.317990e+01 1.55242919e+02
2.320610e+01 1.18127987e+02
2.323240e+01 9.34875162e+01
2.328490e+01 6.44216501e+01
2.333230e+01 5.03571651e+01
2.333740e+01 4.88440878e+01
2.338980e+01 3.96128993e+01
2.344230e+01 3.37162783e+01
2.354730e+01 2.68989637e+01
2.365230e+01 2.32557382e+01
2.375000e+01 2.12279294e+01
2.375720e+01 2.10784909e+01
2.386220e+01 1.96709010e+01
2.396720e+01 1.87063579e+01
2.417710e+01 1.75018601e+01
2.438710e+01 1.68027529e+01
2.459700e+01 1.63587268e+01
2.480690e+01 1.60578997e+01
2.499840e+01 1.58882707e+01
2.522680e+01 1.56994942e+01
2.563720e+01 1.55147018e+01
2.564670e+01 1.55104243e+01
2.571400e+01 1.54927917e+01
2.606660e+01 1.54004838e+01
2.648650e+01 1.53348440e+01
2.666450e+01 1.53221132e+01
2.732630e+01 1.53359803e+01
2.749760e+01 1.53496243e+01
2.750000e+01 1.53501126e+01
2.816600e+01 1.54861121e+01
2.833060e+01 1.55246188e+01
2.900580e+01 1.58414679e+01
2.916370e+01 1.59182308e+01
2.984560e+01 1.65914760e+01
2.999680e+01 1.67428399e+01
3.041330e+01 1.74782727e+01
3.082980e+01 1.86251816e+01
3.124640e+01 2.05249616e+01
3.127440e+01 2.07552715e+01
3.142800e+01 2.20186875e+01
3.152510e+01 2.28174208e+01
3.166290e+01 2.39522899e+01
3.187120e+01 2.67768047e+01
3.207940e+01 3.09663242e+01
3.228770e+01 3.75279995e+01
3.249590e+01 4.85740606e+01
3.260010e+01 5.71298930e+01
3.270420e+01 6.91381733e+01
3.280830e+01 8.66631123e+01
3.291250e+01 1.13506531e+02
3.301660e+01 1.57194815e+02
3.312070e+01 2.33856190e+02
3.317280e+01 2.94732028e+02
3.320460e+01 3.47182404e+02
3.322490e+01 3.80664980e+02
3.327690e+01 5.03858863e+02
3.332900e+01 6.79567367e+02
3.341450e+01 1.08938023e+03
3.350000e+01 1.37110256e+03
3.358550e+01 1.10938483e+03
3.367100e+01 7.04835564e+02
3.373480e+01 4.96257057e+02
3.379860e+01 3.60155444e+02
3.386240e+01 2.71138001e+02
3.392620e+01 2.11270231e+02
3.405370e+01 1.39735151e+02
3.418130e+01 1.00912517e+02
3.428500e+01 8.20683899e+01
3.430890e+01 7.77253631e+01
3.443640e+01 6.28311123e+01
3.469160e+01 4.55267446e+01
3.488420e+01 3.85123524e+01
3.494670e+01 3.62363161e+01
3.500000e+01 3.50732989e+01
3.520190e+01 3.06679283e+01
3.545700e+01 2.70598702e+01
3.571210e+01 2.45827094e+01
3.571350e+01 2.45742000e+01
3.622240e+01 2.14821879e+01
3.656370e+01 2.02735623e+01
3.673270e+01 1.96755014e+01
3.714200e+01 1.87511459e+01
3.724300e+01 1.85237120e+01
3.775330e+01 1.77414289e+01
3.857050e+01 1.69597783e+01
3.877380e+01 1.67680342e+01
3.928480e+01 1.64886176e+01
3.979440e+01 1.62218457e+01
3.992280e+01 1.61800742e+01
3.999900e+01 1.61554144e+01
4.035610e+01 1.60527796e+01
4.063720e+01 1.59853305e+01
4.071330e+01 1.59670711e+01
4.081490e+01 1.59516216e+01
4.107040e+01 1.59411296e+01
4.142750e+01 1.59907443e+01
4.178460e+01 1.61930625e+01
4.183550e+01 1.62593043e+01
4.196320e+01 1.64368826e+01
4.214180e+01 1.68795282e+01
4.232030e+01 1.77376506e+01
4.240960e+01 1.84850135e+01
4.249890e+01 1.96446337e+01
4.250000e+01 1.96681582e+01
4.258820e+01 2.15543955e+01
4.267740e+01 2.49461071e+01
4.276670e+01 3.15287720e+01
4.281140e+01 3.71119399e+01
4.285600e+01 4.51415962e+01
4.292800e+01 6.36310330e+01
4.300000e+01 7.64972228e+01
4.307200e+01 6.49655192e+01
4.314400e+01 4.67938634e+01
4.319760e+01 3.73769568e+01
4.325110e+01 3.11985247e+01
4.328190e+01 2.88649937e+01
4.330470e+01 2.71375990e+01
4.335830e+01 2.43937968e+01
4.346540e+01 2.10955125e+01
4.357250e+01 1.92892306e+01
4.367960e+01 1.81988336e+01
4.378680e+01 1.74895854e+01
4.387660e+01 1.71362492e+01
4.400100e+01 1.66544606e+01
4.421530e+01 1.61958921e+01
4.442950e+01 1.59104535e+01
4.464380e+01 1.57165790e+01
4.485800e+01 1.55757777e+01
4.528650e+01 1.53814688e+01
4.571500e+01 1.52484734e+01
4.591780e+01 1.52002943e+01
4.614350e+01 1.51537495e+01
4.657200e+01 1.50830172e+01
4.742900e+01 1.49700479e+01
4.795890e+01 1.49124128e+01
4.828600e+01 1.48826723e+01
5.000000e+01 1.47524414e+01
5.258300e+01 1.46178517e+01
5.312500e+01 1.45919196e+01
5.496570e+01 1.45208626e+01
5.516600e+01 1.45131215e+01
5.625000e+01 1.44732633e+01
5.774900e+01 1.44288517e+01
5.993150e+01 1.43672410e+01
6.033200e+01 1.43557952e+01
6.082440e+01 1.43428612e+01
6.250000e+01 1.42988066e+01
6.252360e+01 1.42982979e+01
6.291500e+01 1.42898643e+01
6.420650e+01 1.42675847e+01
6.489720e+01 1.42609067e+01
6.549800e+01 1.42546407e+01
6.614380e+01 1.42557007e+01
6.623660e+01 1.42573480e+01
6.678950e+01 1.42671433e+01
6.743530e+01 1.42981660e+01
6.808100e+01 1.43700884e+01
6.872680e+01 1.45412803e+01
6.875000e+01 1.45536890e+01
6.904960e+01 1.47145860e+01
6.937250e+01 1.50193449e+01
6.969540e+01 1.56114410e+01
6.985680e+01 1.61328417e+01
6.986290e+01 1.61638413e+01
7.001830e+01 1.69534175e+01
7.017970e+01 1.83348116e+01
7.034110e+01 2.08705364e+01
7.042190e+01 2.29702591e+01
7.050260e+01 2.60483484e+01
7.058330e+01 3.06622899e+01
7.066400e+01 3.75746916e+01
7.078200e+01 5.23139121e+01
7.090000e+01 6.27037326e+01
7.101800e+01 5.36918023e+01
7.113600e+01 3.92954466e+01
7.124880e+01 3.01942651e+01
7.136150e+01 2.48950281e+01
7.147430e+01 2.17431800e+01
7.158700e+01 1.97684266e+01
7.164880e+01 1.90543049e+01
7.169980e+01 1.84649794e+01
7.181250e+01 1.75645370e+01
7.203800e+01 1.64388352e+01
7.226350e+01 1.57888391e+01
7.234580e+01 1.56392118e+01
7.248900e+01 1.53787132e+01
7.294000e+01 1.49060691e+01
7.339100e+01 1.46503018e+01
7.384200e+01 1.44931209e+01
7.429300e+01 1.43873552e+01
7.435490e+01 1.43768891e+01
7.474400e+01 1.43110895e+01
7.482860e+01 1.43013185e+01
7.500000e+01 1.42812603e+01
7.564600e+01 1.42067382e+01
7.654800e+01 1.41365830e+01
7.706090e+01 1.41065163e+01
7.731150e+01 1.40918218e+01
7.745000e+01 1.40833819e+01
7.835200e+01 1.40382086e+01
7.976700e+01 1.39798732e+01
7.979440e+01 1.39787446e+01
8.015600e+01 1.39629833e+01
8.103580e+01 1.39300920e+01
8.126180e+01 1.39212001e+01
8.196000e+01 1.38937320e+01
8.227720e+01 1.38825518e+01
8.247310e+01 1.38752760e+01
8.351870e+01 1.38365863e+01
8.382620e+01 1.38251335e+01
8.476010e+01 1.37905979e+01
8.517920e+01 1.37767825e+01
8.538080e+01 1.37702616e+01
8.556800e+01 1.37660226e+01
8.600150e+01 1.37572546e+01
8.653230e+01 1.37596316e+01
8.662220e+01 1.37601737e+01
8.724290e+01 1.38045341e+01
8.750000e+01 1.38523614e+01
8.755330e+01 1.38622466e+01
8.786370e+01 1.39705421e+01
8.788530e+01 1.39850562e+01
8.817400e+01 1.41796172e+01
8.822360e+01 1.42481106e+01
8.848440e+01 1.46085988e+01
8.856190e+01 1.48006470e+01
8.863960e+01 1.49932897e+01
8.873100e+01 1.53504773e+01
8.879470e+01 1.55994626e+01
8.881560e+01 1.57356751e+01
8.890010e+01 1.62864387e+01
8.894990e+01 1.66110606e+01
8.898470e+01 1.69562924e+01
8.902750e+01 1.73809166e+01
8.906630e+01 1.78664636e+01
8.906920e+01 1.79092986e+01
8.910510e+01 1.84395925e+01
8.912450e+01 1.87655595e+01
8.914390e+01 1.91219249e+01
8.915380e+01 1.93211919e+01
8.916330e+01 1.95124152e+01
8.917600e+01 1.97930675e+01
8.918270e+01 1.99411353e+01
8.920210e+01 2.04135076e+01
8.922150e+01 2.09351217e+01
8.923840e+01 2.14660776e+01
8.926030e+01 2.21541402e+01
8.929910e+01 2.36690430e+01
8.932290e+01 2.48400991e+01
8.933790e+01 2.55781734e+01
8.937670e+01 2.80258054e+01
8.940750e+01 3.05638494e+01
8.941550e+01 3.12230898e+01
8.945430e+01 3.54965675e+01
8.949210e+01 4.12217533e+01
8.949300e+01 4.13580683e+01
8.953180e+01 4.96573762e+01
8.957060e+01 6.18460808e+01
8.957660e+01 6.47397470e+01
8.960940e+01 8.05585174e+01
8.964820e+01 1.10739257e+02
8.968700e+01 1.61898172e+02
8.972580e+01 2.50480580e+02
8.974580e+01 3.21763925e+02
8.976790e+01 4.00532087e+02
8.981000e+01 5.07355728e+02
8.985220e+01 4.16809262e+02
8.989430e+01 2.70792706e+02
8.991490e+01 2.23303225e+02
8.993380e+01 1.79732848e+02
8.997330e+01 1.26095460e+02
9.001270e+01 9.38933725e+01
9.005220e+01 7.35810088e+01
9.008400e+01 6.43934698e+01
9.013120e+01 5.07568300e+01
9.021010e+01 3.90324928e+01
9.025320e+01 3.53304228e+01
9.028910e+01 3.22469964e+01
9.036800e+01 2.79682967e+01
9.042230e+01 2.62811846e+01
9.052590e+01 2.30630352e+01
9.059140e+01 2.19777559e+01
9.068380e+01 2.04481135e+01
9.084170e+01 1.88802688e+01
9.092970e+01 1.83116893e+01
9.099960e+01 1.78621945e+01
9.115750e+01 1.71625220e+01
9.126790e+01 1.68547979e+01
9.147330e+01 1.62936533e+01
9.160620e+01 1.60843663e+01
9.177530e+01 1.58301836e+01
9.178910e+01 1.58105091e+01
9.194450e+01 1.56810295e+01
9.210490e+01 1.55663507e+01
9.211360e+01 1.55630690e+01
9.228270e+01 1.55310373e+01
9.242070e+01 1.55483890e+01
9.245190e+01 1.55609289e+01
9.262100e+01 1.57252647e+01
9.278400e+01 1.60669664e+01
9.279010e+01 1.60797583e+01
9.287470e+01 1.63904554e+01
9.295920e+01 1.68575003e+01
9.304380e+01 1.75787294e+01
9.305230e+01 1.76943806e+01
9.312840e+01 1.87446028e+01
9.321290e+01 2.06587713e+01
9.329750e+01 2.38244483e+01
9.339880e+01 2.96209938e+01
9.350000e+01 3.37319008e+01
9.360130e+01 3.01788263e+01
9.368390e+01 2.55271705e+01
9.370250e+01 2.44815682e+01
9.380090e+01 2.08261261e+01
9.389930e+01 1.87060241e+01
9.399770e+01 1.74443570e+01
9.409610e+01 1.66494300e+01
9.419450e+01 1.61192079e+01
9.429290e+01 1.57472464e+01
9.431560e+01 1.56919304e+01
9.448970e+01 1.52777209e+01
9.468650e+01 1.49952677e+01
9.488330e+01 1.48064040e+01
9.494720e+01 1.47670857e+01
9.527690e+01 1.45799901e+01
9.567050e+01 1.44411820e+01
9.606410e+01 1.43408639e+01
9.621040e+01 1.43110487e+01
9.645770e+01 1.42691389e+01
9.685130e+01 1.42140076e+01
9.747360e+01 1.41418619e+01
9.763840e+01 1.41257346e+01
9.842560e+01 1.40620689e+01
9.873680e+01 1.40396040e+01
9.921280e+01 1.40102954e+01
1.000000e+02 1.39657230e+01
1.014250e+02 1.38995874e+01
1.015630e+02 1.38984278e+01
1.028500e+02 1.38942668e+01
1.031250e+02 1.38857795e+01
1.062500e+02 1.38036153e+01
1.073730e+02 1.37780011e+01
1.093750e+02 1.37264822e+01
1.125000e+02 1.36521261e+01
1.147460e+02 1.36023680e+01
1.168670e+02 1.35502524e+01
1.184330e+02 1.35063082e+01
1.187500e+02 1.34977456e+01
1.202760e+02 1.34582057e+01
1.221190e+02 1.34223978e+01
1.239620e+02 1.34335373e+01
1.248840e+02 1.34937001e+01
1.250000e+02 1.35141882e+01
1.250220e+02 1.35180853e+01
1.258060e+02 1.36569661e+01
1.267270e+02 1.40974580e+01
1.271880e+02 1.45827715e+01
1.276490e+02 1.55027911e+01
1.278790e+02 1.62836808e+01
1.281100e+02 1.74631331e+01
1.283400e+02 1.93383965e+01
1.285700e+02 2.25310552e+01
1.288010e+02 2.85066147e+01
1.289160e+02 3.35918203e+01
1.290310e+02 4.13359065e+01
1.291460e+02 5.37912777e+01
1.292620e+02 7.51939827e+01
1.293770e+02 1.14758769e+02
1.294340e+02 1.46809283e+02
1.294920e+02 1.91272229e+02
1.295960e+02 3.04814923e+02
1.297000e+02 3.86313051e+02
1.298050e+02 3.18697241e+02
1.299090e+02 2.08521804e+02
1.299960e+02 1.45626703e+02
1.300830e+02 1.06289039e+02
1.301700e+02 8.14737457e+01
1.302570e+02 6.52402215e+01
1.304320e+02 4.62980127e+01
1.306060e+02 3.62290946e+01
1.307800e+02 3.02654910e+01
1.308850e+02 2.79615910e+01
1.309540e+02 2.64476064e+01
1.313020e+02 2.19995798e+01
1.316510e+02 1.95885132e+01
1.319990e+02 1.81235243e+01
1.326950e+02 1.64859572e+01
1.333920e+02 1.56211292e+01
1.340890e+02 1.50976489e+01
1.354820e+02 1.45032171e+01
1.368750e+02 1.41748083e+01
1.375000e+02 1.40799143e+01
1.382680e+02 1.39632731e+01
1.410540e+02 1.36960540e+01
1.466270e+02 1.33943750e+01
1.500000e+02 1.32919733e+01
1.522000e+02 1.32248380e+01
1.549860e+02 1.31944689e+01
1.577720e+02 1.32361110e+01
1.589210e+02 1.33144184e+01
1.605590e+02 1.34262007e+01
1.619520e+02 1.36291329e+01
1.625000e+02 1.37599983e+01
1.625110e+02 1.37626158e+01
1.633450e+02 1.39610722e+01
1.647380e+02 1.45087340e+01
1.661310e+02 1.54369662e+01
1.675240e+02 1.70861210e+01
1.682210e+02 1.83937327e+01
1.687500e+02 1.97990116e+01
1.689170e+02 2.02425028e+01
1.696140e+02 2.29401023e+01
1.703110e+02 2.70367140e+01
1.710070e+02 3.35884772e+01
1.717040e+02 4.48170669e+01
1.724000e+02 6.60143182e+01
1.727490e+02 8.41920346e+01
1.730970e+02 1.12070348e+02
1.734450e+02 1.57323243e+02
1.737940e+02 2.36072863e+02
1.741420e+02 3.84309517e+02
1.743160e+02 5.06406124e+02
1.744900e+02 6.78141019e+02
1.747950e+02 1.10829435e+03
1.750000e+02 1.31731388e+03
1.751000e+02 1.41927447e+03
1.754050e+02 1.16429612e+03
1.757100e+02 7.49051090e+02
1.759000e+02 5.62333450e+02
1.760900e+02 4.30406196e+02
1.764690e+02 2.71680478e+02
1.768490e+02 1.87516775e+02
1.772280e+02 1.38752754e+02
1.776080e+02 1.08231264e+02
1.779870e+02 8.79318256e+01
1.787460e+02 6.34495222e+01
1.795050e+02 4.97657058e+01
1.802640e+02 4.13083842e+01
1.812500e+02 3.50999177e+01
1.817830e+02 3.17429970e+01
1.833010e+02 2.66683792e+01
1.848190e+02 2.36113460e+01
1.863370e+02 2.16023615e+01
1.869570e+02 2.10279819e+01
1.875000e+02 2.05249692e+01
1.878550e+02 2.01956853e+01
1.906250e+02 1.85313574e+01
1.908910e+02 1.83714676e+01
1.937500e+02 1.73138320e+01
1.939280e+02 1.72483212e+01
1.968750e+02 1.65147845e+01
1.969640e+02 1.64931192e+01
1.984380e+02 1.62354063e+01
2.000000e+02 1.59771598e+01
2.012370e+02 1.58524151e+01
2.024750e+02 1.57657402e+01
2.037120e+02 1.57573882e+01
2.039840e+02 1.57942211e+01
2.049490e+02 1.59567647e+01
2.055680e+02 1.61991163e+01
2.061860e+02 1.66225486e+01
2.068050e+02 1.73776155e+01
2.074240e+02 1.87982591e+01
2.077330e+02 1.99834633e+01
2.079670e+02 2.13105875e+01
2.080420e+02 2.17380153e+01
2.083520e+02 2.44502192e+01
2.086610e+02 2.88663988e+01
2.089700e+02 3.66054014e+01
2.091250e+02 4.27718145e+01
2.092790e+02 5.15729750e+01
2.094340e+02 6.45828395e+01
2.095890e+02 8.44926976e+01
2.097430e+02 1.15987050e+02
2.098980e+02 1.66080558e+02
2.100990e+02 2.64628780e+02
2.103000e+02 3.37023927e+02
2.105020e+02 2.80717627e+02
2.107030e+02 1.86188074e+02
2.109020e+02 1.24260041e+02
2.111000e+02 8.84892333e+01
2.112990e+02 6.73322124e+01
2.114970e+02 5.41092213e+01
2.116960e+02 4.53833128e+01
2.118940e+02 3.93477712e+01
2.122910e+02 3.17768018e+01
2.126880e+02 2.73778630e+01
2.127540e+02 2.69133720e+01
2.130850e+02 2.45836219e+01
2.138790e+02 2.13339071e+01
2.146730e+02 1.95544213e+01
2.149930e+02 1.91099793e+01
2.154670e+02 1.84516697e+01
2.159350e+02 1.80120503e+01
2.162610e+02 1.77122046e+01
2.170550e+02 1.71894642e+01
2.186430e+02 1.64886140e+01
2.202310e+02 1.60334654e+01
2.218180e+02 1.57060907e+01
2.234060e+02 1.54525038e+01
2.239020e+02 1.53924486e+01
2.255070e+02 1.52139364e+01
2.265820e+02 1.50930816e+01
2.297580e+02 1.48238182e+01
2.318700e+02 1.46753672e+01
2.329340e+02 1.46058924e+01
2.361100e+02 1.44252812e+01
2.382610e+02 1.43180302e+01
2.398370e+02 1.42363580e+01
2.424610e+02 1.41050933e+01
2.430290e+02 1.40794799e+01
2.478040e+02 1.38643059e+01
2.488130e+02 1.38181507e+01
2.500190e+02 1.37665091e+01
2.510150e+02 1.37238612e+01
2.517880e+02 1.36889721e+01
2.557720e+02 1.35016651e+01
2.573910e+02 1.34240605e+01
2.577640e+02 1.34053181e+01
2.587600e+02 1.33583502e+01
2.597550e+02 1.33213250e+01
2.607510e+02 1.33183541e+01
2.612490e+02 1.33543116e+01
2.615160e+02 1.34098956e+01
2.617470e+02 1.34581214e+01
2.622450e+02 1.37381945e+01
2.624940e+02 1.40408662e+01
2.627430e+02 1.45997258e+01
2.629920e+02 1.57432659e+01
2.631170e+02 1.67914672e+01
2.632410e+02 1.84976210e+01
2.633660e+02 2.14885209e+01
2.634280e+02 2.38747182e+01
2.634900e+02 2.72799815e+01
2.635520e+02 3.23245364e+01
2.636150e+02 4.00500830e+01
2.636770e+02 5.22855091e+01
2.637080e+02 6.09404702e+01
2.637390e+02 7.18072570e+01
2.637680e+02 8.46318903e+01
2.637790e+02 8.94963706e+01
2.638200e+02 1.10115852e+02
2.639000e+02 1.38309632e+02
2.639400e+02 1.32812017e+02
2.639810e+02 1.16484342e+02
2.640610e+02 7.97645557e+01
2.641100e+02 6.35066853e+01
2.641580e+02 5.18384929e+01
2.642550e+02 3.75356299e+01
2.643530e+02 2.98052931e+01
2.644500e+02 2.52673766e+01
2.645470e+02 2.23950014e+01
2.646440e+02 2.04700117e+01
2.648380e+02 1.81241952e+01
2.650330e+02 1.67968622e+01
2.652270e+02 1.59678443e+01
2.656160e+02 1.50155222e+01
2.660040e+02 1.44980501e+01
2.663930e+02 1.41776445e+01
2.671700e+02 1.38025447e+01
2.679480e+02 1.35857608e+01
2.687250e+02 1.34392495e+01
2.701450e+02 1.32573572e+01
2.702790e+02 1.32395756e+01
2.710650e+02 1.31635342e+01
2.718340e+02 1.30891632e+01
2.733880e+02 1.29633870e+01
2.742190e+02 1.29046483e+01
2.750000e+02 1.28483651e+01
2.764980e+02 1.27409220e+01
2.765220e+02 1.27393454e+01
2.797100e+02 1.25158557e+01
2.805710e+02 1.24528592e+01
2.827160e+02 1.22912167e+01
2.828990e+02 1.22774874e+01
2.860870e+02 1.20327520e+01
2.869230e+02 1.19724175e+01
2.889340e+02 1.18221743e+01
2.892750e+02 1.17966735e+01
2.900980e+02 1.17485821e+01
2.908700e+02 1.17017027e+01
2.916670e+02 1.16688591e+01
2.920430e+02 1.16591223e+01
2.920650e+02 1.16586236e+01
2.922650e+02 1.16559840e+01
2.924640e+02 1.16548569e+01
2.926630e+02 1.16553628e+01
2.928620e+02 1.16576783e+01
2.930620e+02 1.16619568e+01
2.932610e+02 1.16685165e+01
2.932740e+02 1.16691087e+01
2.934600e+02 1.16770949e+01
2.936600e+02 1.16883744e+01
2.940580e+02 1.17207403e+01
2.944570e+02 1.17687624e+01
2.948550e+02 1.18366563e+01
2.951520e+02 1.19059960e+01
2.952540e+02 1.19310464e+01
2.956520e+02 1.20615683e+01
2.960510e+02 1.22343805e+01
2.964490e+02 1.24628058e+01
2.964500e+02 1.24635644e+01
2.968480e+02 1.27647249e+01
2.972460e+02 1.31672219e+01
2.976450e+02 1.37087581e+01
2.980440e+02 1.44461849e+01
2.982610e+02 1.50031086e+01
2.984420e+02 1.54746021e+01
2.988410e+02 1.69343104e+01
2.992390e+02 1.90491513e+01
2.996260e+02 2.21266385e+01
2.996380e+02 2.22220799e+01
3.000360e+02 2.72061787e+01
3.004350e+02 3.55077926e+01
3.008330e+02 5.04849222e+01
3.010330e+02 6.27254855e+01
3.012140e+02 7.89808509e+01
3.012320e+02 8.05975134e+01
3.013710e+02 9.95684694e+01
3.014310e+02 1.07761749e+02
3.016310e+02 1.50852311e+02
3.018300e+02 2.22039353e+02
3.020290e+02 3.41284786e+02
3.022650e+02 5.60785384e+02
3.025000e+02 7.25465860e+02
3.027360e+02 6.04978490e+02
3.028020e+02 5.46724504e+02
3.029250e+02 4.38162380e+02
3.029720e+02 3.96684371e+02
3.031320e+02 2.94503209e+02
3.032920e+02 2.24033626e+02
3.034520e+02 1.75604722e+02
3.036110e+02 1.41710879e+02
3.039310e+02 9.93453014e+01
3.042510e+02 7.52205371e+01
3.043900e+02 6.87069369e+01
3.044800e+02 6.44938662e+01
3.045700e+02 6.02935330e+01
3.048900e+02 5.04710366e+01
3.052570e+02 4.37316247e+01
3.055290e+02 3.87781673e+01
3.059770e+02 3.43173628e+01
3.060340e+02 3.37547482e+01
3.061690e+02 3.24528177e+01
3.067710e+02 2.90320438e+01
3.068080e+02 2.88263933e+01
3.068120e+02 2.88128102e+01
3.074470e+02 2.68793849e+01
3.075650e+02 2.66720113e+01
3.075890e+02 2.66356916e+01
3.080870e+02 2.61613090e+01
3.083590e+02 2.61954949e+01
3.083660e+02 2.62000547e+01
3.091430e+02 2.74378324e+01
3.091530e+02 2.74705268e+01
3.093650e+02 2.83324150e+01
3.095500e+02 2.92295678e+01
3.099210e+02 3.14020829e+01
3.099470e+02 3.16391181e+01
3.103440e+02 3.59645425e+01
3.106440e+02 4.02532870e+01
3.106980e+02 4.10474622e+01
3.107410e+02 4.18714826e+01
3.109400e+02 4.65983201e+01
3.110870e+02 5.08734059e+01
3.111380e+02 5.26201414e+01
3.113370e+02 6.10730596e+01
3.114750e+02 6.88775948e+01
3.115350e+02 7.27618120e+01
3.117340e+02 9.04872864e+01
3.118640e+02 1.08168171e+02
3.119230e+02 1.17011148e+02
3.119320e+02 1.18362226e+02
3.121310e+02 1.66690166e+02
3.122300e+02 2.03245051e+02
3.122530e+02 2.14643213e+02
3.123290e+02 2.54215849e+02
3.125150e+02 3.86999262e+02
3.126410e+02 4.56969351e+02
3.127000e+02 4.92562029e+02
3.128860e+02 4.47118233e+02
3.130300e+02 3.73936392e+02
3.130710e+02 3.57208156e+02
3.131990e+02 3.27093546e+02
3.132010e+02 3.26905129e+02
3.133270e+02 3.15060070e+02
3.134180e+02 3.15351857e+02
3.134550e+02 3.20498141e+02
3.135840e+02 3.46757802e+02
3.136130e+02 3.54225578e+02
3.138070e+02 4.32136836e+02
3.138400e+02 4.52511014e+02
3.140960e+02 6.20589826e+02
3.141540e+02 6.59806152e+02
3.143520e+02 7.59908122e+02
3.145000e+02 8.36322731e+02
3.146080e+02 7.92851085e+02
3.148470e+02 6.98654046e+02
3.151210e+02 5.11459519e+02
3.151930e+02 4.62667467e+02
3.155350e+02 3.06114754e+02
3.156330e+02 2.79628137e+02
3.157590e+02 2.45911503e+02
3.158760e+02 2.14619943e+02
3.161460e+02 1.71269806e+02
3.162180e+02 1.59813564e+02
3.165600e+02 1.25225415e+02
3.166580e+02 1.18530692e+02
3.169010e+02 1.02139289e+02
3.171700e+02 8.93886469e+01
3.172430e+02 8.59814574e+01
3.179260e+02 6.54617539e+01
3.181950e+02 6.05623238e+01
3.183160e+02 5.84218184e+01
3.186090e+02 5.32606044e+01
3.192200e+02 4.61897765e+01
3.192930e+02 4.53650521e+01
3.202450e+02 3.88030932e+01
3.206590e+02 3.60157077e+01
3.208730e+02 3.51745927e+01
3.212700e+02 3.36314825e+01
3.220250e+02 3.07975738e+01
3.233190e+02 2.76274703e+01
3.233920e+02 2.74556528e+01
3.234310e+02 2.73908281e+01
3.247580e+02 2.52320071e+01
3.253690e+02 2.44866710e+01
3.261250e+02 2.36026926e+01
3.271370e+02 2.27634370e+01
3.274190e+02 2.25295819e+01
3.285450e+02 2.16291441e+01
3.288580e+02 2.13856419e+01
3.294680e+02 2.10606859e+01
3.315910e+02 1.99828739e+01
3.335680e+02 1.92343941e+01
3.336600e+02 1.92012402e+01
3.343240e+02 1.89633368e+01
3.362170e+02 1.84278020e+01
3.370560e+02 1.81856158e+01
3.374960e+02 1.80865603e+01
3.376670e+02 1.80465812e+01
3.387740e+02 1.77985688e+01
3.400530e+02 1.74943563e+01
3.406920e+02 1.73346544e+01
3.413320e+02 1.71745108e+01
3.416510e+02 1.71003892e+01
3.417660e+02 1.70785733e+01
3.419710e+02 1.70408693e+01
3.422910e+02 1.70157527e+01
3.425220e+02 1.70602800e+01
3.426100e+02 1.70813010e+01
3.427700e+02 1.71926557e+01
3.429300e+02 1.74045379e+01
3.430900e+02 1.78066975e+01
3.432500e+02 1.86006980e+01
3.433300e+02 1.92825462e+01
3.433700e+02 1.97411362e+01
3.434100e+02 2.03067542e+01
3.434500e+02 2.10152522e+01
3.434700e+02 2.14363053e+01
3.434900e+02 2.19087536e+01
3.435100e+02 2.24461366e+01
3.435300e+02 2.30567592e+01
3.435690e+02 2.45474944e+01
3.436090e+02 2.65281047e+01
3.436490e+02 2.92013208e+01
3.436890e+02 3.29151059e+01
3.437290e+02 3.81906914e+01
3.437690e+02 4.59552875e+01
3.438090e+02 5.76921309e+01
3.438490e+02 7.60125642e+01
3.438890e+02 1.04587641e+02
3.439450e+02 1.65157528e+02
3.440000e+02 2.12375892e+02
3.440280e+02 2.05696163e+02
3.440560e+02 1.81565944e+02
3.441110e+02 1.25092319e+02
3.441470e+02 9.81242311e+01
3.441830e+02 7.90759119e+01
3.442540e+02 5.61124385e+01
3.443250e+02 4.38865554e+01
3.443970e+02 3.67499575e+01
3.444680e+02 3.22389601e+01
3.445400e+02 2.92122953e+01
3.446820e+02 2.55053075e+01
3.448250e+02 2.33843263e+01
3.449680e+02 2.20433282e+01
3.452540e+02 2.04745123e+01
3.455400e+02 1.96010142e+01
3.458250e+02 1.90480427e+01
3.458650e+02 1.89945384e+01
3.461110e+02 1.86666955e+01
3.463970e+02 1.83858032e+01
3.469680e+02 1.79933551e+01
3.475390e+02 1.77241062e+01
3.479880e+02 1.75642932e+01
3.481110e+02 1.75235404e+01
3.486820e+02 1.73730972e+01
3.498250e+02 1.71388788e+01
3.500000e+02 1.71106097e+01
3.509680e+02 1.69544324e+01
3.532530e+02 1.66567060e+01
3.534540e+02 1.66345744e+01
3.540640e+02 1.65763044e+01
3.555390e+02 1.64406107e+01
3.578240e+02 1.62533324e+01
3.589200e+02 1.61719956e+01
3.622620e+02 1.59655766e+01
3.623960e+02 1.59575926e+01
3.669670e+02 1.57100746e+01
3.698520e+02 1.55621779e+01
3.715380e+02 1.54911698e+01
3.750160e+02 1.53519718e+01
3.786600e+02 1.52061345e+01
3.806800e+02 1.51264955e+01
3.807830e+02 1.51224898e+01
3.832090e+02 1.50399565e+01
3.898220e+02 1.48151165e+01
3.917150e+02 1.47481415e+01
3.943930e+02 1.46608316e+01
3.950570e+02 1.46374650e+01
3.989650e+02 1.44970166e+01
4.012500e+02 1.44069014e+01
4.026470e+02 1.43464927e+01
4.032550e+02 1.43214216e+01
4.035360e+02 1.43095023e+01
4.058210e+02 1.41992964e+01
4.081070e+02 1.40679734e+01
4.092500e+02 1.39903578e+01
4.103920e+02 1.39015367e+01
4.114540e+02 1.38056885e+01
4.115350e+02 1.37982783e+01
4.126780e+02 1.36775971e+01
4.132490e+02 1.36130572e+01
4.138210e+02 1.35511832e+01
4.143920e+02 1.35062034e+01
4.149640e+02 1.35201313e+01
4.152490e+02 1.35844103e+01
4.155350e+02 1.37343007e+01
4.155530e+02 1.37507881e+01
4.156780e+02 1.38651728e+01
4.157490e+02 1.39516142e+01
4.158210e+02 1.40561182e+01
4.158920e+02 1.41829580e+01
4.159640e+02 1.43368534e+01
4.159990e+02 1.44260322e+01
4.160350e+02 1.45245999e+01
4.160710e+02 1.46337257e+01
4.161060e+02 1.47547288e+01
4.161780e+02 1.50388823e+01
4.162490e+02 1.53913033e+01
4.163210e+02 1.58325241e+01
4.163920e+02 1.63903969e+01
4.164640e+02 1.71049253e+01
4.165350e+02 1.80298736e+01
4.166060e+02 1.92475709e+01
4.166780e+02 2.08805158e+01
4.167490e+02 2.31224313e+01
4.168210e+02 2.62729996e+01
4.168920e+02 3.08465092e+01
4.169630e+02 3.77400378e+01
4.170350e+02 4.86090811e+01
4.171060e+02 6.66635262e+01
4.171780e+02 9.82959917e+01
4.172490e+02 1.55209908e+02
4.173250e+02 2.52958038e+02
4.174000e+02 3.29107182e+02
4.174760e+02 2.79328225e+02
4.175510e+02 1.88186752e+02
4.176320e+02 1.22870433e+02
4.177140e+02 8.64678882e+01
4.177950e+02 6.54696147e+01
4.178760e+02 5.25769511e+01
4.179570e+02 4.41403790e+01
4.180390e+02 3.83429428e+01
4.182010e+02 3.10878576e+01
4.183630e+02 2.68656464e+01
4.185260e+02 2.41760008e+01
4.188510e+02 2.10283674e+01
4.191760e+02 1.92938319e+01
4.195010e+02 1.82175557e+01
4.196520e+02 1.78807822e+01
4.198260e+02 1.74926275e+01
4.201500e+02 1.69745566e+01
4.208000e+02 1.62874578e+01
4.214500e+02 1.58540058e+01
4.221000e+02 1.55552982e+01
4.227500e+02 1.53360417e+01
4.237520e+02 1.51018670e+01
4.240490e+02 1.50328791e+01
4.245100e+02 1.49610110e+01
4.250000e+02 1.48849674e+01
4.253490e+02 1.48308525e+01
4.266490e+02 1.46827575e+01
4.278510e+02 1.45753638e+01
4.279480e+02 1.45671787e+01
4.299010e+02 1.44440597e+01
4.305480e+02 1.44092095e+01
4.319500e+02 1.43560344e+01
4.331470e+02 1.43355434e+01
4.340000e+02 1.43284575e+01
4.354420e+02 1.43889594e+01
4.357460e+02 1.44017107e+01
4.360500e+02 1.44161025e+01
4.380990e+02 1.47950084e+01
4.383460e+02 1.49049785e+01
4.391240e+02 1.52550638e+01
4.392810e+02 1.53909117e+01
4.401490e+02 1.61419816e+01
4.411740e+02 1.79992528e+01
4.416860e+02 1.97125187e+01
4.421980e+02 2.24930087e+01
4.427110e+02 2.73108661e+01
4.432230e+02 3.64051297e+01
4.434790e+02 4.40837636e+01
4.435440e+02 4.69707280e+01
4.437360e+02 5.54990814e+01
4.439920e+02 7.28631867e+01
4.442480e+02 9.93138476e+01
4.446240e+02 1.57644704e+02
4.450000e+02 2.02618027e+02
4.453760e+02 1.72242607e+02
4.457520e+02 1.17606366e+02
4.461760e+02 7.73012460e+01
4.463730e+02 6.71615089e+01
4.466000e+02 5.54777768e+01
4.470240e+02 4.31801314e+01
4.474470e+02 3.57335358e+01
4.478710e+02 3.09173856e+01
4.482950e+02 2.76280066e+01
4.487430e+02 2.54686279e+01
4.491430e+02 2.35977526e+01
4.499900e+02 2.13539992e+01
4.508380e+02 1.99705754e+01
4.525330e+02 1.84484814e+01
4.542280e+02 1.77089104e+01
4.559240e+02 1.73314519e+01
4.573050e+02 1.71807264e+01
4.576190e+02 1.71473604e+01
4.591400e+02 1.70871893e+01
4.593140e+02 1.70599160e+01
4.627050e+02 1.67185960e+01
4.627710e+02 1.67146270e+01
4.660950e+02 1.65396838e+01
4.682370e+02 1.64728668e+01
4.694860e+02 1.64640971e+01
4.728760e+02 1.64827649e+01
4.737030e+02 1.64960002e+01
4.764360e+02 1.66788995e+01
4.791680e+02 1.71036229e+01
4.796570e+02 1.72868843e+01
4.819010e+02 1.81445939e+01
4.832680e+02 1.91920729e+01
4.846340e+02 2.10167211e+01
4.860010e+02 2.44755135e+01
4.864380e+02 2.63600868e+01
4.866840e+02 2.74221056e+01
4.873670e+02 3.18830299e+01
4.880500e+02 3.89576908e+01
4.887340e+02 5.08070703e+01
4.894170e+02 7.18214122e+01
4.901000e+02 1.10219783e+02
4.908000e+02 1.74359962e+02
4.915000e+02 2.23631259e+02
4.922000e+02 1.90105610e+02
4.929000e+02 1.30064537e+02
4.933440e+02 1.01941526e+02
4.937880e+02 8.19530595e+01
4.946750e+02 5.77519363e+01
4.953530e+02 4.78774368e+01
4.955630e+02 4.48189657e+01
4.964500e+02 3.72582515e+01
4.973380e+02 3.24841265e+01
4.982250e+02 2.92785377e+01
5.000000e+02 2.53619634e+01
5.000130e+02 2.53449675e+01
5.014480e+02 2.34688869e+01
5.028950e+02 2.21877824e+01
5.057900e+02 2.05994489e+01
5.079090e+02 1.99237728e+01
5.086850e+02 1.96761211e+01
5.115800e+02 1.90836929e+01
5.158180e+02 1.85707001e+01
5.173700e+02 1.83807547e+01
5.231590e+02 1.79813220e+01
5.237270e+02 1.79564863e+01
5.267470e+02 1.78164602e+01
5.289490e+02 1.76685113e+01
5.316360e+02 1.75249131e+01
5.347390e+02 1.73497257e+01
5.355910e+02 1.73108760e+01
5.395450e+02 1.71203551e+01
5.435000e+02 1.69195427e+01
5.463190e+02 1.67743904e+01
5.474540e+02 1.67244061e+01
5.494310e+02 1.66460049e+01
5.514090e+02 1.65895538e+01
5.514250e+02 1.65895487e+01
5.533860e+02 1.65889453e+01
5.553630e+02 1.67328833e+01
5.563520e+02 1.69276499e+01
5.573400e+02 1.72911676e+01
5.578990e+02 1.76767238e+01
5.583290e+02 1.79749088e+01
5.593180e+02 1.93145809e+01
5.598120e+02 2.04559854e+01
5.603060e+02 2.21632732e+01
5.608010e+02 2.48174625e+01
5.612950e+02 2.91544502e+01
5.617890e+02 3.67178098e+01
5.622830e+02 5.10790179e+01
5.625310e+02 6.32535742e+01
5.627780e+02 8.13882739e+01
5.630250e+02 1.09047369e+02
5.632720e+02 1.51263378e+02
5.636360e+02 2.45238969e+02
5.640000e+02 3.19167779e+02
5.643650e+02 2.72351958e+02
5.647290e+02 1.85196126e+02
5.649620e+02 1.43717642e+02
5.651960e+02 1.14231493e+02
5.656620e+02 7.85242977e+01
5.661290e+02 5.94245460e+01
5.665950e+02 4.82366321e+01
5.670620e+02 4.11534818e+01
5.675280e+02 3.63829099e+01
5.684610e+02 3.05268785e+01
5.693940e+02 2.71702496e+01
5.694780e+02 2.69788092e+01
5.703270e+02 2.50461179e+01
5.721930e+02 2.25637556e+01
5.740590e+02 2.11870767e+01
5.759250e+02 2.03219663e+01
5.777910e+02 1.97298928e+01
5.796560e+02 1.92987734e+01
5.833880e+02 1.87088071e+01
5.871200e+02 1.83174107e+01
5.908520e+02 1.80320869e+01
5.926380e+02 1.79255901e+01
5.943550e+02 1.78253033e+01
5.945840e+02 1.78120975e+01
6.020480e+02 1.74884411e+01
6.095110e+02 1.72426632e+01
6.157970e+02 1.70699976e+01
6.169750e+02 1.70373743e+01
6.244390e+02 1.68531661e+01
6.250000e+02 1.68403744e+01
6.273770e+02 1.67859204e+01
6.389560e+02 1.65105311e+01
6.393660e+02 1.65000186e+01
6.468300e+02 1.63086320e+01
6.505360e+02 1.62090248e+01
6.542930e+02 1.60986328e+01
6.563260e+02 1.60356876e+01
6.580250e+02 1.59785245e+01
6.617570e+02 1.58480445e+01
6.621160e+02 1.58351050e+01
6.635680e+02 1.57776006e+01
6.654890e+02 1.57015426e+01
6.679060e+02 1.56077928e+01
6.692210e+02 1.55538491e+01
6.708010e+02 1.54966121e+01
6.710870e+02 1.54867771e+01
6.729530e+02 1.54407841e+01
6.736950e+02 1.54394498e+01
6.748190e+02 1.54462293e+01
6.751430e+02 1.54663837e+01
6.765900e+02 1.55779615e+01
6.766840e+02 1.55883960e+01
6.780380e+02 1.59466211e+01
6.785500e+02 1.61237035e+01
6.794830e+02 1.67149634e+01
6.794850e+02 1.67171301e+01
6.804160e+02 1.79277736e+01
6.809330e+02 1.91136605e+01
6.813490e+02 2.02342806e+01
6.816560e+02 2.15348629e+01
6.818160e+02 2.23103518e+01
6.822820e+02 2.55089860e+01
6.823800e+02 2.65358462e+01
6.827490e+02 3.08900168e+01
6.831040e+02 3.75833865e+01
6.832150e+02 3.98994927e+01
6.834660e+02 4.87806399e+01
6.836820e+02 5.69734006e+01
6.838280e+02 6.54541331e+01
6.839150e+02 7.08974933e+01
6.841480e+02 9.03337040e+01
6.841900e+02 9.52409951e+01
6.845510e+02 1.40452913e+02
6.845740e+02 1.43710108e+02
6.849130e+02 1.84757237e+02
6.850000e+02 1.98088094e+02
6.852750e+02 2.03267789e+02
6.854260e+02 2.13093825e+02
6.856380e+02 2.17017472e+02
6.858520e+02 2.16370658e+02
6.860000e+02 2.19429094e+02
6.861160e+02 2.04803347e+02
6.863630e+02 1.78704877e+02
6.863810e+02 1.75871713e+02
6.867250e+02 1.28575952e+02
6.869090e+02 1.08127437e+02
6.869610e+02 1.03114886e+02
6.871970e+02 8.57495061e+01
6.874380e+02 7.33523213e+01
6.876690e+02 6.31169312e+01
6.879660e+02 5.46344280e+01
6.881410e+02 5.02992488e+01
6.884950e+02 4.41785635e+01
6.886130e+02 4.23906595e+01
6.890230e+02 3.77682071e+01
6.890850e+02 3.71767018e+01
6.895570e+02 3.37062585e+01
6.900800e+02 3.07729750e+01
6.905010e+02 2.89105839e+01
6.911370e+02 2.68518709e+01
6.914450e+02 2.60360918e+01
6.921940e+02 2.44916211e+01
6.923890e+02 2.41725695e+01
6.942770e+02 2.18825254e+01
6.943080e+02 2.18532013e+01
6.961660e+02 2.05951782e+01
6.964220e+02 2.04536517e+01
6.980540e+02 1.97560889e+01
6.985360e+02 1.95823096e+01
6.999420e+02 1.91701612e+01
7.006500e+02 1.89907099e+01
7.018300e+02 1.87387745e+01
7.027640e+02 1.85708952e+01
7.056060e+02 1.81567327e+01
7.069920e+02 1.79890692e+01
7.093820e+02 1.77596822e+01
7.112200e+02 1.76149217e+01
7.154480e+02 1.73389024e+01
7.169350e+02 1.72538082e+01
7.196760e+02 1.71258735e+01
7.244870e+02 1.69347968e+01
7.281320e+02 1.68071367e+01
7.295700e+02 1.67642727e+01
7.320390e+02 1.66923000e+01
7.365880e+02 1.65721662e+01
7.450440e+02 1.63732888e+01
7.471440e+02 1.66124245e+01
7.500000e+02 1.69387655e+01
7.500070e+02 1.69395629e+01
7.535000e+02 1.73374778e+01
7.622490e+02 1.72566775e+01
7.698010e+02 1.71755726e+01
7.757120e+02 1.70988753e+01
7.773540e+02 1.70775817e+01
7.849060e+02 1.69507094e+01
7.886820e+02 1.68706579e+01
7.924580e+02 1.67764121e+01
7.962350e+02 1.66730455e+01
7.981230e+02 1.66304665e+01
8.000110e+02 1.66243723e+01
8.009550e+02 1.66584594e+01
8.018990e+02 1.67494136e+01
8.028430e+02 1.69567236e+01
8.037870e+02 1.74230977e+01
8.042590e+02 1.78567881e+01
8.047310e+02 1.85477122e+01
8.052030e+02 1.96987150e+01
8.056750e+02 2.17399983e+01
8.059110e+02 2.33703049e+01
8.061470e+02 2.56985740e+01
8.063830e+02 2.91415114e+01
8.066190e+02 3.44555006e+01
8.068550e+02 4.31013148e+01
8.070910e+02 5.80948038e+01
8.073270e+02 8.59854079e+01
8.074450e+02 1.08647523e+02
8.075630e+02 1.40173980e+02
8.077820e+02 2.24267282e+02
8.080000e+02 2.88913690e+02
8.082190e+02 2.45037076e+02
8.084370e+02 1.66179335e+02
8.085740e+02 1.29661033e+02
8.087100e+02 1.03556580e+02
8.089830e+02 7.17480621e+01
8.092560e+02 5.46397244e+01
8.095290e+02 4.45978923e+01
8.098020e+02 3.82406370e+01
8.100750e+02 3.39646335e+01
8.106210e+02 2.87315797e+01
8.111670e+02 2.57494563e+01
8.117130e+02 2.38723854e+01
8.128050e+02 2.16987095e+01
8.138970e+02 2.05094487e+01
8.149890e+02 1.97723208e+01
8.160810e+02 1.92748313e+01
8.171730e+02 1.89176326e+01
8.193570e+02 1.84385212e+01
8.215410e+02 1.81290883e+01
8.259090e+02 1.77403799e+01
8.302770e+02 1.74887233e+01
8.346450e+02 1.72958249e+01
8.433810e+02 1.69795799e+01
8.477490e+02 1.68383509e+01
8.521170e+02 1.67129292e+01
8.564850e+02 1.66294497e+01
8.608530e+02 1.66694467e+01
8.630370e+02 1.68033051e+01
8.647850e+02 1.70423531e+01
8.652210e+02 1.71021657e+01
8.674050e+02 1.77238124e+01
8.684970e+02 1.82525388e+01
8.695890e+02 1.90246318e+01
8.706810e+02 2.01730945e+01
8.717730e+02 2.19262118e+01
8.728650e+02 2.46972479e+01
8.739570e+02 2.92844240e+01
8.750000e+02 3.69940047e+01
8.750490e+02 3.73561737e+01
8.761410e+02 5.27401256e+01
8.766870e+02 6.57605754e+01
8.767500e+02 6.79907262e+01
8.772330e+02 8.50842823e+01
8.777790e+02 1.14363432e+02
8.783250e+02 1.58755740e+02
8.791630e+02 2.62585449e+02
8.800000e+02 3.47979461e+02
8.808380e+02 3.01524294e+02
8.816750e+02 2.07586831e+02
8.823500e+02 1.52556326e+02
8.830240e+02 1.16502553e+02
8.836980e+02 9.28715107e+01
8.843730e+02 7.68974175e+01
8.857220e+02 5.75755891e+01
8.870700e+02 4.68385726e+01
8.878560e+02 4.29962071e+01
8.884190e+02 4.02439812e+01
8.897680e+02 3.58807888e+01
8.924660e+02 3.05888154e+01
8.951630e+02 2.75705870e+01
8.978610e+02 2.56529679e+01
9.005590e+02 2.43390587e+01
9.032560e+02 2.33875065e+01
9.086520e+02 2.21062851e+01
9.140470e+02 2.12840690e+01
9.194420e+02 2.07095888e+01
9.248380e+02 2.02829173e+01
9.356280e+02 1.96833960e+01
9.375000e+02 1.96120957e+01
9.464190e+02 1.92673474e+01
9.572090e+02 1.89532554e+01
9.680000e+02 1.96477632e+01
1.000000e+03 2.02918953e+01
1.040040e+03 2.00041280e+01
1.080080e+03 1.96837111e+01
1.120110e+03 1.93154245e+01
1.160150e+03 1.88739313e+01
1.176750e+03 1.86580295e+01
1.180170e+03 1.86125922e+01
1.200190e+03 1.83114622e+01
1.220210e+03 1.79694151e+01
1.240230e+03 1.75919742e+01
1.250240e+03 1.74047033e+01
1.260240e+03 1.72469939e+01
1.262750e+03 1.72180759e+01
1.265130e+03 1.71972218e+01
1.265250e+03 1.71961245e+01
1.266500e+03 1.71879238e+01
1.267750e+03 1.71822780e+01
1.269000e+03 1.71795342e+01
1.270250e+03 1.71800900e+01
1.271510e+03 1.71843628e+01
1.272760e+03 1.71929477e+01
1.274010e+03 1.72063984e+01
1.275260e+03 1.72253959e+01
1.276510e+03 1.72507253e+01
1.277760e+03 1.72832920e+01
1.280260e+03 1.73744821e+01
1.281250e+03 1.74277625e+01
1.282770e+03 1.75107463e+01
1.285270e+03 1.77060755e+01
1.287770e+03 1.79798315e+01
1.290270e+03 1.83599330e+01
1.292780e+03 1.88870529e+01
1.295280e+03 1.96200346e+01
1.297780e+03 2.06479201e+01
1.300280e+03 2.21081683e+01
1.302790e+03 2.42212996e+01
1.305290e+03 2.73506383e+01
1.307790e+03 3.21309340e+01
1.310290e+03 3.97245326e+01
1.312790e+03 5.24025797e+01
1.315300e+03 7.48655173e+01
1.317800e+03 1.17405165e+02
1.319050e+03 1.52334482e+02
1.320300e+03 2.01266556e+02
1.322650e+03 3.36228495e+02
1.325000e+03 4.47991105e+02
1.327400e+03 3.88758082e+02
1.329800e+03 2.66448200e+02
1.332420e+03 1.76050351e+02
1.335040e+03 1.25239665e+02
1.337650e+03 9.57392292e+01
1.340270e+03 7.74429482e+01
1.342890e+03 6.53730412e+01
1.345510e+03 5.69889702e+01
1.350740e+03 4.63587677e+01
1.353500e+03 4.30426820e+01
1.355980e+03 4.00618082e+01
1.361220e+03 3.59771602e+01
1.371690e+03 3.10871605e+01
1.382160e+03 2.83097712e+01
1.392630e+03 2.65361232e+01
1.397690e+03 2.59430267e+01
1.403100e+03 2.53060689e+01
1.413580e+03 2.44003626e+01
1.434520e+03 2.31505157e+01
1.441880e+03 2.28573646e+01
1.455460e+03 2.23054794e+01
1.476410e+03 2.16801406e+01
1.486060e+03 2.14543674e+01
1.497350e+03 2.11751566e+01
1.530250e+03 2.05453272e+01
1.539240e+03 2.03588037e+01
1.552340e+03 2.01416120e+01
1.562500e+03 1.99565356e+01
1.567800e+03 1.98622554e+01
1.567830e+03 1.98617266e+01
1.574440e+03 1.97442441e+01
1.581130e+03 1.96094209e+01
1.596530e+03 1.93342195e+01
1.608030e+03 1.90879156e+01
1.618630e+03 1.88612128e+01
1.623010e+03 1.87511056e+01
1.629670e+03 1.85928765e+01
1.640720e+03 1.82956419e+01
1.651770e+03 1.79613749e+01
1.662810e+03 1.76063820e+01
1.664900e+03 1.75452302e+01
1.668340e+03 1.74486741e+01
1.671100e+03 1.73865407e+01
1.673590e+03 1.73482874e+01
1.673860e+03 1.73441489e+01
1.675240e+03 1.73339214e+01
1.676620e+03 1.73336142e+01
1.678000e+03 1.73458620e+01
1.679380e+03 1.73740279e+01
1.680080e+03 1.73953494e+01
1.680770e+03 1.74223676e+01
1.681460e+03 1.74558626e+01
1.682150e+03 1.74965687e+01
1.683530e+03 1.76038635e+01
1.684910e+03 1.77537387e+01
1.686290e+03 1.79592372e+01
1.687670e+03 1.82375880e+01
1.689050e+03 1.86125211e+01
1.690430e+03 1.91170704e+01
1.691810e+03 1.97980475e+01
1.693190e+03 2.07231331e+01
1.694570e+03 2.19924120e+01
1.695950e+03 2.37564411e+01
1.697340e+03 2.62556031e+01
1.698720e+03 2.98744161e+01
1.700100e+03 3.52629118e+01
1.701480e+03 4.35604881e+01
1.702860e+03 5.69030010e+01
1.704240e+03 7.94188643e+01
1.705620e+03 1.19361322e+02
1.707000e+03 1.91939864e+02
1.708500e+03 3.23596410e+02
1.710000e+03 4.35026389e+02
1.711500e+03 3.80500460e+02
1.713000e+03 2.63257185e+02
1.714120e+03 1.97810080e+02
1.715240e+03 1.53317528e+02
1.716360e+03 1.23195400e+02
1.717490e+03 1.02308323e+02
1.719730e+03 7.63690269e+01
1.721970e+03 6.15737814e+01
1.724210e+03 5.23238364e+01
1.726450e+03 4.61294055e+01
1.730940e+03 3.85229607e+01
1.735420e+03 3.41322492e+01
1.739150e+03 3.17973852e+01
1.739910e+03 3.13216800e+01
1.744390e+03 2.93862712e+01
1.748680e+03 2.80424038e+01
1.748880e+03 2.79799272e+01
1.757840e+03 2.60889727e+01
1.766810e+03 2.48771428e+01
1.775780e+03 2.40340541e+01
1.784750e+03 2.34118099e+01
1.802690e+03 2.25475887e+01
1.820630e+03 2.19663805e+01
1.832450e+03 2.16852042e+01
1.838560e+03 2.15425791e+01
1.843750e+03 2.14485160e+01
1.856500e+03 2.12199718e+01
1.870270e+03 2.10355303e+01
1.892380e+03 2.07405604e+01
1.916230e+03 2.05037917e+01
1.928250e+03 2.03870967e+01
1.964130e+03 2.01067560e+01
2.000000e+03 1.98679228e+01
2.065490e+03 1.95011501e+01
2.125000e+03 1.92120571e+01
2.130990e+03 1.91844741e+01
2.132520e+03 1.91780881e+01
2.175940e+03 1.89984035e+01
2.196480e+03 1.89081335e+01
2.261970e+03 1.86380522e+01
2.263910e+03 1.86305191e+01
2.351880e+03 1.82469323e+01
2.392950e+03 1.80418020e+01
2.394770e+03 1.80330392e+01
2.395860e+03 1.80278573e+01
2.439840e+03 1.77885376e+01
2.483830e+03 1.75032628e+01
2.523940e+03 1.71762039e+01
2.527810e+03 1.71450658e+01
2.549810e+03 1.69261150e+01
2.571800e+03 1.66668720e+01
2.593790e+03 1.63541017e+01
2.615780e+03 1.59735584e+01
2.626780e+03 1.57569163e+01
2.637770e+03 1.55306126e+01
2.648770e+03 1.53204390e+01
2.654270e+03 1.52422558e+01
2.657020e+03 1.52174445e+01
2.658390e+03 1.52102300e+01
2.659770e+03 1.52072360e+01
2.661140e+03 1.52092303e+01
2.662520e+03 1.52170330e+01
2.663890e+03 1.52317087e+01
2.665260e+03 1.52544124e+01
2.666640e+03 1.52865835e+01
2.668010e+03 1.53298942e+01
2.669390e+03 1.53863904e+01
2.670760e+03 1.54584338e+01
2.673510e+03 1.56615355e+01
2.676260e+03 1.59707102e+01
2.679010e+03 1.64331510e+01
2.681760e+03 1.71212973e+01
2.684510e+03 1.81495541e+01
2.687260e+03 1.97045672e+01
2.687500e+03 1.99138594e+01
2.690010e+03 2.21032869e+01
2.692750e+03 2.59045240e+01
2.695500e+03 3.21442286e+01
2.698250e+03 4.28285579e+01
2.701000e+03 6.19339691e+01
2.703750e+03 9.68074404e+01
2.706880e+03 1.64734140e+02
2.710000e+03 2.27234896e+02
2.713130e+03 2.06130268e+02
2.716250e+03 1.48683350e+02
2.718480e+03 1.16619102e+02
2.720710e+03 9.39796551e+01
2.722940e+03 7.81674128e+01
2.725170e+03 6.69211164e+01
2.729630e+03 5.25507147e+01
2.734090e+03 4.41008431e+01
2.738550e+03 3.86939344e+01
2.743010e+03 3.50039794e+01
2.751930e+03 3.03750716e+01
2.760860e+03 2.76395635e+01
2.769780e+03 2.58553052e+01
2.778700e+03 2.46078908e+01
2.785910e+03 2.38658684e+01
2.787620e+03 2.36898916e+01
2.805460e+03 2.24323714e+01
2.823300e+03 2.16113719e+01
2.841140e+03 2.10314209e+01
2.858990e+03 2.05978398e+01
2.894670e+03 1.99862625e+01
2.930350e+03 1.95675701e+01
2.966040e+03 1.92557698e+01
3.001720e+03 1.90092649e+01
3.047880e+03 1.87647495e+01
3.073090e+03 1.86291251e+01
3.144450e+03 1.83326881e+01
3.178860e+03 1.82133578e+01
3.181520e+03 1.82038179e+01
3.215820e+03 1.80820760e+01
3.250000e+03 1.79751418e+01
3.287190e+03 1.78652951e+01
3.309840e+03 1.78067539e+01
3.429920e+03 1.74723436e+01
3.440830e+03 1.74449522e+01
3.571810e+03 1.70699943e+01
3.572660e+03 1.70671865e+01
3.637310e+03 1.68648106e+01
3.702800e+03 1.66290414e+01
3.706020e+03 1.66151590e+01
3.768290e+03 1.63482559e+01
3.812500e+03 1.61082172e+01
3.833780e+03 1.59940358e+01
3.858130e+03 1.58310839e+01
3.866530e+03 1.57751429e+01
3.899270e+03 1.55144036e+01
3.932020e+03 1.51951017e+01
3.964770e+03 1.47961900e+01
3.981140e+03 1.45607490e+01
3.997510e+03 1.43026592e+01
4.013890e+03 1.40363985e+01
4.022070e+03 1.39140888e+01
4.030260e+03 1.38170729e+01
4.032310e+03 1.37997376e+01
4.034350e+03 1.37863604e+01
4.036400e+03 1.37776951e+01
4.038450e+03 1.37746815e+01
4.040490e+03 1.37784374e+01
4.042540e+03 1.37902525e+01
4.044590e+03 1.38117420e+01
4.046630e+03 1.38448075e+01
4.048680e+03 1.38917741e+01
4.050730e+03 1.39554579e+01
4.052770e+03 1.40393147e+01
4.054820e+03 1.41474824e+01
4.058910e+03 1.44591380e+01
4.063000e+03 1.49496699e+01
4.067100e+03 1.57136496e+01
4.071190e+03 1.69060170e+01
4.075280e+03 1.87922620e+01
4.079380e+03 2.18454825e+01
4.083470e+03 2.69517106e+01
4.087560e+03 3.58393493e+01
4.091660e+03 5.19835222e+01
4.095750e+03 8.19205798e+01
4.100380e+03 1.40845317e+02
4.105000e+03 1.96712403e+02
4.109630e+03 1.80707650e+02
4.114250e+03 1.31857209e+02
4.117390e+03 1.05366083e+02
4.120520e+03 8.61649899e+01
4.123660e+03 7.24506589e+01
4.126790e+03 6.25181100e+01
4.133060e+03 4.95781303e+01
4.139330e+03 4.18166510e+01
4.143590e+03 3.83960107e+01
4.145600e+03 3.67818390e+01
4.151870e+03 3.33099968e+01
4.164410e+03 2.89089812e+01
4.176950e+03 2.62801266e+01
4.189490e+03 2.45521483e+01
4.202020e+03 2.33367608e+01
4.214560e+03 2.24378453e+01
4.239640e+03 2.11990534e+01
4.264720e+03 2.03845421e+01
4.286330e+03 1.98856978e+01
4.289800e+03 1.98049869e+01
4.314880e+03 1.93652027e+01
4.365030e+03 1.87374596e+01
4.375000e+03 1.86505674e+01
4.415190e+03 1.83057347e+01
4.429060e+03 1.82160351e+01
4.465340e+03 1.79688147e+01
4.515500e+03 1.84969593e+01
4.571800e+03 1.84123748e+01
4.643170e+03 1.82709151e+01
4.714530e+03 1.80891713e+01
4.755010e+03 1.79474853e+01
4.785900e+03 1.78401250e+01
4.821580e+03 1.76743367e+01
4.857270e+03 1.74649128e+01
4.892950e+03 1.71910927e+01
4.928630e+03 1.68196844e+01
4.946480e+03 1.65832829e+01
4.964320e+03 1.63075419e+01
4.982160e+03 1.60040855e+01
4.991080e+03 1.58609840e+01
4.995540e+03 1.58010013e+01
5.000000e+03 1.57563750e+01
5.003170e+03 1.57391434e+01
5.004760e+03 1.57367381e+01
5.006340e+03 1.57394946e+01
5.007930e+03 1.57483466e+01
5.009520e+03 1.57644063e+01
5.011100e+03 1.57889937e+01
5.012690e+03 1.58236759e+01
5.014270e+03 1.58703356e+01
5.015860e+03 1.59312246e+01
5.019030e+03 1.61071494e+01
5.022200e+03 1.63809582e+01
5.025380e+03 1.67966891e+01
5.028550e+03 1.74222670e+01
5.031720e+03 1.83638160e+01
5.034890e+03 1.97926825e+01
5.038060e+03 2.19934356e+01
5.041240e+03 2.54519123e+01
5.044410e+03 3.10147780e+01
5.047580e+03 4.01501048e+01
5.050750e+03 5.51926561e+01
5.055380e+03 9.21378748e+01
5.060000e+03 1.29333269e+02
5.062310e+03 1.31702869e+02
5.064630e+03 1.22323576e+02
5.069250e+03 9.29810370e+01
5.074530e+03 6.78656664e+01
5.079800e+03 5.31605438e+01
5.085080e+03 4.43814932e+01
5.090350e+03 3.88054906e+01
5.095630e+03 3.50443837e+01
5.100900e+03 3.23782650e+01
5.111450e+03 2.89061300e+01
5.122010e+03 2.67803766e+01
5.132560e+03 2.53620626e+01
5.153660e+03 2.36067687e+01
5.174760e+03 2.25722872e+01
5.195860e+03 2.18934995e+01
5.216960e+03 2.14145037e+01
5.238070e+03 2.10583055e+01
5.280270e+03 2.05627067e+01
5.322470e+03 2.02323190e+01
5.364680e+03 1.99942600e+01
5.406880e+03 1.98128905e+01
5.491290e+03 1.95503109e+01
5.500000e+03 1.95310845e+01
5.575700e+03 1.93709298e+01
5.660110e+03 1.92348286e+01
5.744510e+03 1.91244620e+01
5.804010e+03 1.90621416e+01
5.886620e+03 1.89768741e+01
5.913330e+03 1.89355920e+01
6.082140e+03 1.87048438e+01
6.419780e+03 1.82675210e+01
6.588590e+03 1.80401223e+01
6.625000e+03 1.79868025e+01
6.757410e+03 1.78024077e+01
6.926220e+03 1.75319706e+01
7.095040e+03 1.71997125e+01
7.179450e+03 1.69958519e+01
7.257750e+03 1.67708557e+01
7.263850e+03 1.67536049e+01
7.348260e+03 1.64591927e+01
7.432670e+03 1.60821540e+01
7.517080e+03 1.55822164e+01
7.559280e+03 1.52735818e+01
7.601490e+03 1.49333439e+01
7.622590e+03 1.47661433e+01
7.643690e+03 1.46252565e+01
7.648970e+03 1.45987224e+01
7.654240e+03 1.45776356e+01
7.659520e+03 1.45633650e+01
7.664790e+03 1.45576361e+01
7.670070e+03 1.45625597e+01
7.672710e+03 1.45698210e+01
7.675340e+03 1.45807855e+01
7.677980e+03 1.45958883e+01
7.680620e+03 1.46156185e+01
7.685890e+03 1.46712130e+01
7.691170e+03 1.47528436e+01
7.696440e+03 1.48671806e+01
7.701720e+03 1.50228387e+01
7.707000e+03 1.52308206e+01
7.717550e+03 1.58658164e+01
7.728100e+03 1.69504192e+01
7.738650e+03 1.88005466e+01
7.749200e+03 2.19902893e+01
7.750000e+03 2.24130821e+01
7.759750e+03 2.75664632e+01
7.770300e+03 3.73073386e+01
7.777730e+03 4.78787443e+01
7.785150e+03 6.17905529e+01
7.800000e+03 8.87821038e+01
7.807450e+03 9.21736975e+01
7.814900e+03 8.74560363e+01
7.829800e+03 6.94346748e+01
7.841520e+03 5.72769897e+01
7.853240e+03 4.85806085e+01
7.864970e+03 4.24880551e+01
7.876690e+03 3.81407109e+01
7.900130e+03 3.25429472e+01
7.902000e+03 3.22763865e+01
7.923580e+03 2.92004059e+01
7.947020e+03 2.70241092e+01
7.970460e+03 2.55112675e+01
8.017350e+03 2.35653433e+01
8.064240e+03 2.23764754e+01
8.111130e+03 2.15772121e+01
8.158010e+03 2.10026005e+01
8.204900e+03 2.05685713e+01
8.298680e+03 1.99526494e+01
8.392450e+03 1.95314647e+01
8.486230e+03 1.92205321e+01
8.580000e+03 1.86924175e+01
8.628870e+03 1.86565352e+01
8.875000e+03 1.84833699e+01
1.000000e+04 1.77027641e+01
1.140630e+04 1.73210833e+01
1.281250e+04 1.69465695e+01
1.562500e+04 1.63644146e+01
1.843750e+04 1.59269912e+01
2.000000e+04 1.56896016e+01
2.125000e+04 1.55017117e+01
2.640200e+04 1.49255321e+01
2.643200e+04 1.49222373e+01
2.687500e+04 1.48736402e+01
2.700670e+04 1.48619867e+01
2.758150e+04 1.48112262e+01
2.873100e+04 1.47102794e+01
3.103000e+04 1.45105080e+01
3.230100e+04 1.44011179e+01
3.230130e+04 1.44010952e+01
3.236160e+04 1.43959125e+01
3.250000e+04 1.43840551e+01
3.332900e+04 1.43286753e+01
3.341840e+04 1.43227108e+01
3.447530e+04 1.42525263e+01
3.562800e+04 1.41764361e+01
3.658900e+04 1.41133489e+01
3.812500e+04 1.40130906e+01
4.022600e+04 1.38767289e+01
4.081640e+04 1.38386188e+01
4.375000e+04 1.36504690e+01
4.482400e+04 1.35978408e+01
4.504380e+04 1.35871006e+01
4.927120e+04 1.33822787e+01
5.000000e+04 1.33474960e+01
5.402000e+04 1.31572569e+01
5.500000e+04 1.31112636e+01
5.772600e+04 1.30157108e+01
6.321600e+04 1.28257704e+01
6.618080e+04 1.27244070e+01
6.625000e+04 1.27220628e+01
7.750000e+04 1.23429052e+01
8.160800e+04 1.22422784e+01
8.309040e+04 1.22062074e+01
8.875000e+04 1.20694057e+01
1.000000e+05 1.18012046e+01
1.200000e+05 1.12609307e+01
1.250000e+05 1.11331215e+01
1.400000e+05 1.07852636e+01
1.500000e+05 1.05733123e+01
1.591800e+05 1.03921241e+01
1.591830e+05 1.03920731e+01
1.592030e+05 1.03916829e+01
1.600000e+05 1.03760420e+01
1.683410e+05 1.02086263e+01
1.700000e+05 1.01755215e+01
1.741700e+05 1.00933517e+01
1.800000e+05 9.97900097e+00
2.000000e+05 9.66502355e+00
2.092550e+05 9.53984482e+00
2.092560e+05 9.53983230e+00
2.092700e+05 9.53964342e+00
2.149400e+05 9.46372437e+00
2.200000e+05 9.39645692e+00
2.206110e+05 9.38863918e+00
2.250000e+05 9.33283187e+00
2.319520e+05 9.24671681e+00
2.375000e+05 9.17893137e+00
2.500000e+05 9.02625463e+00
2.546350e+05 8.97157234e+00
2.600000e+05 8.90899570e+00
2.750000e+05 8.76863967e+00
2.773170e+05 8.74806019e+00
3.000000e+05 8.54904548e+00
3.400000e+05 8.19974908e+00
3.500000e+05 8.11804514e+00
3.527730e+05 8.09594877e+00
3.697560e+05 7.96607862e+00
3.698000e+05 7.96574766e+00
3.823500e+05 7.87126322e+00
3.865300e+05 7.84005509e+00
3.949000e+05 7.77950890e+00
4.000000e+05 7.74305158e+00
4.055460e+05 7.70453576e+00
4.138980e+05 7.64680450e+00
4.139000e+05 7.64679097e+00
4.159980e+05 7.63244301e+00
4.165800e+05 7.62847513e+00
4.165810e+05 7.62846932e+00
4.166000e+05 7.62833907e+00
4.173520e+05 7.62324207e+00
4.200000e+05 7.60537555e+00
4.250000e+05 7.56886069e+00
4.270250e+05 7.55410632e+00
4.281700e+05 7.54579630e+00
4.281730e+05 7.54577454e+00
4.281930e+05 7.54562939e+00
4.291590e+05 7.53861855e+00
4.300000e+05 7.53257181e+00
4.374500e+05 7.47900854e+00
4.386590e+05 7.47035202e+00
4.387100e+05 7.46998774e+00
4.400000e+05 7.46078521e+00
4.417900e+05 7.44806599e+00
4.417950e+05 7.44802710e+00
4.475000e+05 7.40819632e+00
4.487900e+05 7.39919041e+00
4.500000e+05 7.39076353e+00
4.516820e+05 7.37911816e+00
4.527730e+05 7.37164226e+00
4.578090e+05 7.33751808e+00
4.583000e+05 7.33421223e+00
4.588710e+05 7.33037882e+00
4.600000e+05 7.32281130e+00
4.615700e+05 7.31235457e+00
4.617080e+05 7.31144177e+00
4.650000e+05 7.28971072e+00
4.667310e+05 7.27875848e+00
4.790320e+05 7.20145946e+00
4.813460e+05 7.18698706e+00
4.947960e+05 7.10469378e+00
5.000000e+05 7.07297457e+00
5.034170e+05 7.05230449e+00
5.100000e+05 7.01264422e+00
5.193550e+05 6.95950746e+00
5.208970e+05 6.95079146e+00
5.352000e+05 6.87151332e+00
5.457250e+05 6.81403010e+00
5.500470e+05 6.79064550e+00
5.517080e+05 6.78168137e+00
5.550000e+05 6.76398127e+00
5.557750e+05 6.75987811e+00
5.557760e+05 6.75987349e+00
5.596770e+05 6.73935079e+00
5.604480e+05 6.73531196e+00
5.935390e+05 6.56494632e+00
6.000000e+05 6.53210397e+00
6.250000e+05 6.42932389e+00
6.412340e+05 6.36381068e+00
6.486390e+05 6.33432453e+00
6.490200e+05 6.33282887e+00
6.722910e+05 6.24278441e+00
6.737000e+05 6.23738755e+00
6.928200e+05 6.16778239e+00
6.994280e+05 6.14399405e+00
7.000000e+05 6.14190983e+00
7.165140e+05 6.08395889e+00
7.231410e+05 6.06124876e+00
7.366790e+05 6.01548560e+00
7.411380e+05 6.00044466e+00
7.500000e+05 5.97070729e+00
7.538020e+05 5.95855602e+00
7.542040e+05 5.95727342e+00
7.698450e+05 5.90766096e+00
7.700460e+05 5.90702372e+00
8.000000e+05 5.81229241e+00
8.246480e+05 5.76627184e+00
8.850230e+05 5.65509645e+00
9.451910e+05 5.54615303e+00
9.519780e+05 5.53404222e+00
9.520200e+05 5.53396875e+00
9.644900e+05 5.51234041e+00
9.644930e+05 5.51233686e+00
9.760100e+05 5.49320702e+00
1.000000e+06 5.45363431e+00
1.034490e+06 5.44813732e+00
1.041530e+06 5.44703801e+00
1.053800e+06 5.44512198e+00
1.053840e+06 5.44511472e+00
1.061420e+06 5.44394519e+00
1.062500e+06 5.44378048e+00
1.066360e+06 5.44321964e+00
1.070180e+06 5.44266451e+00
1.078360e+06 5.44147593e+00
1.088360e+06 5.44003194e+00
1.093200e+06 5.43934666e+00
1.093240e+06 5.43934021e+00
1.094050e+06 5.43922593e+00
1.098830e+06 5.43856592e+00
1.102880e+06 5.43800669e+00
1.125000e+06 5.43497018e+00
1.125290e+06 5.43492886e+00
1.125300e+06 5.43493166e+00
1.132430e+06 5.43399705e+00
1.133880e+06 5.43380844e+00
1.133900e+06 5.43380571e+00
1.142240e+06 5.43273920e+00
1.151920e+06 5.43154690e+00
1.156140e+06 5.43103003e+00
1.156470e+06 5.43098961e+00
1.162920e+06 5.43022273e+00
1.171620e+06 5.42919459e+00
1.187650e+06 5.42732856e+00
1.188100e+06 5.42727429e+00
1.188110e+06 5.42727122e+00
1.191950e+06 5.42683469e+00
1.219050e+06 5.42378080e+00
1.250000e+06 5.42038368e+00
1.260400e+06 5.42631457e+00
1.260430e+06 5.42633413e+00
1.270760e+06 5.43220481e+00
1.290370e+06 5.44335156e+00
1.318150e+06 5.45906381e+00
1.318200e+06 5.45909090e+00
1.320320e+06 5.46026276e+00
1.325690e+06 5.46320950e+00
1.354630e+06 5.47908770e+00
1.363650e+06 5.48399128e+00
1.375000e+06 5.49012451e+00
1.380210e+06 5.49299715e+00
1.385380e+06 5.49582518e+00
1.396740e+06 5.50204043e+00
1.397760e+06 5.50259864e+00
1.408640e+06 5.50855193e+00
1.408700e+06 5.50858437e+00
1.409100e+06 5.50880290e+00
1.423680e+06 5.51653209e+00
1.426630e+06 5.51807989e+00
1.454350e+06 5.53261250e+00
1.463310e+06 5.53729123e+00
1.464280e+06 5.53779817e+00
1.483980e+06 5.54767932e+00
1.500000e+06 5.55576424e+00
1.516340e+06 5.57633425e+00
1.522800e+06 5.58451457e+00
1.522840e+06 5.58456547e+00
1.531610e+06 5.59563962e+00
1.556390e+06 5.62693177e+00
1.558980e+06 5.63019293e+00
1.569900e+06 5.64390652e+00
1.572510e+06 5.64719531e+00
1.572520e+06 5.64720653e+00
1.578220e+06 5.65439290e+00
1.581640e+06 5.65870332e+00
1.583470e+06 5.66100642e+00
1.595120e+06 5.67509465e+00
1.601440e+06 5.68272912e+00
1.612490e+06 5.69607055e+00
1.616530e+06 5.70094597e+00
1.620620e+06 5.70587409e+00
1.639130e+06 5.72814029e+00
1.643900e+06 5.73387182e+00
1.643930e+06 5.73390815e+00
1.643940e+06 5.73391993e+00
1.646760e+06 5.73729969e+00
1.649680e+06 5.74079777e+00
1.651260e+06 5.74268740e+00
1.651400e+06 5.74285555e+00
1.651410e+06 5.74286369e+00
1.651430e+06 5.74288780e+00
1.667370e+06 5.76203796e+00
1.667400e+06 5.76207441e+00
1.684230e+06 5.78226041e+00
1.686580e+06 5.78507492e+00
1.688430e+06 5.78729639e+00
1.691880e+06 5.79143126e+00
1.691900e+06 5.79145586e+00
1.693470e+06 5.79333487e+00
1.694980e+06 5.79513985e+00
1.701080e+06 5.80239387e+00
1.708940e+06 5.81173322e+00
1.715300e+06 5.81929305e+00
1.715310e+06 5.81930667e+00
1.721220e+06 5.82632756e+00
1.726970e+06 5.83315365e+00
1.729340e+06 5.83596556e+00
1.730410e+06 5.83723461e+00
1.732940e+06 5.84023163e+00
1.733410e+06 5.84078787e+00
1.733420e+06 5.84079581e+00
1.737260e+06 5.84533477e+00
1.738550e+06 5.84685825e+00
1.739630e+06 5.84813133e+00
1.743050e+06 5.85216138e+00
1.750000e+06 5.86034059e+00
1.750520e+06 5.86093843e+00
1.754620e+06 5.86565983e+00
1.765840e+06 5.87855090e+00
1.768920e+06 5.88208932e+00
1.768970e+06 5.88214671e+00
1.784440e+06 5.89989441e+00
1.784560e+06 5.90003208e+00
1.794190e+06 5.91102486e+00
1.797430e+06 5.91472333e+00
1.800720e+06 5.91846885e+00
1.802960e+06 5.92100736e+00
1.803260e+06 5.92134733e+00
1.819560e+06 5.93991375e+00
1.821960e+06 5.94264098e+00
1.824040e+06 5.94499964e+00
1.824840e+06 5.94590680e+00
1.825050e+06 5.94614438e+00
1.825700e+06 5.94687905e+00
1.833680e+06 5.95573396e+00
1.833700e+06 5.95575769e+00
1.837640e+06 5.96019858e+00
1.841840e+06 5.96492720e+00
1.844200e+06 5.96758528e+00
1.844250e+06 5.96764177e+00
1.845950e+06 5.96955740e+00
1.850270e+06 5.97442014e+00
1.850280e+06 5.97443140e+00
1.850510e+06 5.97469029e+00
1.854500e+06 5.97918053e+00
1.855110e+06 5.97986699e+00
1.856610e+06 5.98155358e+00
1.857650e+06 5.98272296e+00
1.860450e+06 5.98586996e+00
1.860460e+06 5.98588030e+00
1.860800e+06 5.98626209e+00
1.860840e+06 5.98630711e+00
1.866170e+06 5.99229011e+00
1.868270e+06 5.99463757e+00
1.878230e+06 6.00576620e+00
1.883180e+06 6.01129466e+00
1.892400e+06 6.02156423e+00
1.908980e+06 6.03975934e+00
1.911090e+06 6.04207188e+00
1.918820e+06 6.05054399e+00
1.919430e+06 6.05121276e+00
1.920540e+06 6.05242959e+00
1.920740e+06 6.05264867e+00
1.922120e+06 6.05416157e+00
1.931390e+06 6.06424804e+00
1.957330e+06 6.09247271e+00
1.972500e+06 6.10892265e+00
1.982250e+06 6.11934411e+00
1.984260e+06 6.12148869e+00
1.988880e+06 6.12640334e+00
1.988890e+06 6.12641396e+00
1.998840e+06 6.13699619e+00
2.000000e+06 6.13822696e+00
2.022660e+06 6.16703707e+00
2.059440e+06 6.21379897e+00
2.071700e+06 6.22932736e+00
2.074320e+06 6.23264228e+00
2.084760e+06 6.24584933e+00
2.099130e+06 6.26397409e+00
2.124960e+06 6.29650516e+00
2.124970e+06 6.29651715e+00
2.127180e+06 6.29929433e+00
2.137630e+06 6.31240989e+00
2.137730e+06 6.31253673e+00
2.138630e+06 6.31366448e+00
2.146270e+06 6.32327876e+00
2.151390e+06 6.32971622e+00
2.154610e+06 6.33376625e+00
2.154620e+06 6.33377825e+00
2.162250e+06 6.34337479e+00
2.162300e+06 6.34343708e+00
2.200540e+06 6.39145381e+00
2.200550e+06 6.39146581e+00
2.201630e+06 6.39284221e+00
2.201640e+06 6.39285401e+00
2.201900e+06 6.39318622e+00
2.250000e+06 6.45437047e+00
2.273990e+06 6.48270124e+00
2.274200e+06 6.48294914e+00
2.274250e+06 6.48300812e+00
2.276420e+06 6.48556767e+00
2.311780e+06 6.52724726e+00
2.312100e+06 6.52762455e+00
2.330650e+06 6.54947484e+00
2.350950e+06 6.57337077e+00
2.358080e+06 6.58175658e+00
2.371750e+06 6.59783399e+00
2.387100e+06 6.61588745e+00
2.406050e+06 6.63815731e+00
2.407950e+06 6.64038961e+00
2.467840e+06 6.71081037e+00
2.500000e+06 6.74862006e+00
2.508340e+06 6.75591302e+00
2.508350e+06 6.75592176e+00
2.508850e+06 6.75635900e+00
2.623200e+06 6.85635401e+00
2.688600e+06 6.91245773e+00
2.692250e+06 6.91558331e+00
2.727080e+06 6.94539734e+00
2.737570e+06 6.95421407e+00
2.740180e+06 6.95640737e+00
2.740190e+06 6.95641585e+00
2.750000e+06 6.96466581e+00
2.769180e+06 6.98067508e+00
2.773950e+06 6.98465600e+00
2.826700e+06 7.02866062e+00
2.826710e+06 7.02866835e+00
2.826910e+06 7.02883539e+00
2.846120e+06 7.04487679e+00
2.851300e+06 7.04919152e+00
2.913350e+06 7.10000270e+00
3.000000e+06 7.17064518e+00
3.168880e+06 7.21276634e+00
3.250000e+06 7.23214653e+00
3.365940e+06 7.25984303e+00
3.500000e+06 7.29196779e+00
3.731890e+06 7.34285269e+00
3.750000e+06 7.34687012e+00
4.000000e+06 7.39822956e+00
4.170550e+06 7.33807154e+00
4.366970e+06 7.26897145e+00
4.428690e+06 7.24726025e+00
4.451730e+06 7.23915595e+00
4.500000e+06 7.22229202e+00
4.683480e+06 7.16324477e+00
4.721900e+06 7.15088169e+00
4.750000e+06 7.14210697e+00
4.903470e+06 7.09483442e+00
4.981160e+06 7.07103669e+00
5.000000e+06 7.06527111e+00
5.040030e+06 7.04049184e+00
5.082850e+06 7.01404880e+00
5.095510e+06 7.00626811e+00
5.250000e+06 6.91245868e+00
5.443800e+06 6.79479209e+00
5.500000e+06 6.76082830e+00
5.502220e+06 6.75959018e+00
5.504100e+06 6.75854479e+00
5.520010e+06 6.74972418e+00
5.579810e+06 6.71727754e+00
5.721900e+06 6.64131211e+00
5.750000e+06 6.62636753e+00
6.000000e+06 6.49428870e+00
6.255930e+06 6.32333580e+00
6.281830e+06 6.30600359e+00
6.301520e+06 6.29301309e+00
6.341200e+06 6.26683745e+00
6.383330e+06 6.23934704e+00
6.500000e+06 6.16527081e+00
6.507560e+06 6.16062851e+00
6.569700e+06 6.12282089e+00
6.603030e+06 6.10279140e+00
6.611840e+06 6.09749730e+00
6.625680e+06 6.08927925e+00
6.664750e+06 6.06632115e+00
6.682400e+06 6.05595047e+00
6.952270e+06 5.89967525e+00
6.967750e+06 5.89071219e+00
7.000000e+06 5.87255073e+00
7.015130e+06 5.86458791e+00
7.038120e+06 5.85252903e+00
7.096280e+06 5.82242893e+00
7.139410e+06 5.80060649e+00
7.217110e+06 5.76137050e+00
7.275920e+06 5.73183314e+00
7.301510e+06 5.71877947e+00
7.331400e+06 5.70353389e+00
7.416270e+06 5.66083849e+00
7.453790e+06 5.64243948e+00
7.500000e+06 5.61987398e+00
7.527730e+06 5.60634337e+00
7.532760e+06 5.60387916e+00
7.569700e+06 5.58591705e+00
7.637960e+06 5.55298836e+00
7.650750e+06 5.54696740e+00
7.679570e+06 5.53340168e+00
7.738060e+06 5.50577957e+00
7.739870e+06 5.50494242e+00
7.794420e+06 5.47995541e+00
7.796030e+06 5.47921369e+00
7.815650e+06 5.47039958e+00
8.000000e+06 5.38819326e+00
8.069190e+06 5.37217492e+00
8.228390e+06 5.33425855e+00
8.250000e+06 5.32925578e+00
8.312690e+06 5.31524874e+00
8.342980e+06 5.30856078e+00
8.396860e+06 5.29629629e+00
8.477670e+06 5.27790308e+00
8.500000e+06 5.27288685e+00
8.517550e+06 5.26910290e+00
8.551890e+06 5.26121240e+00
8.619050e+06 5.24646866e+00
8.625370e+06 5.24512475e+00
8.750000e+06 5.21892517e+00
8.757240e+06 5.21743269e+00
8.793720e+06 5.21007981e+00
8.831010e+06 5.20256025e+00
8.888160e+06 5.19103791e+00
8.938060e+06 5.18153497e+00
9.000000e+06 5.16987791e+00
9.034590e+06 5.16308986e+00
9.095290e+06 5.15082588e+00
9.171490e+06 5.13543493e+00
9.250740e+06 5.11981784e+00
9.258780e+06 5.11821044e+00
9.396860e+06 5.09224659e+00
9.500000e+06 5.07286161e+00
9.517300e+06 5.06985386e+00
9.585750e+06 5.05876392e+00
9.625370e+06 5.05251860e+00
9.629390e+06 5.05189164e+00
9.692510e+06 5.04273352e+00
1.000000e+07 4.99852756e+00
1.025000e+07 4.99562334e+00
1.050000e+07 4.99416573e+00
1.075000e+07 4.99484412e+00
1.100000e+07 4.99618856e+00
1.125000e+07 4.99802260e+00
1.150000e+07 5.00049980e+00
1.175000e+07 5.00528558e+00
1.200000e+07 5.01025282e+00
1.225000e+07 5.04061540e+00
1.238750e+07 5.05732911e+00
1.250000e+07 5.07100689e+00
1.275000e+07 5.10146520e+00
1.277510e+07 5.10452331e+00
1.300000e+07 5.13193099e+00
1.316260e+07 5.15178827e+00
1.325000e+07 5.16246404e+00
1.350000e+07 5.19300199e+00
1.355010e+07 5.19913176e+00
1.375000e+07 5.22349080e+00
1.399190e+07 5.25296858e+00
1.400000e+07 5.25395594e+00
1.405020e+07 5.26171266e+00
1.423600e+07 5.29009876e+00
1.432490e+07 5.30368074e+00
1.432500e+07 5.30369396e+00
1.433980e+07 5.30594739e+00
1.437570e+07 5.31141218e+00
1.442000e+07 5.31815154e+00
1.447200e+07 5.32606059e+00
1.448410e+07 5.32790097e+00
1.450000e+07 5.33031796e+00
1.451260e+07 5.33223251e+00
1.453770e+07 5.33604229e+00
1.467970e+07 5.35759140e+00
1.474370e+07 5.36730151e+00
1.475140e+07 5.36846883e+00
1.494390e+07 5.39742563e+00
1.500000e+07 5.40586451e+00
1.501950e+07 5.40879666e+00
1.502510e+07 5.40963853e+00
1.502520e+07 5.40965355e+00
1.515990e+07 5.42979244e+00
1.516250e+07 5.43018096e+00
1.516530e+07 5.43059896e+00
1.535930e+07 5.45954067e+00
1.537570e+07 5.46197901e+00
1.541590e+07 5.46795035e+00
1.550000e+07 5.48044270e+00
1.551260e+07 5.48231358e+00
1.558120e+07 5.49248522e+00
1.578740e+07 5.52303124e+00
1.588780e+07 5.53790098e+00
1.600000e+07 5.55451728e+00
1.631820e+07 5.58014835e+00
1.650000e+07 5.59479232e+00
1.700000e+07 5.63506707e+00
1.750000e+07 5.67434398e+00
1.800000e+07 5.71362060e+00
1.850000e+07 5.71660970e+00
1.900000e+07 5.71962420e+00
2.000000e+07 5.71426886e+00
2.000890e+07 5.71117143e+00
2.010070e+07 5.70750197e+00
2.023380e+07 5.70193858e+00
2.037850e+07 5.69769845e+00
2.055850e+07 5.69378091e+00
2.080460e+07 5.68863630e+00
2.088910e+07 5.68684125e+00
2.100000e+07 5.68425437e+00
2.101250e+07 5.68386127e+00
2.102810e+07 5.68336628e+00
2.129390e+07 5.67454902e+00
2.134710e+07 5.67261082e+00
2.149220e+07 5.66722025e+00
2.179040e+07 5.65554017e+00
2.181590e+07 5.65450879e+00
2.187720e+07 5.65196327e+00
2.200000e+07 5.64686193e+00
2.202870e+07 5.64536738e+00
2.204530e+07 5.64449049e+00
2.209460e+07 5.64182235e+00
2.211320e+07 5.64081567e+00
2.212200e+07 5.64033939e+00
2.220000e+07 5.63592630e+00
2.300000e+07 5.59065635e+00
2.321320e+07 5.57573999e+00
2.329400e+07 5.57002994e+00
2.400000e+07 5.51891045e+00
2.424600e+07 5.49871433e+00
2.485560e+07 5.44851503e+00
2.500000e+07 5.43662340e+00
2.523930e+07 5.41486614e+00
2.524940e+07 5.41394229e+00
2.561250e+07 5.38072742e+00
2.565100e+07 5.37716542e+00
2.575650e+07 5.36724806e+00
2.592010e+07 5.35186809e+00
2.595990e+07 5.34804311e+00
2.600000e+07 5.34415398e+00
2.608770e+07 5.33546811e+00
2.616730e+07 5.32758462e+00
2.646440e+07 5.29815757e+00
2.647520e+07 5.29708691e+00
2.649490e+07 5.29513093e+00
2.651330e+07 5.29330292e+00
2.666480e+07 5.27824277e+00
2.682170e+07 5.26263956e+00
2.688770e+07 5.25607406e+00
2.700000e+07 5.24489986e+00
2.742970e+07 5.20123072e+00
2.743400e+07 5.20079124e+00
2.760840e+07 5.18289211e+00
2.775330e+07 5.16798263e+00
2.800000e+07 5.14249817e+00
2.805150e+07 5.13711638e+00
2.807730e+07 5.13442649e+00
2.816910e+07 5.12486127e+00
2.850290e+07 5.09019309e+00
2.851350e+07 5.08909266e+00
2.856350e+07 5.08390973e+00
2.872630e+07 5.06704718e+00
2.881970e+07 5.05738887e+00
2.888330e+07 5.05086021e+00
2.900000e+07 5.03888096e+00
2.922440e+07 5.01674708e+00
2.955510e+07 4.98413009e+00
2.991080e+07 4.94919505e+00
3.000000e+07 4.94049153e+00
3.011360e+07 4.92995164e+00
3.057250e+07 4.88769297e+00
3.092970e+07 4.85480152e+00
3.094360e+07 4.85352622e+00
3.100000e+07 4.84838002e+00
3.116750e+07 4.83379668e+00
3.191210e+07 4.76918821e+00
3.193680e+07 4.76705271e+00
3.200000e+07 4.76161645e+00
3.245170e+07 4.72452905e+00
3.272540e+07 4.70205767e+00
3.286480e+07 4.69065311e+00
3.300000e+07 4.67964542e+00
3.314440e+07 4.66836644e+00
3.354270e+07 4.63725695e+00
3.368070e+07 4.62650854e+00
3.368750e+07 4.62598215e+00
3.375140e+07 4.62104426e+00
3.393300e+07 4.60711454e+00
3.400000e+07 4.60197777e+00
3.428640e+07 4.58058636e+00
3.433830e+07 4.57673751e+00
3.440940e+07 4.57147188e+00
3.443000e+07 4.56995013e+00
3.444360e+07 4.56894770e+00
3.444540e+07 4.56881524e+00
3.458160e+07 4.55879284e+00
3.484830e+07 4.53927851e+00
3.500000e+07 4.52819063e+00
3.520040e+07 4.51470095e+00
3.526100e+07 4.51063841e+00
3.554470e+07 4.49186234e+00
3.567650e+07 4.48335291e+00
3.584290e+07 4.47267861e+00
3.600000e+07 4.46272705e+00
3.637460e+07 4.44210849e+00
3.658170e+07 4.43084912e+00
3.679450e+07 4.41947977e+00
3.700000e+07 4.40859592e+00
3.715160e+07 4.40157478e+00
3.734650e+07 4.39254892e+00
3.744110e+07 4.38828385e+00
3.745970e+07 4.38744972e+00
3.752190e+07 4.38466025e+00
3.754640e+07 4.38356163e+00
3.762710e+07 4.37996069e+00
3.786490e+07 4.36949289e+00
3.797890e+07 4.36450205e+00
3.800000e+07 4.36359633e+00
3.803020e+07 4.36244561e+00
3.832340e+07 4.35139845e+00
3.900000e+07 4.32590914e+00
3.901170e+07 4.32552619e+00
3.947430e+07 4.31061763e+00
3.970340e+07 4.30327176e+00
3.994160e+07 4.29580316e+00
4.000000e+07 4.29399055e+00
4.000490e+07 4.29385382e+00
4.002930e+07 4.29319575e+00
4.020190e+07 4.28859571e+00
4.024010e+07 4.28758688e+00
4.051660e+07 4.28048142e+00
4.059570e+07 4.27855696e+00
4.079700e+07 4.27372298e+00
4.084230e+07 4.27263541e+00
4.093270e+07 4.27051773e+00
4.098390e+07 4.26936771e+00
4.098810e+07 4.26927432e+00
4.100000e+07 4.26901053e+00
4.109470e+07 4.26734685e+00
4.110270e+07 4.26720633e+00
4.110660e+07 4.26713927e+00
4.173260e+07 4.25677320e+00
4.200000e+07 4.25234653e+00
4.212960e+07 4.25099387e+00
4.222120e+07 4.25005815e+00
4.237380e+07 4.24864426e+00
4.284240e+07 4.24442154e+00
4.300000e+07 4.24307337e+00
4.305520e+07 4.24287413e+00
4.326840e+07 4.24219652e+00
4.332890e+07 4.24201821e+00
4.400000e+07 4.24040279e+00
4.415690e+07 4.24070167e+00
4.416580e+07 4.24071959e+00
4.422940e+07 4.24090229e+00
4.424360e+07 4.24094548e+00
4.457030e+07 4.24207180e+00
4.500000e+07 4.24364358e+00
4.514640e+07 4.24460069e+00
4.527240e+07 4.24542444e+00
4.549840e+07 4.24692229e+00
4.593280e+07 4.24980159e+00
4.600000e+07 4.25026061e+00
4.700000e+07 4.25882523e+00
4.719340e+07 4.26096895e+00
4.729280e+07 4.26209337e+00
4.779760e+07 4.26790764e+00
4.779980e+07 4.26793332e+00
4.784010e+07 4.26841197e+00
4.800000e+07 4.27033201e+00
4.863340e+07 4.27988819e+00
4.900000e+07 4.28565954e+00
4.909840e+07 4.28753940e+00
4.917450e+07 4.28899813e+00
4.939670e+07 4.29338181e+00
4.942640e+07 4.29397260e+00
4.952890e+07 4.29601184e+00
4.958950e+07 4.29722937e+00
4.979110e+07 4.30131124e+00
5.000000e+07 4.30559041e+00
5.030130e+07 4.31234985e+00
5.063340e+07 4.31980019e+00
5.084630e+07 4.32457768e+00
5.090020e+07 4.32578612e+00
5.092650e+07 4.32637581e+00
5.100000e+07 4.32802181e+00
5.126740e+07 4.33401729e+00
5.200000e+07 4.35043773e+00
5.219340e+07 4.35478813e+00
5.222470e+07 4.35549241e+00
5.231130e+07 4.35744236e+00
5.286760e+07 4.36996524e+00
5.300000e+07 4.37294508e+00
5.306340e+07 4.37437923e+00
5.366890e+07 4.38811711e+00
5.382320e+07 4.39161778e+00
5.400000e+07 4.39562890e+00
5.407020e+07 4.39723882e+00
5.449460e+07 4.40697923e+00
5.476520e+07 4.41319275e+00
5.498430e+07 4.41822371e+00
5.500000e+07 4.41858383e+00
5.536050e+07 4.42694495e+00
5.543490e+07 4.42867156e+00
5.568290e+07 4.43442960e+00
5.577470e+07 4.43656109e+00
5.586750e+07 4.43871660e+00
5.600000e+07 4.44179578e+00
5.644020e+07 4.45202752e+00
5.648800e+07 4.45313813e+00
5.700000e+07 4.46502852e+00
5.707810e+07 4.46682905e+00
5.731970e+07 4.47239573e+00
5.735880e+07 4.47329621e+00
5.738030e+07 4.47379135e+00
5.771900e+07 4.48157710e+00
5.800000e+07 4.48803284e+00
5.848500e+07 4.49897793e+00
5.857170e+07 4.50093272e+00
5.899400e+07 4.51044603e+00
5.900000e+07 4.51058234e+00
5.929230e+07 4.51700389e+00
5.933500e+07 4.51794195e+00
5.956430e+07 4.52296028e+00
5.998410e+07 4.53212251e+00
6.000000e+07 4.53246651e+00
6.036570e+07 4.54010046e+00
6.049160e+07 4.54271093e+00
6.084360e+07 4.54998275e+00
6.100000e+07 4.55320752e+00
6.134810e+07 4.55996443e+00
6.162070e+07 4.56525548e+00
6.200000e+07 4.57258696e+00
6.238670e+07 4.57965572e+00
6.256200e+07 4.58285998e+00
6.300000e+07 4.59081172e+00
6.377470e+07 4.60419298e+00
6.400000e+07 4.60806734e+00
6.418650e+07 4.61114254e+00
6.477140e+07 4.62077053e+00
6.500000e+07 4.62452638e+00
6.559520e+07 4.63349443e+00
6.600000e+07 4.63953723e+00
6.636240e+07 4.64432480e+00
6.661620e+07 4.64760784e+00
6.693070e+07 4.65165568e+00
6.700000e+07 4.65254753e+00
6.754030e+07 4.65869182e+00
6.800000e+07 4.66386090e+00
6.843310e+07 4.66819452e+00
6.882210e+07 4.67202882e+00
6.900000e+07 4.67376723e+00
6.941130e+07 4.67740567e+00
7.000000e+07 4.68252621e+00
7.011000e+07 4.68335556e+00
7.093300e+07 4.68950055e+00
7.100000e+07 4.68999716e+00
7.146790e+07 4.69281848e+00
7.184200e+07 4.69502758e+00
7.189380e+07 4.69532418e+00
7.200000e+07 4.69593214e+00
7.300000e+07 4.70043018e+00
7.338570e+07 4.70170177e+00
7.353670e+07 4.70216899e+00
7.400000e+07 4.70358222e+00
7.463680e+07 4.70481226e+00
7.469300e+07 4.70491731e+00
7.500000e+07 4.70546637e+00
7.560750e+07 4.70591077e+00
7.600000e+07 4.70614392e+00
7.661250e+07 4.70588267e+00
7.680640e+07 4.70576481e+00
7.700000e+07 4.70562952e+00
7.704390e+07 4.70555570e+00
7.773100e+07 4.70439961e+00
7.800000e+07 4.70393286e+00
7.810180e+07 4.70365034e+00
7.900000e+07 4.70108389e+00
7.953500e+07 4.69898352e+00
7.987500e+07 4.69760487e+00
8.000000e+07 4.69709792e+00
8.100000e+07 4.69210729e+00
8.133300e+07 4.69015923e+00
8.200000e+07 4.68620764e+00
8.227490e+07 4.68434252e+00
8.300000e+07 4.67938874e+00
8.400000e+07 4.67163716e+00
8.498800e+07 4.66304433e+00
8.500000e+07 4.66293996e+00
8.600000e+07 4.65345046e+00
8.700000e+07 4.64329174e+00
8.800000e+07 4.63244106e+00
8.900000e+07 4.62086450e+00
9.000000e+07 4.60854337e+00
9.100000e+07 4.59557332e+00
9.200000e+07 4.58209266e+00
9.300000e+07 4.56815037e+00
9.400000e+07 4.55379111e+00
9.500000e+07 4.53905184e+00
9.600000e+07 4.52391992e+00
9.700000e+07 4.50835928e+00
9.800000e+07 4.49236933e+00
9.900000e+07 4.47595805e+00
1.000000e+08 4.45912708e+00
1.020000e+08 4.42470286e+00
1.040000e+08 4.38958707e+00
1.060000e+08 4.35380275e+00
1.080000e+08 4.31737382e+00
1.100000e+08 4.28033200e+00
1.120000e+08 4.24296865e+00
1.140000e+08 4.20552007e+00
1.160000e+08 4.16795891e+00
1.180000e+08 4.13025083e+00
1.200000e+08 4.09237615e+00
1.220000e+08 4.05476647e+00
1.240000e+08 4.01771483e+00
1.260000e+08 3.98101888e+00
1.280000e+08 3.94450803e+00
1.300000e+08 3.90802155e+00
1.320000e+08 3.87186210e+00
1.340000e+08 3.83637101e+00
1.360000e+08 3.80148927e+00
1.380000e+08 3.76715979e+00
1.400000e+08 3.73333434e+00
1.420000e+08 3.70010220e+00
1.440000e+08 3.66753236e+00
1.460000e+08 3.63556116e+00
1.480000e+08 3.60412797e+00
