15-P_n-g
>   15-P-31:1.000000
1.000000e-05 8.29935000e+00
1.090510e-05 7.94984000e+00
1.176400e-05 7.65612000e+00
1.257080e-05 7.40805000e+00
1.332210e-05 7.19756000e+00
1.474650e-05 6.84351000e+00
1.500000e-05 6.78834000e+00
1.591380e-05 6.58946000e+00
1.684950e-05 6.40514000e+00
1.835730e-05 6.13826000e+00
2.000000e-05 5.88251000e+00
2.181020e-05 5.63478000e+00
2.352800e-05 5.42660000e+00
2.514170e-05 5.25075000e+00
2.664420e-05 5.10157000e+00
2.750000e-05 5.02619000e+00
2.949290e-05 4.85063000e+00
3.182750e-05 4.67057000e+00
3.369900e-05 4.53991000e+00
3.500000e-05 4.45830000e+00
3.671460e-05 4.35075000e+00
4.000000e-05 4.16948000e+00
4.362030e-05 3.99389000e+00
4.705590e-05 3.84633000e+00
5.000000e-05 3.73264000e+00
5.028330e-05 3.72170000e+00
5.328830e-05 3.61596000e+00
5.898560e-05 3.43809000e+00
6.365490e-05 3.31046000e+00
6.739790e-05 3.21785000e+00
7.342910e-05 3.08378000e+00
7.500000e-05 3.05306000e+00
8.000000e-05 2.95529000e+00
8.724060e-05 2.83084000e+00
9.411170e-05 2.72625000e+00
1.000000e-04 2.64566000e+00
1.005660e-04 2.63792000e+00
1.065760e-04 2.56297000e+00
1.179710e-04 2.43690000e+00
1.273100e-04 2.34643000e+00
1.347960e-04 2.28079000e+00
1.468580e-04 2.18576000e+00
1.500000e-04 2.16399000e+00
1.600000e-04 2.09469000e+00
1.744810e-04 2.00648000e+00
1.882230e-04 1.93235000e+00
2.000000e-04 1.87522000e+00
2.011330e-04 1.86973000e+00
2.131530e-04 1.81661000e+00
2.359420e-04 1.72725000e+00
2.546190e-04 1.66313000e+00
2.695910e-04 1.61661000e+00
2.750000e-04 1.60150000e+00
2.937160e-04 1.54925000e+00
3.200000e-04 1.48470000e+00
3.489620e-04 1.42217000e+00
3.500000e-04 1.42019000e+00
3.764470e-04 1.36963000e+00
4.022660e-04 1.32525000e+00
4.263060e-04 1.28760000e+00
4.718850e-04 1.22426000e+00
5.000000e-04 1.19005000e+00
5.092400e-04 1.17881000e+00
5.391840e-04 1.14584000e+00
5.874330e-04 1.09809000e+00
6.400000e-04 1.05234000e+00
6.979250e-04 1.00803000e+00
7.500000e-04 9.72743000e-01
7.528940e-04 9.70782000e-01
8.045320e-04 9.39325000e-01
8.526120e-04 9.12638000e-01
9.437700e-04 8.67746000e-01
1.000000e-03 8.43500000e-01
1.018480e-03 8.35532000e-01
1.078370e-03 8.12159000e-01
1.174870e-03 7.78320000e-01
1.280000e-03 7.45890000e-01
1.395850e-03 7.14480000e-01
1.500000e-03 6.89472000e-01
1.505790e-03 6.88082000e-01
1.609070e-03 6.65786000e-01
1.705230e-03 6.46870000e-01
1.887540e-03 6.15051000e-01
2.000000e-03 5.97866000e-01
2.036960e-03 5.92218000e-01
2.156740e-03 5.75652000e-01
2.349730e-03 5.51667000e-01
2.560000e-03 5.28681000e-01
2.750000e-03 5.10424000e-01
2.791700e-03 5.06417000e-01
3.011580e-03 4.87707000e-01
3.218130e-03 4.71903000e-01
3.410450e-03 4.58496000e-01
3.500000e-03 4.52957000e-01
3.775080e-03 4.35943000e-01
4.073920e-03 4.19759000e-01
4.313470e-03 4.08017000e-01
4.699460e-03 3.91017000e-01
5.000000e-03 3.79374000e-01
5.120000e-03 3.74725000e-01
5.583400e-03 3.58944000e-01
6.023150e-03 3.45683000e-01
6.436260e-03 3.34481000e-01
6.820900e-03 3.24978000e-01
7.500000e-03 3.10092000e-01
7.550160e-03 3.08993000e-01
8.147830e-03 2.97522000e-01
8.626940e-03 2.89199000e-01
9.398930e-03 2.77150000e-01
1.000000e-02 2.68897000e-01
1.024000e-02 2.65602000e-01
1.116680e-02 2.54417000e-01
1.204630e-02 2.45017000e-01
1.287250e-02 2.37078000e-01
1.364180e-02 2.30342000e-01
1.500000e-02 2.19791000e-01
1.510030e-02 2.19012000e-01
1.629570e-02 2.10881000e-01
1.725390e-02 2.04982000e-01
1.879790e-02 1.96441000e-01
2.000000e-02 1.90592000e-01
2.048000e-02 1.88256000e-01
2.159120e-02 1.83381000e-01
2.337220e-02 1.76304000e-01
2.530000e-02 1.69500000e-01
2.758990e-02 1.62239000e-01
2.976280e-02 1.56140000e-01
3.180420e-02 1.50993000e-01
3.370480e-02 1.46628000e-01
3.730840e-02 1.39291000e-01
3.765000e-02 1.38683000e-01
4.026180e-02 1.34031000e-01
4.262920e-02 1.30216000e-01
4.644390e-02 1.24696000e-01
5.000000e-02 1.20174000e-01
5.060000e-02 1.19411000e-01
5.517970e-02 1.14295000e-01
5.952570e-02 1.09999000e-01
6.360830e-02 1.06373000e-01
6.740970e-02 1.03298000e-01
7.461680e-02 9.81292000e-02
7.500000e-02 9.78888000e-02
8.052350e-02 9.44231000e-02
8.525840e-02 9.17357000e-02
9.288780e-02 8.78473000e-02
1.000000e-01 8.46612000e-02
1.012000e-01 8.41237000e-02
1.103590e-01 8.05198000e-02
1.190510e-01 7.74932000e-02
1.272170e-01 7.49385000e-02
1.348190e-01 7.27722000e-02
1.492340e-01 6.91309000e-02
1.500000e-01 6.89616000e-02
1.610470e-01 6.65200000e-02
1.705170e-01 6.46268000e-02
1.857760e-01 6.18874000e-02
2.000000e-01 5.96429000e-02
2.024000e-01 5.92642000e-02
2.207190e-01 5.67253000e-02
2.381030e-01 5.45931000e-02
2.544330e-01 5.27933000e-02
2.696390e-01 5.12673000e-02
2.750000e-01 5.07902000e-02
2.984670e-01 4.87020000e-02
3.220940e-01 4.68626000e-02
3.410340e-01 4.55289000e-02
3.500000e-01 4.49618000e-02
3.715510e-01 4.35990000e-02
4.048000e-01 4.17510000e-02
4.414380e-01 3.99623000e-02
4.762060e-01 3.84603000e-02
5.000000e-01 3.75365000e-02
5.088670e-01 3.71923000e-02
5.392770e-01 3.61172000e-02
5.969350e-01 3.43100000e-02
6.441880e-01 3.30142000e-02
6.820670e-01 3.20746000e-02
7.431030e-01 3.07150000e-02
7.500000e-01 3.05800000e-02
8.096000e-01 2.94131000e-02
8.828750e-01 2.81530000e-02
9.524110e-01 2.70948000e-02
1.000000e+00 2.64441000e-02
1.017730e+00 2.62016000e-02
1.078560e+00 2.54442000e-02
1.193870e+00 2.41710000e-02
1.288380e+00 2.32582000e-02
1.364130e+00 2.25962000e-02
1.486210e+00 2.16384000e-02
1.500000e+00 2.15433000e-02
1.619200e+00 2.07212000e-02
1.765750e+00 1.98335000e-02
1.904820e+00 1.90880000e-02
2.000000e+00 1.86296000e-02
2.035470e+00 1.84587000e-02
2.157110e+00 1.79252000e-02
2.387740e+00 1.70282000e-02
2.576750e+00 1.63851000e-02
2.728270e+00 1.59188000e-02
2.750000e+00 1.58587000e-02
2.972410e+00 1.52440000e-02
3.238400e+00 1.45979000e-02
3.414000e+00 1.42135000e-02
3.500000e+00 1.40430000e-02
3.695400e+00 1.36558000e-02
4.000000e+00 1.31200000e-02
4.426730e+00 1.24709000e-02
4.776390e+00 1.20052000e-02
5.000000e+00 1.17357000e-02
5.056650e+00 1.16674000e-02
5.508170e+00 1.11785000e-02
6.000000e+00 1.07100000e-02
7.500000e+00 1.05100000e-02
9.000000e+00 1.03000000e-02
1.000000e+01 1.02857000e-02
1.500000e+01 1.02143000e-02
2.000000e+01 1.01428000e-02
2.750000e+01 1.00357000e-02
3.500000e+01 9.92853000e-03
4.232300e+01 9.82390000e-03
5.000000e+01 9.75343000e-03
6.900100e+01 9.57900000e-03
7.500000e+01 9.54598000e-03
1.000000e+02 9.40837000e-03
1.119300e+02 9.34270000e-03
1.500000e+02 9.21205000e-03
1.701800e+02 9.14280000e-03
2.000000e+02 9.08777000e-03
2.750000e+02 8.94937000e-03
3.500000e+02 8.81096000e-03
3.542600e+02 8.80310000e-03
5.000000e+02 8.66865000e-03
6.445400e+02 8.53530000e-03
7.500000e+02 8.48131000e-03
1.000000e+03 8.35332000e-03
1.093600e+03 8.30540000e-03
1.500000e+03 8.18091000e-03
1.721700e+03 8.11300000e-03
2.000000e+03 8.06849000e-03
2.750000e+03 7.94854000e-03
3.500000e+03 7.82860000e-03
3.656300e+03 7.80360000e-03
5.000000e+03 7.70131000e-03
6.000000e+03 7.62518000e-03
7.000000e+03 7.54905000e-03
7.133300e+03 7.53890000e-03
8.000000e+03 7.50401000e-03
8.400000e+03 7.48790000e-03
8.900000e+03 7.46777000e-03
9.200000e+03 7.45570000e-03
9.600000e+03 7.43959000e-03
9.900000e+03 7.42751000e-03
1.000000e+04 7.42349000e-03
1.050000e+04 7.40336000e-03
1.090000e+04 7.38725000e-03
1.130000e+04 7.37115000e-03
1.190000e+04 7.34699000e-03
1.240900e+04 7.32650000e-03
1.250000e+04 7.32436000e-03
1.400000e+04 7.28904000e-03
1.510000e+04 7.26313000e-03
1.520000e+04 7.26078000e-03
1.580000e+04 7.24665000e-03
1.630000e+04 7.23488000e-03
1.680000e+04 7.22310000e-03
1.800000e+04 7.19485000e-03
1.950000e+04 7.15953000e-03
1.993000e+04 7.14940000e-03
2.000000e+04 7.14836000e-03
2.500000e+04 7.07418000e-03
3.000000e+04 7.00000000e-03
3.250000e+04 6.95370000e-03
4.000000e+04 6.81482000e-03
5.000000e+04 6.62963000e-03
6.000000e+04 6.44444000e-03
9.000000e+04 5.88889000e-03
1.000000e+05 5.70370000e-03
1.250000e+05 5.24074000e-03
1.370000e+05 5.01852000e-03
1.430000e+05 4.90741000e-03
1.470000e+05 4.83333000e-03
1.510000e+05 4.75926000e-03
1.550000e+05 4.68519000e-03
1.630000e+05 4.53704000e-03
1.730000e+05 4.35185000e-03
1.810000e+05 4.20370000e-03
1.830000e+05 4.16667000e-03
1.950000e+05 3.94444000e-03
2.010000e+05 3.83333000e-03
2.070000e+05 3.72222000e-03
2.190000e+05 3.50000000e-03
2.310000e+05 3.27778000e-03
2.400000e+05 3.11111000e-03
2.490000e+05 2.94444000e-03
2.550000e+05 2.83333000e-03
2.690000e+05 2.57407000e-03
2.770000e+05 2.42593000e-03
2.850000e+05 2.27778000e-03
2.890000e+05 2.20370000e-03
3.000000e+05 2.00000000e-03
3.110000e+05 1.99470000e-03
3.190000e+05 1.99085000e-03
3.290000e+05 1.98604000e-03
3.400000e+05 1.98074000e-03
3.610000e+05 1.97063000e-03
3.690000e+05 1.96678000e-03
3.950000e+05 1.95426000e-03
4.170000e+05 1.94367000e-03
4.250000e+05 1.93982000e-03
4.300000e+05 1.93741000e-03
4.370000e+05 1.93404000e-03
4.530000e+05 1.92633000e-03
4.560000e+05 1.92489000e-03
4.650000e+05 1.92056000e-03
4.690000e+05 1.91863000e-03
4.710000e+05 1.91767000e-03
4.750000e+05 1.91574000e-03
4.910000e+05 1.90804000e-03
5.250000e+05 1.89167000e-03
5.290000e+05 1.88974000e-03
5.500000e+05 1.87963000e-03
5.610000e+05 1.87433000e-03
5.850000e+05 1.86278000e-03
8.500000e+05 1.73519000e-03
8.690000e+05 1.72604000e-03
9.000000e+05 1.71111000e-03
9.300000e+05 1.69667000e-03
9.360000e+05 1.69378000e-03
9.480000e+05 1.68800000e-03
9.680000e+05 1.67837000e-03
9.950000e+05 1.66537000e-03
1.010000e+06 1.65815000e-03
1.016000e+06 1.65526000e-03
1.022000e+06 1.65237000e-03
1.030000e+06 1.64852000e-03
1.056000e+06 1.63600000e-03
1.060000e+06 1.63407000e-03
1.076000e+06 1.62637000e-03
1.082000e+06 1.62348000e-03
1.092000e+06 1.61867000e-03
1.115000e+06 1.60759000e-03
1.127000e+06 1.60182000e-03
1.150000e+06 1.59074000e-03
1.200000e+06 1.56667000e-03
1.310000e+06 1.51370000e-03
1.310010e+06 1.51370000e-03
1.500000e+06 1.42222000e-03
1.590000e+06 1.37889000e-03
1.650000e+06 1.35000000e-03
1.750000e+06 1.30185000e-03
2.000000e+06 1.18148000e-03
2.200000e+06 1.08519000e-03
2.250000e+06 1.06111000e-03
2.306000e+06 1.03415000e-03
2.350000e+06 1.01296000e-03
2.500000e+06 9.40741000e-04
2.650000e+06 8.68519000e-04
2.730000e+06 8.30000000e-04
2.750000e+06 8.20370000e-04
2.780000e+06 8.05926000e-04
2.840000e+06 7.77037000e-04
2.940000e+06 7.28889000e-04
2.950000e+06 7.24074000e-04
3.000000e+06 7.00000000e-04
3.050000e+06 6.98182000e-04
3.125000e+06 6.95455000e-04
3.200000e+06 6.92727000e-04
3.210000e+06 6.92364000e-04
3.300000e+06 6.89091000e-04
3.350000e+06 6.87273000e-04
3.460000e+06 6.83273000e-04
3.500000e+06 6.81818000e-04
3.600000e+06 6.78182000e-04
3.610000e+06 6.77818000e-04
3.720000e+06 6.73818000e-04
3.750000e+06 6.72727000e-04
3.820000e+06 6.70182000e-04
3.850000e+06 6.69091000e-04
4.100000e+06 6.60000000e-04
4.140000e+06 6.58546000e-04
4.220000e+06 6.55636000e-04
4.250000e+06 6.54546000e-04
4.350000e+06 6.50909000e-04
4.400000e+06 6.49091000e-04
4.425000e+06 6.48182000e-04
4.500000e+06 6.45455000e-04
4.540000e+06 6.44000000e-04
4.750000e+06 6.36364000e-04
4.800000e+06 6.34546000e-04
4.850000e+06 6.32727000e-04
5.000000e+06 6.27273000e-04
5.050000e+06 6.25455000e-04
5.500000e+06 6.09091000e-04
6.000000e+06 5.90909000e-04
6.300000e+06 5.80000000e-04
6.750000e+06 5.63636000e-04
7.100000e+06 5.50909000e-04
7.537720e+06 5.34992000e-04
8.000000e+06 5.18182000e-04
9.000000e+06 4.81818000e-04
1.000000e+07 4.45455000e-04
1.100000e+07 4.09091000e-04
1.200000e+07 3.72727000e-04
1.271100e+07 3.46873000e-04
1.300000e+07 3.36364000e-04
1.350000e+07 3.18182000e-04
1.400000e+07 3.00000000e-04
1.450000e+07 2.91667000e-04
1.500000e+07 2.83333000e-04
1.700000e+07 2.50000000e-04
1.800000e+07 2.33333000e-04
2.000000e+07 1.00000000e-04
2.040210e+07 0.00000000e+00
2.100000e+07 0.00000000e+00
2.200000e+07 0.00000000e+00
2.300000e+07 0.00000000e+00
2.346720e+07 0.00000000e+00
2.400000e+07 0.00000000e+00
2.411320e+07 0.00000000e+00
2.439660e+07 0.00000000e+00
2.440170e+07 0.00000000e+00
2.494210e+07 0.00000000e+00
2.500000e+07 0.00000000e+00
2.600000e+07 0.00000000e+00
2.700000e+07 0.00000000e+00
2.718570e+07 0.00000000e+00
2.733080e+07 0.00000000e+00
2.768210e+07 0.00000000e+00
2.800000e+07 0.00000000e+00
2.900000e+07 0.00000000e+00
3.000000e+07 0.00000000e+00
3.001100e+07 0.00000000e+00
3.083170e+07 0.00000000e+00
3.100000e+07 0.00000000e+00
3.121290e+07 0.00000000e+00
3.200000e+07 0.00000000e+00
3.278560e+07 0.00000000e+00
3.300000e+07 0.00000000e+00
3.322510e+07 0.00000000e+00
3.400000e+07 0.00000000e+00
3.500000e+07 0.00000000e+00
3.520340e+07 0.00000000e+00
3.525160e+07 0.00000000e+00
3.535740e+07 0.00000000e+00
3.538160e+07 0.00000000e+00
3.600000e+07 0.00000000e+00
3.700000e+07 0.00000000e+00
3.717050e+07 0.00000000e+00
3.788420e+07 0.00000000e+00
3.800000e+07 0.00000000e+00
3.900000e+07 0.00000000e+00
3.988560e+07 0.00000000e+00
4.000000e+07 0.00000000e+00
4.100000e+07 0.00000000e+00
4.187940e+07 0.00000000e+00
4.198480e+07 0.00000000e+00
4.200000e+07 0.00000000e+00
4.268050e+07 0.00000000e+00
4.284560e+07 0.00000000e+00
4.295160e+07 0.00000000e+00
4.300000e+07 0.00000000e+00
4.322720e+07 0.00000000e+00
4.360030e+07 0.00000000e+00
4.400000e+07 0.00000000e+00
4.463960e+07 0.00000000e+00
4.465230e+07 0.00000000e+00
4.486540e+07 0.00000000e+00
4.500000e+07 0.00000000e+00
4.547700e+07 0.00000000e+00
4.600000e+07 0.00000000e+00
4.654360e+07 0.00000000e+00
4.670710e+07 0.00000000e+00
4.700000e+07 0.00000000e+00
4.800000e+07 0.00000000e+00
4.900000e+07 0.00000000e+00
4.975530e+07 0.00000000e+00
5.000000e+07 0.00000000e+00
5.100000e+07 0.00000000e+00
5.143260e+07 0.00000000e+00
5.200000e+07 0.00000000e+00
5.204300e+07 0.00000000e+00
5.232110e+07 0.00000000e+00
5.268680e+07 0.00000000e+00
5.300000e+07 0.00000000e+00
5.363190e+07 0.00000000e+00
5.400000e+07 0.00000000e+00
5.444760e+07 0.00000000e+00
5.500000e+07 0.00000000e+00
5.600000e+07 0.00000000e+00
5.642580e+07 0.00000000e+00
5.700000e+07 0.00000000e+00
5.715040e+07 0.00000000e+00
5.744070e+07 0.00000000e+00
5.800000e+07 0.00000000e+00
5.853420e+07 0.00000000e+00
5.900000e+07 0.00000000e+00
6.000000e+07 0.00000000e+00
6.100000e+07 0.00000000e+00
6.200000e+07 0.00000000e+00
6.228500e+07 0.00000000e+00
6.230930e+07 0.00000000e+00
6.300000e+07 0.00000000e+00
6.303740e+07 0.00000000e+00
6.400000e+07 0.00000000e+00
6.475700e+07 0.00000000e+00
6.500000e+07 0.00000000e+00
6.589740e+07 0.00000000e+00
6.592920e+07 0.00000000e+00
6.600000e+07 0.00000000e+00
6.700000e+07 0.00000000e+00
6.724520e+07 0.00000000e+00
6.800000e+07 0.00000000e+00
6.900000e+07 0.00000000e+00
7.000000e+07 0.00000000e+00
7.100000e+07 0.00000000e+00
7.200000e+07 0.00000000e+00
7.300000e+07 0.00000000e+00
7.400000e+07 0.00000000e+00
7.430340e+07 0.00000000e+00
7.500000e+07 0.00000000e+00
7.600000e+07 0.00000000e+00
7.648190e+07 0.00000000e+00
7.700000e+07 0.00000000e+00
7.800000e+07 0.00000000e+00
7.900000e+07 0.00000000e+00
7.958230e+07 0.00000000e+00
8.000000e+07 0.00000000e+00
8.100000e+07 0.00000000e+00
8.200000e+07 0.00000000e+00
8.300000e+07 0.00000000e+00
8.400000e+07 0.00000000e+00
8.500000e+07 0.00000000e+00
8.600000e+07 0.00000000e+00
8.700000e+07 0.00000000e+00
8.800000e+07 0.00000000e+00
8.900000e+07 0.00000000e+00
9.000000e+07 0.00000000e+00
9.100000e+07 0.00000000e+00
9.200000e+07 0.00000000e+00
9.300000e+07 0.00000000e+00
9.400000e+07 0.00000000e+00
9.500000e+07 0.00000000e+00
9.600000e+07 0.00000000e+00
9.700000e+07 0.00000000e+00
9.800000e+07 0.00000000e+00
9.900000e+07 0.00000000e+00
1.000000e+08 0.00000000e+00
1.020000e+08 0.00000000e+00
1.040000e+08 0.00000000e+00
1.060000e+08 0.00000000e+00
1.080000e+08 0.00000000e+00
1.100000e+08 0.00000000e+00
1.120000e+08 0.00000000e+00
1.140000e+08 0.00000000e+00
1.160000e+08 0.00000000e+00
1.180000e+08 0.00000000e+00
1.200000e+08 0.00000000e+00
1.220000e+08 0.00000000e+00
1.240000e+08 0.00000000e+00
1.260000e+08 0.00000000e+00
1.280000e+08 0.00000000e+00
1.300000e+08 0.00000000e+00
1.320000e+08 0.00000000e+00
1.340000e+08 0.00000000e+00
1.360000e+08 0.00000000e+00
1.380000e+08 0.00000000e+00
1.400000e+08 0.00000000e+00
1.420000e+08 0.00000000e+00
1.440000e+08 0.00000000e+00
1.460000e+08 0.00000000e+00
1.480000e+08 0.00000000e+00
