80-Hg_n-g
> 80-Hg-196:0.001500
> 80-Hg-198:0.099700
> 80-Hg-199:0.168700
> 80-Hg-200:0.231000
> 80-Hg-201:0.131800
> 80-Hg-202:0.298600
> 80-Hg-204:0.068700
1.000000e-05 1.90529875e+04
1.250000e-05 1.70414472e+04
1.500000e-05 1.55566167e+04
2.000000e-05 1.34723459e+04
2.234850e-05 1.28513498e+04
2.750000e-05 1.14891778e+04
2.852280e-05 1.13111858e+04
3.469700e-05 1.02367255e+04
3.500000e-05 1.01839961e+04
4.250000e-05 9.24175878e+03
5.000000e-05 8.52041250e+03
5.939400e-05 7.84433155e+03
6.250000e-05 7.62079452e+03
7.500000e-05 6.95672700e+03
7.969700e-05 6.78159047e+03
1.000000e-04 6.02455507e+03
1.087880e-04 5.80093237e+03
1.250000e-04 5.38839596e+03
1.500000e-04 4.91879135e+03
1.543940e-04 4.86086098e+03
2.000000e-04 4.25959323e+03
2.075770e-04 4.19622457e+03
2.750000e-04 3.63234669e+03
3.063660e-04 3.45968363e+03
3.500000e-04 3.21948809e+03
4.051550e-04 3.00029448e+03
4.250000e-04 2.92142775e+03
5.000000e-04 2.69324120e+03
6.250000e-04 2.40861914e+03
6.501550e-04 2.36633456e+03
7.500000e-04 2.19849913e+03
8.003100e-04 2.13913387e+03
1.000000e-03 1.90350202e+03
1.250000e-03 1.70214544e+03
1.295310e-03 1.67519985e+03
1.500000e-03 1.55347205e+03
1.590620e-03 1.51563635e+03
2.000000e-03 1.34471205e+03
2.585630e-03 1.18952095e+03
2.750000e-03 1.14596319e+03
3.171250e-03 1.07244559e+03
3.500000e-03 1.01507140e+03
4.085630e-03 9.41235438e+02
4.250000e-03 9.20511776e+02
5.000000e-03 8.48072170e+02
6.250000e-03 7.57649511e+02
6.332500e-03 7.53239074e+02
7.500000e-03 6.90824860e+02
8.166250e-03 6.65786169e+02
1.000000e-02 5.96871213e+02
1.250000e-02 5.32611433e+02
1.265500e-02 5.29663890e+02
1.500000e-02 4.85070553e+02
1.632750e-02 4.67297884e+02
2.000000e-02 4.18130335e+02
2.530000e-02 3.69935828e+02
3.147500e-02 3.29775301e+02
3.765000e-02 2.99805345e+02
5.000000e-02 2.57220078e+02
5.581650e-02 2.43367737e+02
6.250000e-02 2.27450618e+02
7.107480e-02 2.12247968e+02
7.500000e-02 2.05288824e+02
8.633300e-02 1.91027194e+02
1.000000e-01 1.73828466e+02
1.250000e-01 1.52055541e+02
1.473660e-01 1.37502028e+02
1.500000e-01 1.35788099e+02
2.000000e-01 1.12620101e+02
2.375000e-01 1.00121355e+02
2.694320e-01 9.16497596e+01
2.750000e-01 9.01725732e+01
3.500000e-01 7.51960941e+01
3.847160e-01 7.07521463e+01
5.000000e-01 5.59949392e+01
5.135650e-01 5.50298238e+01
7.500000e-01 3.82082016e+01
7.567830e-01 3.79337163e+01
1.000000e+00 2.80916968e+01
1.001830e+00 2.80516523e+01
1.250000e+00 2.26211979e+01
1.490100e+00 1.73915290e+01
1.500000e+00 1.71758982e+01
1.978360e+00 1.18385533e+01
2.000000e+00 1.15971054e+01
2.750000e+00 7.20686456e+00
2.965710e+00 6.54400082e+00
3.500000e+00 4.90224289e+00
3.931420e+00 4.12683284e+00
4.250000e+00 3.55426300e+00
5.000000e+00 2.69803422e+00
6.250000e+00 1.84996713e+00
6.418780e+00 1.78429040e+00
7.500000e+00 1.36360805e+00
7.837550e+00 1.28384674e+00
8.750000e+00 1.06827184e+00
1.000000e+01 8.74895998e-01
1.250000e+01 6.62322441e-01
1.282490e+01 6.50413015e-01
1.500000e+01 5.70730358e-01
1.564980e+01 5.68306110e-01
1.625000e+01 5.66077148e-01
1.750000e+01 5.73257250e-01
1.875000e+01 6.31653202e-01
1.937500e+01 6.83650874e-01
2.000000e+01 7.69005174e-01
2.037410e+01 8.61360167e-01
2.074820e+01 9.95051777e-01
2.112230e+01 1.20467192e+00
2.149640e+01 1.57045017e+00
2.168340e+01 1.86945024e+00
2.187040e+01 2.31567731e+00
2.205750e+01 3.02772785e+00
2.224450e+01 4.27252200e+00
2.233810e+01 5.27997378e+00
2.243160e+01 6.76001020e+00
2.252510e+01 9.06220273e+00
2.261860e+01 1.29274420e+01
2.266540e+01 1.59256868e+01
2.271210e+01 2.01514347e+01
2.273550e+01 2.29420211e+01
2.275890e+01 2.63652039e+01
2.278230e+01 3.06232746e+01
2.280570e+01 3.60042663e+01
2.282900e+01 4.29273147e+01
2.285240e+01 5.20178443e+01
2.287580e+01 6.42341684e+01
2.289920e+01 8.10837508e+01
2.292260e+01 1.04994087e+02
2.294590e+01 1.39914790e+02
2.296930e+01 1.92090575e+02
2.299270e+01 2.69980984e+02
2.302640e+01 4.31104288e+02
2.306000e+01 5.38150308e+02
2.307690e+01 5.06283761e+02
2.309370e+01 4.30173342e+02
2.312740e+01 2.68762160e+02
2.315370e+01 1.83460715e+02
2.317990e+01 1.29202855e+02
2.320610e+01 9.44658571e+01
2.323240e+01 7.15208795e+01
2.328490e+01 4.46348378e+01
2.333230e+01 3.17424216e+01
2.333740e+01 3.03555082e+01
2.338980e+01 2.19681287e+01
2.344230e+01 1.66566020e+01
2.354730e+01 1.05896392e+01
2.365230e+01 7.40288973e+00
2.375000e+01 5.65975507e+00
2.375720e+01 5.53129512e+00
2.386220e+01 4.34259841e+00
2.396720e+01 3.54278155e+00
2.417710e+01 2.57082098e+00
2.438710e+01 2.02956258e+00
2.459700e+01 1.70124526e+00
2.480690e+01 1.49007345e+00
2.499840e+01 1.38111301e+00
2.522680e+01 1.26810162e+00
2.563720e+01 1.18468540e+00
2.564670e+01 1.18275457e+00
2.571400e+01 1.17853140e+00
2.606660e+01 1.15668886e+00
2.648650e+01 1.16254640e+00
2.666450e+01 1.17543019e+00
2.732630e+01 1.29601050e+00
2.749760e+01 1.33379837e+00
2.750000e+01 1.33466422e+00
2.816600e+01 1.57526513e+00
2.833060e+01 1.63773045e+00
2.900580e+01 2.06669414e+00
2.916370e+01 2.16854744e+00
2.984560e+01 2.96503369e+00
2.999680e+01 3.14276225e+00
3.041330e+01 3.95450525e+00
3.082980e+01 5.17241038e+00
3.124640e+01 7.11898036e+00
3.127440e+01 7.34721762e+00
3.142800e+01 8.59926332e+00
3.152510e+01 9.39093087e+00
3.166290e+01 1.05150944e+01
3.187120e+01 1.32512954e+01
3.207940e+01 1.72485799e+01
3.228770e+01 2.34164256e+01
3.249590e+01 3.36480861e+01
3.260010e+01 4.14915419e+01
3.270420e+01 5.24205210e+01
3.280830e+01 6.82552962e+01
3.291250e+01 9.23334278e+01
3.301660e+01 1.31232361e+02
3.312070e+01 1.98968872e+02
3.317280e+01 2.52451623e+02
3.320460e+01 2.98337358e+02
3.322490e+01 3.27629240e+02
3.327690e+01 4.34905479e+02
3.332900e+01 5.87099779e+02
3.341450e+01 9.38538842e+02
3.350000e+01 1.17176138e+03
3.358550e+01 9.35623405e+02
3.367100e+01 5.83703245e+02
3.373480e+01 4.04169219e+02
3.379860e+01 2.87747550e+02
3.386240e+01 2.12007885e+02
3.392620e+01 1.61318146e+02
3.405370e+01 1.01142800e+02
3.418130e+01 6.87695516e+01
3.428500e+01 5.31877490e+01
3.430890e+01 4.95966342e+01
3.443640e+01 3.73821880e+01
3.469160e+01 2.33526386e+01
3.488420e+01 1.77564490e+01
3.494670e+01 1.59405226e+01
3.500000e+01 1.50272405e+01
3.520190e+01 1.15678047e+01
3.545700e+01 8.77886056e+00
3.571210e+01 6.89397977e+00
3.571350e+01 6.88764880e+00
3.622240e+01 4.58849028e+00
3.656370e+01 3.71845863e+00
3.673270e+01 3.28780222e+00
3.714200e+01 2.64369340e+00
3.724300e+01 2.48579927e+00
3.775330e+01 1.96177572e+00
3.857050e+01 1.46574388e+00
3.877380e+01 1.34618382e+00
3.928480e+01 1.18888058e+00
3.979440e+01 1.04750836e+00
3.992280e+01 1.02921283e+00
3.999900e+01 1.01840013e+00
4.035610e+01 9.83811797e-01
4.063720e+01 9.72561180e-01
4.071330e+01 9.69515900e-01
4.081490e+01 9.75838517e-01
4.107040e+01 1.01035441e+00
4.142750e+01 1.13126616e+00
4.178460e+01 1.41993691e+00
4.183550e+01 1.50130866e+00
4.196320e+01 1.71261261e+00
4.214180e+01 2.21358617e+00
4.232030e+01 3.14775764e+00
4.240960e+01 3.94309376e+00
4.249890e+01 5.15978130e+00
4.250000e+01 5.18413992e+00
4.258820e+01 7.13725896e+00
4.267740e+01 1.06052974e+01
4.276670e+01 1.72518955e+01
4.281140e+01 2.28365489e+01
4.285600e+01 3.08074496e+01
4.292800e+01 4.89078324e+01
4.300000e+01 6.09170781e+01
4.307200e+01 4.88133821e+01
4.314400e+01 3.06812858e+01
4.319760e+01 2.14212342e+01
4.325110e+01 1.53987261e+01
4.328190e+01 1.31413549e+01
4.330470e+01 1.14703222e+01
4.335830e+01 8.83505889e+00
4.346540e+01 5.69806605e+00
4.357250e+01 4.00386145e+00
4.367960e+01 2.99570221e+00
4.378680e+01 2.34977392e+00
4.387660e+01 2.03531891e+00
4.400100e+01 1.60428222e+00
4.421530e+01 1.20722358e+00
4.442950e+01 9.68836845e-01
4.464380e+01 8.13194940e-01
4.485800e+01 7.04828909e-01
4.528650e+01 5.64600943e-01
4.571500e+01 4.76991491e-01
4.591780e+01 4.47871177e-01
4.614350e+01 4.19404940e-01
4.657200e+01 3.79733500e-01
4.742900e+01 3.22935537e-01
4.795890e+01 2.97144020e-01
4.828600e+01 2.84278018e-01
5.000000e+01 2.35450842e-01
5.258300e+01 1.96892553e-01
5.312500e+01 1.90390599e-01
5.496570e+01 1.76088002e-01
5.516600e+01 1.74556690e-01
5.625000e+01 1.68059307e-01
5.774900e+01 1.63587480e-01
5.993150e+01 1.61273832e-01
6.033200e+01 1.60910651e-01
6.082440e+01 1.62402793e-01
6.250000e+01 1.67512615e-01
6.252360e+01 1.67628933e-01
6.291500e+01 1.69559723e-01
6.420650e+01 1.84845495e-01
6.489720e+01 2.00641685e-01
6.549800e+01 2.14545011e-01
6.614380e+01 2.40048545e-01
6.623660e+01 2.45635554e-01
6.678950e+01 2.78938866e-01
6.743530e+01 3.41935978e-01
6.808100e+01 4.53193124e-01
6.872680e+01 6.76814897e-01
6.875000e+01 6.91718859e-01
6.904960e+01 8.84452326e-01
6.937250e+01 1.23290966e+00
6.969540e+01 1.88318241e+00
6.985680e+01 2.44140908e+00
6.986290e+01 2.47404274e+00
7.001830e+01 3.30545954e+00
7.017970e+01 4.73633149e+00
7.034110e+01 7.32071704e+00
7.042190e+01 9.43611942e+00
7.050260e+01 1.25110522e+01
7.058330e+01 1.70785277e+01
7.066400e+01 2.38511885e+01
7.078200e+01 3.80356159e+01
7.090000e+01 4.74534963e+01
7.101800e+01 3.79698068e+01
7.113600e+01 2.37700498e+01
7.124880e+01 1.49689535e+01
7.136150e+01 9.91255880e+00
7.147430e+01 6.93947396e+00
7.158700e+01 5.09645551e+00
7.164880e+01 4.43678147e+00
7.169980e+01 3.89239248e+00
7.181250e+01 3.06901006e+00
7.203800e+01 2.05435802e+00
7.226350e+01 1.48051108e+00
7.234580e+01 1.35121691e+00
7.248900e+01 1.12632025e+00
7.294000e+01 7.31534055e-01
7.339100e+01 5.28750147e-01
7.384200e+01 4.11275107e-01
7.429300e+01 3.37309884e-01
7.435490e+01 3.30515550e-01
7.474400e+01 2.87828398e-01
7.482860e+01 2.82209289e-01
7.500000e+01 2.70984529e-01
7.564600e+01 2.29229739e-01
7.654800e+01 1.97445132e-01
7.706090e+01 1.86757937e-01
7.731150e+01 1.81562018e-01
7.745000e+01 1.78960171e-01
7.835200e+01 1.69115228e-01
7.976700e+01 1.62340843e-01
7.979440e+01 1.62215535e-01
8.015600e+01 1.61631784e-01
8.103580e+01 1.63791760e-01
8.126180e+01 1.65216114e-01
8.196000e+01 1.69618740e-01
8.227720e+01 1.72405760e-01
8.247310e+01 1.75527567e-01
8.351870e+01 1.92528076e-01
8.382620e+01 2.02128221e-01
8.476010e+01 2.31674547e-01
8.517920e+01 2.54429895e-01
8.538080e+01 2.65531015e-01
8.556800e+01 2.81331304e-01
8.600150e+01 3.18500447e-01
8.653230e+01 3.92791730e-01
8.662220e+01 4.05517197e-01
8.724290e+01 5.63163141e-01
8.750000e+01 6.71789661e-01
8.755330e+01 6.94350806e-01
8.786370e+01 8.92704286e-01
8.788530e+01 9.15011161e-01
8.817400e+01 1.21368102e+00
8.822360e+01 1.30463940e+00
8.848440e+01 1.78320073e+00
8.856190e+01 2.01634245e+00
8.863960e+01 2.25016814e+00
8.873100e+01 2.65940827e+00
8.879470e+01 2.94466192e+00
8.881560e+01 3.09247259e+00
8.890010e+01 3.69011926e+00
8.894990e+01 4.04236565e+00
8.898470e+01 4.40336913e+00
8.902750e+01 4.84738479e+00
8.906630e+01 5.34590480e+00
8.906920e+01 5.38934956e+00
8.910510e+01 5.92718579e+00
8.912450e+01 6.25481579e+00
8.914390e+01 6.61086029e+00
8.915380e+01 6.80876278e+00
8.916330e+01 6.99867499e+00
8.917600e+01 7.27574065e+00
8.918270e+01 7.42191274e+00
8.920210e+01 7.88548595e+00
8.922150e+01 8.39438278e+00
8.923840e+01 8.90778973e+00
8.926030e+01 9.57310701e+00
8.929910e+01 1.10210027e+01
8.932290e+01 1.21275276e+01
8.933790e+01 1.28249277e+01
8.937670e+01 1.51112180e+01
8.940750e+01 1.74552603e+01
8.941550e+01 1.80641087e+01
8.945430e+01 2.19665661e+01
8.949210e+01 2.71360562e+01
8.949300e+01 2.72591400e+01
8.953180e+01 3.46685782e+01
8.957060e+01 4.54267400e+01
8.957660e+01 4.79512571e+01
8.960940e+01 6.17519964e+01
8.964820e+01 8.77668051e+01
8.968700e+01 1.31297707e+02
8.972580e+01 2.05555851e+02
8.974580e+01 2.64014454e+02
8.976790e+01 3.28611260e+02
8.981000e+01 4.10511551e+02
8.985220e+01 3.28260778e+02
8.989430e+01 2.05090133e+02
8.991490e+01 1.65909844e+02
8.993380e+01 1.29962929e+02
8.997330e+01 8.63559336e+01
9.001270e+01 6.04976301e+01
9.005220e+01 4.43699489e+01
9.008400e+01 3.71826286e+01
9.013120e+01 2.65148064e+01
9.021010e+01 1.75257845e+01
9.025320e+01 1.47415727e+01
9.028910e+01 1.24226136e+01
9.036800e+01 9.26404821e+00
9.042230e+01 8.05004808e+00
9.052590e+01 5.73433495e+00
9.059140e+01 4.98061469e+00
9.068380e+01 3.91826429e+00
9.084170e+01 2.86632348e+00
9.092970e+01 2.49753439e+00
9.099960e+01 2.20601159e+00
9.115750e+01 1.76729726e+00
9.126790e+01 1.58343605e+00
9.147330e+01 1.24866577e+00
9.160620e+01 1.13272839e+00
9.177530e+01 9.92816472e-01
9.178910e+01 9.82057980e-01
9.194450e+01 9.18695164e-01
9.210490e+01 8.64834902e-01
9.211360e+01 8.63685056e-01
9.228270e+01 8.60394755e-01
9.242070e+01 8.83452453e-01
9.245190e+01 8.93619965e-01
9.262100e+01 1.00497724e+00
9.278400e+01 1.21777637e+00
9.279010e+01 1.22574202e+00
9.287470e+01 1.41201989e+00
9.295920e+01 1.68634580e+00
9.304380e+01 2.10263966e+00
9.305230e+01 2.16835962e+00
9.312840e+01 2.76478849e+00
9.321290e+01 3.83628355e+00
9.329750e+01 5.58150563e+00
9.339880e+01 8.70690068e+00
9.350000e+01 1.07785887e+01
9.360130e+01 8.66497875e+00
9.368390e+01 6.09188103e+00
9.370250e+01 5.51341227e+00
9.380090e+01 3.53718063e+00
9.389930e+01 2.40960398e+00
9.399770e+01 1.74839984e+00
9.409610e+01 1.33775720e+00
9.419450e+01 1.06781005e+00
9.429290e+01 8.81261411e-01
9.431560e+01 8.54131706e-01
9.448970e+01 6.50830754e-01
9.468650e+01 5.16783940e-01
9.488330e+01 4.30287127e-01
9.494720e+01 4.13194879e-01
9.527690e+01 3.31967612e-01
9.567050e+01 2.76375429e-01
9.606410e+01 2.39139797e-01
9.621040e+01 2.28775661e-01
9.645770e+01 2.14691406e-01
9.685130e+01 1.97530609e-01
9.747360e+01 1.77025706e-01
9.763840e+01 1.72684209e-01
9.842560e+01 1.57640927e-01
9.873680e+01 1.52796368e-01
9.921280e+01 1.47069853e-01
1.000000e+02 1.39123659e-01
1.014250e+02 1.31930176e-01
1.015630e+02 1.31233894e-01
1.028500e+02 1.26594747e-01
1.031250e+02 1.26200196e-01
1.062500e+02 1.25295592e-01
1.073730e+02 1.25838061e-01
1.093750e+02 1.31591082e-01
1.125000e+02 1.41747260e-01
1.147460e+02 1.49874940e-01
1.168670e+02 1.69960826e-01
1.184330e+02 1.84948888e-01
1.187500e+02 1.90736449e-01
1.202760e+02 2.18844032e-01
1.221190e+02 2.78601240e-01
1.239620e+02 4.01658063e-01
1.248840e+02 5.20684358e-01
1.250000e+02 5.47266635e-01
1.250220e+02 5.52311616e-01
1.258060e+02 7.32098053e-01
1.267270e+02 1.16554663e+00
1.271880e+02 1.57846643e+00
1.276490e+02 2.29477294e+00
1.278790e+02 2.86896853e+00
1.281100e+02 3.70412604e+00
1.283400e+02 4.98487098e+00
1.285700e+02 7.09087944e+00
1.288010e+02 1.09019049e+01
1.289160e+02 1.40702975e+01
1.290310e+02 1.88169798e+01
1.291460e+02 2.63263102e+01
1.292620e+02 3.90140556e+01
1.293770e+02 6.20512088e+01
1.294340e+02 8.04540107e+01
1.294920e+02 1.05694223e+02
1.295960e+02 1.68709904e+02
1.297000e+02 2.10510041e+02
1.298050e+02 1.68157894e+02
1.299090e+02 1.04948017e+02
1.299960e+02 6.97652852e+01
1.300830e+02 4.81030146e+01
1.301700e+02 3.46183079e+01
1.302570e+02 2.59029189e+01
1.304320e+02 1.58937935e+01
1.306060e+02 1.06861233e+01
1.307800e+02 7.66434967e+00
1.308850e+02 6.51990342e+00
1.309540e+02 5.76783894e+00
1.313020e+02 3.61804043e+00
1.316510e+02 2.49648519e+00
1.319990e+02 1.84015404e+00
1.326950e+02 1.14401095e+00
1.333920e+02 8.03224183e-01
1.340890e+02 6.12413404e-01
1.354820e+02 4.19653290e-01
1.368750e+02 3.31630570e-01
1.375000e+02 3.11480827e-01
1.382680e+02 2.86826091e-01
1.410540e+02 2.52018587e-01
1.466270e+02 2.66234012e-01
1.500000e+02 3.15080986e-01
1.522000e+02 3.47489143e-01
1.549860e+02 4.22997230e-01
1.577720e+02 5.39772711e-01
1.589210e+02 6.18537545e-01
1.605590e+02 7.30827704e-01
1.619520e+02 8.74909166e-01
1.625000e+02 9.52776799e-01
1.625110e+02 9.54342658e-01
1.633450e+02 1.07306455e+00
1.647380e+02 1.35575530e+00
1.661310e+02 1.77849910e+00
1.675240e+02 2.45202557e+00
1.682210e+02 2.94981322e+00
1.687500e+02 3.46089513e+00
1.689170e+02 3.62229558e+00
1.696140e+02 4.56204525e+00
1.703110e+02 5.93084964e+00
1.710070e+02 8.03417294e+00
1.717040e+02 1.15024657e+01
1.724000e+02 1.78090676e+01
1.727490e+02 2.30790567e+01
1.730970e+02 3.10155172e+01
1.734450e+02 4.36646122e+01
1.737940e+02 6.52681354e+01
1.741420e+02 1.05134614e+02
1.743160e+02 1.37469158e+02
1.744900e+02 1.82380626e+02
1.747950e+02 2.92157358e+02
1.750000e+02 3.41174264e+02
1.751000e+02 3.65085018e+02
1.754050e+02 2.91049814e+02
1.757100e+02 1.81282262e+02
1.759000e+02 1.33148570e+02
1.760900e+02 9.95849900e+01
1.764690e+02 5.98288979e+01
1.768490e+02 3.91571636e+01
1.772280e+02 2.73926191e+01
1.776080e+02 2.01531162e+01
1.779870e+02 1.54164449e+01
1.787460e+02 9.83071111e+00
1.795050e+02 6.80376830e+00
1.802640e+02 4.98827706e+00
1.812500e+02 3.70921392e+00
1.817830e+02 3.01857142e+00
1.833010e+02 2.03409300e+00
1.848190e+02 1.47451252e+00
1.863370e+02 1.12758345e+00
1.869570e+02 1.03408515e+00
1.875000e+02 9.52199554e-01
1.878550e+02 8.99504409e-01
1.906250e+02 6.58196100e-01
1.908910e+02 6.35904222e-01
1.937500e+02 5.14197799e-01
1.939280e+02 5.07814755e-01
1.968750e+02 4.61014883e-01
1.969640e+02 4.60474877e-01
1.984380e+02 4.67537280e-01
2.000000e+02 4.94183943e-01
2.012370e+02 5.47001259e-01
2.024750e+02 6.34918091e-01
2.037120e+02 7.86507646e-01
2.039840e+02 8.48049219e-01
2.049490e+02 1.07088943e+00
2.055680e+02 1.30701518e+00
2.061860e+02 1.65840868e+00
2.068050e+02 2.21180339e+00
2.074240e+02 3.15332274e+00
2.077330e+02 3.89200979e+00
2.079670e+02 4.68757359e+00
2.080420e+02 4.94283563e+00
2.083520e+02 6.50684318e+00
2.086610e+02 8.96963948e+00
2.089700e+02 1.31484059e+01
2.091250e+02 1.64038410e+01
2.092790e+02 2.09774524e+01
2.094340e+02 2.76311264e+01
2.095890e+02 3.76470184e+01
2.097430e+02 5.32144632e+01
2.098980e+02 7.74851842e+01
2.100990e+02 1.23717772e+02
2.103000e+02 1.54395061e+02
2.105020e+02 1.23376501e+02
2.107030e+02 7.70649286e+01
2.109020e+02 4.77657147e+01
2.111000e+02 3.12356851e+01
2.112990e+02 2.16507198e+01
2.114970e+02 1.57674943e+01
2.116960e+02 1.19509537e+01
2.118940e+02 9.35439837e+00
2.122910e+02 6.17083740e+00
2.126880e+02 4.37857040e+00
2.127540e+02 4.19511372e+00
2.130850e+02 3.27506299e+00
2.138790e+02 2.04666806e+00
2.146730e+02 1.41502664e+00
2.149930e+02 1.26703490e+00
2.154670e+02 1.04782262e+00
2.159350e+02 9.10683582e-01
2.162610e+02 8.15958276e-01
2.170550e+02 6.60842156e-01
2.186430e+02 4.71098840e-01
2.202310e+02 3.63144014e-01
2.218180e+02 2.95240441e-01
2.234060e+02 2.49223707e-01
2.239020e+02 2.40172698e-01
2.255070e+02 2.12924393e-01
2.265820e+02 1.94746746e-01
2.297580e+02 1.63689036e-01
2.318700e+02 1.50274328e-01
2.329340e+02 1.44436272e-01
2.361100e+02 1.32892787e-01
2.382610e+02 1.28162874e-01
2.398370e+02 1.24918322e-01
2.424610e+02 1.22205297e-01
2.430290e+02 1.22167431e-01
2.478040e+02 1.21852508e-01
2.488130e+02 1.23547095e-01
2.500190e+02 1.26366003e-01
2.510150e+02 1.28695317e-01
2.517880e+02 1.30666769e-01
2.557720e+02 1.57570497e-01
2.573910e+02 1.86153481e-01
2.577640e+02 1.92840852e-01
2.587600e+02 2.27145828e-01
2.597550e+02 2.88096484e-01
2.607510e+02 4.14104418e-01
2.612490e+02 5.35664998e-01
2.615160e+02 6.50452261e-01
2.617470e+02 7.49900156e-01
2.622450e+02 1.18232726e+00
2.624940e+02 1.58629379e+00
2.627430e+02 2.27082023e+00
2.629920e+02 3.56940454e+00
2.631170e+02 4.70342295e+00
2.632410e+02 6.49017432e+00
2.633660e+02 9.52510433e+00
2.634280e+02 1.18934832e+01
2.634900e+02 1.52214107e+01
2.635520e+02 2.00746225e+01
2.636150e+02 2.73874981e+01
2.636770e+02 3.87709351e+01
2.637080e+02 4.67137020e+01
2.637390e+02 5.65794802e+01
2.637680e+02 6.80515881e+01
2.637790e+02 7.24030829e+01
2.638200e+02 9.04386963e+01
2.639000e+02 1.12997556e+02
2.639400e+02 1.06332957e+02
2.639810e+02 9.04072364e+01
2.640610e+02 5.65425255e+01
2.641100e+02 4.19918909e+01
2.641580e+02 3.17086899e+01
2.642550e+02 1.93313250e+01
2.643530e+02 1.27928879e+01
2.644500e+02 9.03395052e+00
2.645470e+02 6.70155716e+00
2.646440e+02 5.16832944e+00
2.648380e+02 3.34927555e+00
2.650330e+02 2.35784857e+00
2.652270e+02 1.76124548e+00
2.656160e+02 1.11128189e+00
2.660040e+02 7.84529034e-01
2.663930e+02 5.98053508e-01
2.671700e+02 4.05051469e-01
2.679480e+02 3.13230531e-01
2.687250e+02 2.63230421e-01
2.701450e+02 2.19311952e-01
2.702790e+02 2.15309297e-01
2.710650e+02 2.06297951e-01
2.718340e+02 1.97482058e-01
2.733880e+02 1.91454989e-01
2.742190e+02 1.92353342e-01
2.750000e+02 1.93705998e-01
2.764980e+02 1.96323944e-01
2.765220e+02 1.96470831e-01
2.797100e+02 2.21078415e-01
2.805710e+02 2.29500026e-01
2.827160e+02 2.52513303e-01
2.828990e+02 2.55356762e-01
2.860870e+02 3.17032997e-01
2.869230e+02 3.39787857e-01
2.889340e+02 3.97339939e-01
2.892750e+02 4.09106214e-01
2.900980e+02 4.47178672e-01
2.908700e+02 4.84277434e-01
2.916670e+02 5.30684960e-01
2.920430e+02 5.55211063e-01
2.920650e+02 5.56806541e-01
2.922650e+02 5.72082791e-01
2.924640e+02 5.87931352e-01
2.926630e+02 6.04437933e-01
2.928620e+02 6.21652385e-01
2.930620e+02 6.39659417e-01
2.932610e+02 6.58468072e-01
2.932740e+02 6.59756437e-01
2.934600e+02 6.78805928e-01
2.936600e+02 7.00206055e-01
2.940580e+02 7.46286863e-01
2.944570e+02 7.97617162e-01
2.948550e+02 8.55225284e-01
2.951520e+02 9.03893844e-01
2.952540e+02 9.21958380e-01
2.956520e+02 1.00213540e+00
2.960510e+02 1.09435675e+00
2.964490e+02 1.20172296e+00
2.964500e+02 1.20204133e+00
2.968480e+02 1.33148562e+00
2.972460e+02 1.48685166e+00
2.976450e+02 1.67662264e+00
2.980440e+02 1.91324265e+00
2.982610e+02 2.07813132e+00
2.984420e+02 2.22054641e+00
2.988410e+02 2.62889232e+00
2.992390e+02 3.18020154e+00
2.996260e+02 3.93259206e+00
2.996380e+02 3.95604585e+00
3.000360e+02 5.10883508e+00
3.004350e+02 6.92571290e+00
3.008330e+02 1.00404785e+01
3.010330e+02 1.25008261e+01
3.012140e+02 1.56931775e+01
3.012320e+02 1.60108874e+01
3.013710e+02 1.96536896e+01
3.014310e+02 2.12285156e+01
3.016310e+02 2.93176052e+01
3.018300e+02 4.23569592e+01
3.020290e+02 6.36107956e+01
3.022650e+02 1.01168259e+02
3.025000e+02 1.26099177e+02
3.027360e+02 1.00967873e+02
3.028020e+02 9.04705230e+01
3.029250e+02 7.09102610e+01
3.029720e+02 6.34383675e+01
3.031320e+02 4.57362804e+01
3.032920e+02 3.37912701e+01
3.034520e+02 2.57366535e+01
3.036110e+02 2.01984503e+01
3.039310e+02 1.34425727e+01
3.042510e+02 9.72647821e+00
3.043900e+02 8.75891649e+00
3.044800e+02 8.13690210e+00
3.045700e+02 7.52027166e+00
3.048900e+02 6.14423773e+00
3.052570e+02 5.27293810e+00
3.055290e+02 4.64351588e+00
3.059770e+02 4.16868974e+00
3.060340e+02 4.11244043e+00
3.061690e+02 3.99065846e+00
3.067710e+02 3.79819541e+00
3.068080e+02 3.78976609e+00
3.068120e+02 3.79008641e+00
3.074470e+02 3.92052078e+00
3.075650e+02 3.96573650e+00
3.075890e+02 3.97887477e+00
3.080870e+02 4.34654051e+00
3.083590e+02 4.58645622e+00
3.083660e+02 4.59489922e+00
3.091430e+02 5.77002385e+00
3.091530e+02 5.79036355e+00
3.093650e+02 6.31923791e+00
3.095500e+02 6.79926046e+00
3.099210e+02 7.96780065e+00
3.099470e+02 8.07498156e+00
3.103440e+02 1.00866150e+01
3.106440e+02 1.21290076e+01
3.106980e+02 1.24993256e+01
3.107410e+02 1.28494901e+01
3.109400e+02 1.49243010e+01
3.110870e+02 1.68384846e+01
3.111380e+02 1.75767156e+01
3.113370e+02 2.12385868e+01
3.114750e+02 2.46894063e+01
3.115350e+02 2.63248591e+01
3.117340e+02 3.39744603e+01
3.118640e+02 4.17196740e+01
3.119230e+02 4.54554196e+01
3.119320e+02 4.60255267e+01
3.121310e+02 6.67342883e+01
3.122300e+02 8.24031363e+01
3.122530e+02 8.72535760e+01
3.123290e+02 1.03784543e+02
3.125150e+02 1.58092747e+02
3.126410e+02 1.83451355e+02
3.127000e+02 1.96053630e+02
3.128860e+02 1.67556283e+02
3.130300e+02 1.32188897e+02
3.130710e+02 1.23148014e+02
3.131990e+02 1.05722432e+02
3.132010e+02 1.05576403e+02
3.133270e+02 9.63793244e+01
3.134180e+02 9.35853130e+01
3.134550e+02 9.36742006e+01
3.135840e+02 9.75295263e+01
3.136130e+02 9.90517654e+01
3.138070e+02 1.15839763e+02
3.138400e+02 1.20241692e+02
3.140960e+02 1.58506011e+02
3.141540e+02 1.67631369e+02
3.143520e+02 1.87555005e+02
3.145000e+02 2.03073392e+02
3.146080e+02 1.90000987e+02
3.148470e+02 1.61842601e+02
3.151210e+02 1.14102374e+02
3.151930e+02 1.01706311e+02
3.155350e+02 6.36404124e+01
3.156330e+02 5.73648007e+01
3.157590e+02 4.94181986e+01
3.158760e+02 4.20409171e+01
3.161460e+02 3.20327344e+01
3.162180e+02 2.94002514e+01
3.165600e+02 2.16023495e+01
3.166580e+02 2.01164816e+01
3.169010e+02 1.65030549e+01
3.171700e+02 1.37357686e+01
3.172430e+02 1.30021547e+01
3.179260e+02 8.68419288e+00
3.181950e+02 7.68034437e+00
3.183160e+02 7.24864722e+00
3.186090e+02 6.20538236e+00
3.192200e+02 4.81557238e+00
3.192930e+02 4.65548543e+00
3.202450e+02 3.43211589e+00
3.206590e+02 2.91880718e+00
3.208730e+02 2.77238339e+00
3.212700e+02 2.50230550e+00
3.220250e+02 2.01549550e+00
3.233190e+02 1.49996105e+00
3.233920e+02 1.47262007e+00
3.234310e+02 1.46288788e+00
3.247580e+02 1.13605750e+00
3.253690e+02 1.02861957e+00
3.261250e+02 9.04416077e-01
3.271370e+02 7.94818482e-01
3.274190e+02 7.64278616e-01
3.285450e+02 6.49387153e-01
3.288580e+02 6.18430938e-01
3.294680e+02 5.81305652e-01
3.315910e+02 4.62405150e-01
3.335680e+02 3.88498054e-01
3.336600e+02 3.85353739e-01
3.343240e+02 3.65309332e-01
3.362170e+02 3.27417170e-01
3.370560e+02 3.15027310e-01
3.374960e+02 3.12018428e-01
3.376670e+02 3.12281098e-01
3.387740e+02 3.15682749e-01
3.400530e+02 3.45923617e-01
3.406920e+02 3.85155579e-01
3.413320e+02 4.63447946e-01
3.416510e+02 5.31742484e-01
3.417660e+02 5.69591882e-01
3.419710e+02 6.37232789e-01
3.422910e+02 8.09842918e-01
3.425220e+02 1.03235395e+00
3.426100e+02 1.11758323e+00
3.427700e+02 1.36985006e+00
3.429300e+02 1.74222748e+00
3.430900e+02 2.32441358e+00
3.432500e+02 3.30718431e+00
3.433300e+02 4.07403080e+00
3.433700e+02 4.56712903e+00
3.434100e+02 5.15768402e+00
3.434500e+02 5.87658281e+00
3.434700e+02 6.29513436e+00
3.434900e+02 6.75844125e+00
3.435100e+02 7.27835780e+00
3.435300e+02 7.86132462e+00
3.435690e+02 9.25618737e+00
3.436090e+02 1.10622947e+01
3.436490e+02 1.34390251e+01
3.436890e+02 1.66592174e+01
3.437290e+02 2.11204753e+01
3.437690e+02 2.75232911e+01
3.438090e+02 3.69545940e+01
3.438490e+02 5.12779765e+01
3.438890e+02 7.29413727e+01
3.439450e+02 1.16586398e+02
3.440000e+02 1.45670446e+02
3.440280e+02 1.37074091e+02
3.440560e+02 1.16558600e+02
3.441110e+02 7.29099024e+01
3.441470e+02 5.30895562e+01
3.441830e+02 3.94549967e+01
3.442540e+02 2.35145973e+01
3.443250e+02 1.53439186e+01
3.443970e+02 1.07351142e+01
3.444680e+02 7.91392872e+00
3.445400e+02 6.07832965e+00
3.446820e+02 3.92173991e+00
3.448250e+02 2.75597081e+00
3.449680e+02 2.05799412e+00
3.452540e+02 1.29973189e+00
3.455400e+02 9.18656700e-01
3.458250e+02 7.00155271e-01
3.458650e+02 6.80969107e-01
3.461110e+02 5.63133313e-01
3.463970e+02 4.71264439e-01
3.469680e+02 3.58755662e-01
3.475390e+02 2.94154729e-01
3.479880e+02 2.61711923e-01
3.481110e+02 2.53135466e-01
3.486820e+02 2.25916810e-01
3.498250e+02 1.91113653e-01
3.500000e+02 1.87778314e-01
3.509680e+02 1.69337485e-01
3.532530e+02 1.41672533e-01
3.534540e+02 1.39996505e-01
3.540640e+02 1.35742663e-01
3.555390e+02 1.26109806e-01
3.578240e+02 1.14667762e-01
3.589200e+02 1.10221668e-01
3.622620e+02 1.00185726e-01
3.623960e+02 9.98267296e-02
3.669670e+02 9.00595715e-02
3.698520e+02 8.46037800e-02
3.715380e+02 8.25952734e-02
3.750160e+02 7.91392765e-02
3.786600e+02 7.55218287e-02
3.806800e+02 7.42323281e-02
3.807830e+02 7.41893852e-02
3.832090e+02 7.40118040e-02
3.898220e+02 7.35303301e-02
3.917150e+02 7.38997292e-02
3.943930e+02 7.49558762e-02
3.950570e+02 7.54806264e-02
3.989650e+02 8.03303067e-02
4.012500e+02 8.45086666e-02
4.026470e+02 8.81202372e-02
4.032550e+02 8.98149450e-02
4.035360e+02 9.07895222e-02
4.058210e+02 1.01926002e-01
4.081070e+02 1.19774364e-01
4.092500e+02 1.33783793e-01
4.103920e+02 1.54381520e-01
4.114540e+02 1.84846724e-01
4.115350e+02 1.87252074e-01
4.126780e+02 2.46493508e-01
4.132490e+02 2.95106382e-01
4.138210e+02 3.68056415e-01
4.143920e+02 4.85419418e-01
4.149640e+02 6.93215696e-01
4.152490e+02 8.63546546e-01
4.155350e+02 1.11696777e+00
4.155530e+02 1.13911688e+00
4.156780e+02 1.29309161e+00
4.157490e+02 1.39847623e+00
4.158210e+02 1.51827117e+00
4.158920e+02 1.65541023e+00
4.159640e+02 1.81295159e+00
4.159990e+02 1.90074643e+00
4.160350e+02 1.99540431e+00
4.160710e+02 2.09764935e+00
4.161060e+02 2.20830540e+00
4.161780e+02 2.45916596e+00
4.162490e+02 2.75665254e+00
4.163210e+02 3.11353408e+00
4.163920e+02 3.54661265e+00
4.164640e+02 4.07985352e+00
4.165350e+02 4.74436571e+00
4.166060e+02 5.58767987e+00
4.166780e+02 6.67913107e+00
4.167490e+02 8.12676682e+00
4.168210e+02 1.00937236e+01
4.168920e+02 1.28565718e+01
4.169630e+02 1.68878035e+01
4.170350e+02 2.30414524e+01
4.171060e+02 3.29327509e+01
4.171780e+02 4.96765338e+01
4.172490e+02 7.86562947e+01
4.173250e+02 1.25777984e+02
4.174000e+02 1.57172793e+02
4.174760e+02 1.25737662e+02
4.175510e+02 7.86147330e+01
4.176320e+02 4.67375508e+01
4.177140e+02 2.96648254e+01
4.177950e+02 2.01345010e+01
4.178760e+02 1.44528957e+01
4.179570e+02 1.08355789e+01
4.180390e+02 8.41376842e+00
4.182010e+02 5.48788963e+00
4.183630e+02 3.86381369e+00
4.185260e+02 2.87467089e+00
4.188510e+02 1.78440953e+00
4.191760e+02 1.23028492e+00
4.195010e+02 9.11635763e-01
4.196520e+02 8.18896502e-01
4.198260e+02 7.12443108e-01
4.201500e+02 5.80192333e-01
4.208000e+02 4.21523449e-01
4.214500e+02 3.34511946e-01
4.221000e+02 2.82497136e-01
4.227500e+02 2.49583850e-01
4.237520e+02 2.21719526e-01
4.240490e+02 2.14905838e-01
4.245100e+02 2.11339170e-01
4.250000e+02 2.07654554e-01
4.253490e+02 2.05031390e-01
4.266490e+02 2.04730199e-01
4.278510e+02 2.09167522e-01
4.279480e+02 2.10226731e-01
4.299010e+02 2.37467174e-01
4.305480e+02 2.52431956e-01
4.319500e+02 2.87645885e-01
4.331470e+02 3.37501624e-01
4.340000e+02 3.73837402e-01
4.354420e+02 4.83058923e-01
4.357460e+02 5.06164000e-01
4.360500e+02 5.29423598e-01
4.380990e+02 8.44603430e-01
4.383460e+02 9.15028798e-01
4.391240e+02 1.13715714e+00
4.392810e+02 1.21238107e+00
4.401490e+02 1.62826899e+00
4.411740e+02 2.54473375e+00
4.416860e+02 3.33137886e+00
4.421980e+02 4.54875955e+00
4.427110e+02 6.56401773e+00
4.432230e+02 1.02017868e+01
4.434790e+02 1.31775392e+01
4.435440e+02 1.42708580e+01
4.437360e+02 1.75004026e+01
4.439920e+02 2.39172417e+01
4.442480e+02 3.34267679e+01
4.446240e+02 5.34353616e+01
4.450000e+02 6.67348082e+01
4.453760e+02 5.33437004e+01
4.457520e+02 3.33342556e+01
4.461760e+02 1.93631005e+01
4.463730e+02 1.59832081e+01
4.466000e+02 1.20887447e+01
4.470240e+02 8.12051000e+00
4.474470e+02 5.78721410e+00
4.478710e+02 4.31930450e+00
4.482950e+02 3.34296936e+00
4.487430e+02 2.72495936e+00
4.491430e+02 2.17621058e+00
4.499900e+02 1.53892139e+00
4.508380e+02 1.15535287e+00
4.525330e+02 7.41057202e-01
4.542280e+02 5.38337441e-01
4.559240e+02 4.27972967e-01
4.573050e+02 3.75974844e-01
4.576190e+02 3.64478595e-01
4.591400e+02 3.32101200e-01
4.593140e+02 3.27286593e-01
4.627050e+02 2.74664429e-01
4.627710e+02 2.74181389e-01
4.660950e+02 2.55333483e-01
4.682370e+02 2.51766588e-01
4.694860e+02 2.54592688e-01
4.728760e+02 2.69664890e-01
4.737030e+02 2.74752815e-01
4.764360e+02 3.10364609e-01
4.791680e+02 3.74723688e-01
4.796570e+02 3.97819870e-01
4.819010e+02 5.06382995e-01
4.832680e+02 6.25420223e-01
4.846340e+02 8.18760009e-01
4.860010e+02 1.16183758e+00
4.864380e+02 1.34057039e+00
4.866840e+02 1.44136857e+00
4.873670e+02 1.85174338e+00
4.880500e+02 2.48262933e+00
4.887340e+02 3.50645175e+00
4.894170e+02 5.26307280e+00
4.901000e+02 8.35513993e+00
4.908000e+02 1.32583436e+01
4.915000e+02 1.65037155e+01
4.922000e+02 1.32128228e+01
4.929000e+02 8.31150304e+00
4.933440e+02 6.12068042e+00
4.937880e+02 4.60109823e+00
4.946750e+02 2.81294516e+00
4.953530e+02 2.10866655e+00
4.955630e+02 1.89052720e+00
4.964500e+02 1.36819787e+00
4.973380e+02 1.04811664e+00
4.982250e+02 8.39270717e-01
5.000000e+02 5.93875964e-01
5.000130e+02 5.92866954e-01
5.014480e+02 4.81488839e-01
5.028950e+02 4.08760536e-01
5.057900e+02 3.24180195e-01
5.079090e+02 2.91420592e-01
5.086850e+02 2.79645965e-01
5.115800e+02 2.54538889e-01
5.158180e+02 2.36716548e-01
5.173700e+02 2.30791920e-01
5.231590e+02 2.24076863e-01
5.237270e+02 2.24074007e-01
5.267470e+02 2.26188508e-01
5.289490e+02 2.25311113e-01
5.316360e+02 2.25802815e-01
5.347390e+02 2.29527808e-01
5.355910e+02 2.30910870e-01
5.395450e+02 2.42440376e-01
5.435000e+02 2.63308095e-01
5.463190e+02 2.91852095e-01
5.474540e+02 3.03646771e-01
5.494310e+02 3.38432387e-01
5.514090e+02 3.91271362e-01
5.514250e+02 3.91962676e-01
5.533860e+02 4.76692142e-01
5.553630e+02 6.27373694e-01
5.563520e+02 7.49842619e-01
5.573400e+02 9.30097090e-01
5.578990e+02 1.08872014e+00
5.583290e+02 1.21079123e+00
5.593180e+02 1.68201363e+00
5.598120e+02 2.04728325e+00
5.603060e+02 2.56131554e+00
5.608010e+02 3.31576385e+00
5.612950e+02 4.48274652e+00
5.617890e+02 6.41316750e+00
5.622830e+02 9.89360920e+00
5.625310e+02 1.27377667e+01
5.627780e+02 1.68626911e+01
5.630250e+02 2.29781250e+01
5.632720e+02 3.20203097e+01
5.636360e+02 5.10868980e+01
5.640000e+02 6.37516967e+01
5.643650e+02 5.09843670e+01
5.647290e+02 3.19026315e+01
5.649620e+02 2.33031275e+01
5.651960e+02 1.73611065e+01
5.656620e+02 1.03986881e+01
5.661290e+02 6.82275172e+00
5.665950e+02 4.80313646e+00
5.670620e+02 3.56726956e+00
5.675280e+02 2.76141369e+00
5.684610e+02 1.81443489e+00
5.693940e+02 1.30269660e+00
5.694780e+02 1.27509682e+00
5.703270e+02 9.96219076e-01
5.721930e+02 6.63662708e-01
5.740590e+02 4.96851431e-01
5.759250e+02 4.01500796e-01
5.777910e+02 3.41894320e-01
5.796560e+02 3.02120048e-01
5.833880e+02 2.53867295e-01
5.871200e+02 2.26671568e-01
5.908520e+02 2.09713671e-01
5.926380e+02 2.04268376e-01
5.943550e+02 1.99164403e-01
5.945840e+02 1.98494544e-01
6.020480e+02 1.85368331e-01
6.095110e+02 1.78122773e-01
6.157970e+02 1.74545182e-01
6.169750e+02 1.73954581e-01
6.244390e+02 1.72091116e-01
6.250000e+02 1.72126758e-01
6.273770e+02 1.72287812e-01
6.389560e+02 1.74086351e-01
6.393660e+02 1.74232900e-01
6.468300e+02 1.80129318e-01
6.505360e+02 1.85293355e-01
6.542930e+02 1.91892699e-01
6.563260e+02 1.97245353e-01
6.580250e+02 2.02716245e-01
6.617570e+02 2.18882725e-01
6.621160e+02 2.21165328e-01
6.635680e+02 2.32489214e-01
6.654890e+02 2.47471063e-01
6.679060e+02 2.76314894e-01
6.692210e+02 2.95445322e-01
6.708010e+02 3.28073822e-01
6.710870e+02 3.35177060e-01
6.729530e+02 3.95845065e-01
6.736950e+02 4.30153371e-01
6.748190e+02 4.89033265e-01
6.751430e+02 5.14810162e-01
6.765900e+02 6.41110653e-01
6.766840e+02 6.50604401e-01
6.780380e+02 8.71166008e-01
6.785500e+02 9.68396176e-01
6.794830e+02 1.24154159e+00
6.794850e+02 1.24242126e+00
6.804160e+02 1.70859087e+00
6.809330e+02 2.12432778e+00
6.813490e+02 2.50055640e+00
6.816560e+02 2.91552557e+00
6.818160e+02 3.15429474e+00
6.822820e+02 4.11147100e+00
6.823800e+02 4.40798989e+00
6.827490e+02 5.62979337e+00
6.831040e+02 7.45501402e+00
6.832150e+02 8.07159194e+00
6.834660e+02 1.03721871e+01
6.836820e+02 1.24605972e+01
6.838280e+02 1.45756669e+01
6.839150e+02 1.59104756e+01
6.841480e+02 2.05927707e+01
6.841900e+02 2.17206701e+01
6.845510e+02 3.19745361e+01
6.845740e+02 3.26944531e+01
6.849130e+02 4.05316651e+01
6.850000e+02 4.30109267e+01
6.852750e+02 4.18857992e+01
6.854260e+02 4.22982059e+01
6.856380e+02 4.11616916e+01
6.858520e+02 3.86548680e+01
6.860000e+02 3.79741513e+01
6.861160e+02 3.44870484e+01
6.863630e+02 2.83594871e+01
6.863810e+02 2.77981469e+01
6.867250e+02 1.87439935e+01
6.869090e+02 1.49502269e+01
6.869610e+02 1.40575855e+01
6.871970e+02 1.09990148e+01
6.874380e+02 8.80571743e+00
6.876690e+02 7.07423160e+00
6.879660e+02 5.62815962e+00
6.881410e+02 4.92036624e+00
6.884950e+02 3.91180849e+00
6.886130e+02 3.62898715e+00
6.890230e+02 2.89149983e+00
6.890850e+02 2.80195259e+00
6.895570e+02 2.27455809e+00
6.900800e+02 1.82174103e+00
6.905010e+02 1.55534522e+00
6.911370e+02 1.25734783e+00
6.914450e+02 1.14703984e+00
6.921940e+02 9.36610903e-01
6.923890e+02 8.96603072e-01
6.942770e+02 6.08609496e-01
6.943080e+02 6.04844088e-01
6.961660e+02 4.62664202e-01
6.964220e+02 4.46492879e-01
6.980540e+02 3.75110797e-01
6.985360e+02 3.57249900e-01
6.999420e+02 3.18841754e-01
7.006500e+02 3.02125350e-01
7.018300e+02 2.80648516e-01
7.027640e+02 2.66380920e-01
7.056060e+02 2.35112192e-01
7.069920e+02 2.22592193e-01
7.093820e+02 2.07878530e-01
7.112200e+02 1.98811545e-01
7.154480e+02 1.83868913e-01
7.169350e+02 1.79745243e-01
7.196760e+02 1.74005192e-01
7.244870e+02 1.66771817e-01
7.281320e+02 1.62353060e-01
7.295700e+02 1.61173125e-01
7.320390e+02 1.59245885e-01
7.365880e+02 1.56707754e-01
7.450440e+02 1.53581144e-01
7.471440e+02 2.17469721e-01
7.500000e+02 3.05078000e-01
7.500070e+02 3.05292766e-01
7.535000e+02 4.12462372e-01
7.622490e+02 4.28980950e-01
7.698010e+02 4.45587063e-01
7.757120e+02 4.61242241e-01
7.773540e+02 4.65591220e-01
7.849060e+02 4.93625018e-01
7.886820e+02 5.14878725e-01
7.924580e+02 5.47830259e-01
7.962350e+02 6.09496812e-01
7.981230e+02 6.66426754e-01
8.000110e+02 7.65228712e-01
8.009550e+02 8.45538905e-01
8.018990e+02 9.64710829e-01
8.028430e+02 1.15337197e+00
8.037870e+02 1.47927731e+00
8.042590e+02 1.73987945e+00
8.047310e+02 2.11811440e+00
8.052030e+02 2.69686281e+00
8.056750e+02 3.64581492e+00
8.059110e+02 4.36490598e+00
8.061470e+02 5.35621136e+00
8.063830e+02 6.77245517e+00
8.066190e+02 8.88573364e+00
8.068550e+02 1.22108180e+01
8.070910e+02 1.77857192e+01
8.073270e+02 2.77970930e+01
8.074450e+02 3.57142046e+01
8.075630e+02 4.64909498e+01
8.077820e+02 7.40244906e+01
8.080000e+02 9.23407679e+01
8.082190e+02 7.39843660e+01
8.084370e+02 4.64515259e+01
8.085740e+02 3.42685690e+01
8.087100e+02 2.57620896e+01
8.089830e+02 1.56778945e+01
8.092560e+02 1.04352206e+01
8.095290e+02 7.45084927e+00
8.098020e+02 5.61500442e+00
8.100750e+02 4.41353906e+00
8.106210e+02 2.99681165e+00
8.111670e+02 2.22927559e+00
8.117130e+02 1.76896078e+00
8.128050e+02 1.26980281e+00
8.138970e+02 1.02049291e+00
8.149890e+02 8.79181376e-01
8.160810e+02 7.92014109e-01
8.171730e+02 7.34947984e-01
8.193570e+02 6.68444972e-01
8.215410e+02 6.34138524e-01
8.259090e+02 6.05925904e-01
8.302770e+02 6.00798191e-01
8.346450e+02 6.06496464e-01
8.433810e+02 6.39331406e-01
8.477490e+02 6.67864911e-01
8.521170e+02 7.09485825e-01
8.564850e+02 7.73746447e-01
8.608530e+02 8.82552979e-01
8.630370e+02 9.68865007e-01
8.647850e+02 1.06912818e+00
8.652210e+02 1.09414738e+00
8.674050e+02 1.28687700e+00
8.684970e+02 1.42502375e+00
8.695890e+02 1.60686379e+00
8.706810e+02 1.85299371e+00
8.717730e+02 2.19753984e+00
8.728650e+02 2.70014438e+00
8.739570e+02 3.47191988e+00
8.750000e+02 4.67982222e+00
8.750490e+02 4.73656970e+00
8.761410e+02 6.98655384e+00
8.766870e+02 8.80105655e+00
8.767500e+02 9.10121074e+00
8.772330e+02 1.14014171e+01
8.777790e+02 1.51998421e+01
8.783250e+02 2.07296015e+01
8.791630e+02 3.27866059e+01
8.800000e+02 4.07865445e+01
8.808380e+02 3.27122406e+01
8.816750e+02 2.06561109e+01
8.823500e+02 1.41107808e+01
8.830240e+02 1.00088176e+01
8.836980e+02 7.41709048e+00
8.843730e+02 5.72132869e+00
8.857220e+02 3.75413959e+00
8.870700e+02 2.71891715e+00
8.878560e+02 2.36657828e+00
8.884190e+02 2.11420327e+00
8.897680e+02 1.73247374e+00
8.924660e+02 1.29742464e+00
8.951630e+02 1.06886136e+00
8.978610e+02 9.34187674e-01
9.005590e+02 8.48126583e-01
9.032560e+02 7.89705683e-01
9.086520e+02 7.17408857e-01
9.140470e+02 6.75647621e-01
9.194420e+02 6.48979805e-01
9.248380e+02 6.30617044e-01
9.356280e+02 6.06908169e-01
9.375000e+02 6.04304838e-01
9.464190e+02 5.91986085e-01
9.572090e+02 5.81289345e-01
9.680000e+02 8.11645408e-01
1.000000e+03 1.02766514e+00
1.040040e+03 1.00629249e+00
1.080080e+03 9.85726519e-01
1.120110e+03 9.66652638e-01
1.160150e+03 9.50649424e-01
1.176750e+03 9.45926853e-01
1.180170e+03 9.44964466e-01
1.200190e+03 9.42284664e-01
1.220210e+03 9.45000099e-01
1.240230e+03 9.58722222e-01
1.250240e+03 9.73696118e-01
1.260240e+03 9.98858187e-01
1.262750e+03 1.00753167e+00
1.265130e+03 1.01700837e+00
1.265250e+03 1.01748677e+00
1.266500e+03 1.02302347e+00
1.267750e+03 1.02896349e+00
1.269000e+03 1.03534795e+00
1.270250e+03 1.04221752e+00
1.271510e+03 1.04961851e+00
1.272760e+03 1.05759965e+00
1.274010e+03 1.06621834e+00
1.275260e+03 1.07553882e+00
1.276510e+03 1.08563314e+00
1.277760e+03 1.09658240e+00
1.280260e+03 1.12142939e+00
1.281250e+03 1.13309151e+00
1.282770e+03 1.15127241e+00
1.285270e+03 1.18719375e+00
1.287770e+03 1.23064107e+00
1.290270e+03 1.28374651e+00
1.292780e+03 1.34956697e+00
1.295280e+03 1.43233049e+00
1.297780e+03 1.53827024e+00
1.300280e+03 1.67668398e+00
1.302790e+03 1.86204232e+00
1.305290e+03 2.11735822e+00
1.307790e+03 2.48162297e+00
1.310290e+03 3.02382470e+00
1.312790e+03 3.87397715e+00
1.315300e+03 5.29006191e+00
1.317800e+03 7.80815911e+00
1.319050e+03 9.77979650e+00
1.320300e+03 1.24398832e+01
1.322650e+03 1.92551461e+01
1.325000e+03 2.37090114e+01
1.327400e+03 1.90168284e+01
1.329800e+03 1.21157541e+01
1.332420e+03 7.46194835e+00
1.335040e+03 5.00412097e+00
1.337650e+03 3.64719722e+00
1.340270e+03 2.84216329e+00
1.342890e+03 2.33225034e+00
1.345510e+03 1.99123535e+00
1.350740e+03 1.57995968e+00
1.353500e+03 1.45974059e+00
1.355980e+03 1.35173569e+00
1.361220e+03 1.21222654e+00
1.371690e+03 1.05711370e+00
1.382160e+03 9.76528858e-01
1.392630e+03 9.28549433e-01
1.397690e+03 9.13317619e-01
1.403100e+03 8.97083094e-01
1.413580e+03 8.74851930e-01
1.434520e+03 8.44967950e-01
1.441880e+03 8.37923175e-01
1.455460e+03 8.25161436e-01
1.476410e+03 8.10273465e-01
1.486060e+03 8.04616705e-01
1.497350e+03 7.98408612e-01
1.530250e+03 7.83497054e-01
1.539240e+03 7.79916465e-01
1.552340e+03 7.75536037e-01
1.562500e+03 7.72859412e-01
1.567800e+03 7.71914029e-01
1.567830e+03 7.71909178e-01
1.574440e+03 7.70755088e-01
1.581130e+03 7.70464933e-01
1.596530e+03 7.70267314e-01
1.608030e+03 7.73239942e-01
1.618630e+03 7.76064940e-01
1.623010e+03 7.79018183e-01
1.629670e+03 7.83618194e-01
1.640720e+03 7.96989418e-01
1.651770e+03 8.20838218e-01
1.662810e+03 8.65981356e-01
1.664900e+03 8.80412915e-01
1.668340e+03 9.04209750e-01
1.671100e+03 9.29954049e-01
1.673590e+03 9.58818737e-01
1.673860e+03 9.61951080e-01
1.675240e+03 9.80946088e-01
1.676620e+03 1.00237080e+00
1.678000e+03 1.02664655e+00
1.679380e+03 1.05429170e+00
1.680080e+03 1.06958184e+00
1.680770e+03 1.08594401e+00
1.681460e+03 1.10353043e+00
1.682150e+03 1.12240681e+00
1.683530e+03 1.16468337e+00
1.684910e+03 1.21402181e+00
1.686290e+03 1.27215103e+00
1.687670e+03 1.34120603e+00
1.689050e+03 1.42406232e+00
1.690430e+03 1.52460767e+00
1.691810e+03 1.64817509e+00
1.693190e+03 1.80225942e+00
1.694570e+03 1.99761028e+00
1.695950e+03 2.24988624e+00
1.697340e+03 2.58352467e+00
1.698720e+03 3.03625976e+00
1.700100e+03 3.67002111e+00
1.701480e+03 4.58977556e+00
1.702860e+03 5.98596722e+00
1.704240e+03 8.21134122e+00
1.705620e+03 1.19347616e+01
1.707000e+03 1.82794121e+01
1.708500e+03 2.88042171e+01
1.710000e+03 3.57896268e+01
1.711500e+03 2.87425981e+01
1.713000e+03 1.82185815e+01
1.714120e+03 1.28309291e+01
1.715240e+03 9.34025263e+00
1.716360e+03 7.06890925e+00
1.717490e+03 5.54824322e+00
1.719730e+03 3.74246433e+00
1.721970e+03 2.77028110e+00
1.724210e+03 2.19375480e+00
1.726450e+03 1.82621566e+00
1.730940e+03 1.40313550e+00
1.735420e+03 1.17866621e+00
1.739150e+03 1.06807989e+00
1.739910e+03 1.04555540e+00
1.744390e+03 9.60099328e-01
1.748680e+03 9.04436006e-01
1.748880e+03 9.01842656e-01
1.757840e+03 8.29440270e-01
1.766810e+03 7.87338149e-01
1.775780e+03 7.60261281e-01
1.784750e+03 7.41469070e-01
1.802690e+03 7.16877032e-01
1.820630e+03 7.00977360e-01
1.832450e+03 6.93265533e-01
1.838560e+03 6.89304535e-01
1.843750e+03 6.86598608e-01
1.856500e+03 6.80492731e-01
1.870270e+03 6.75244583e-01
1.892380e+03 6.67101360e-01
1.916230e+03 6.59853236e-01
1.928250e+03 6.56230368e-01
1.964130e+03 6.46517789e-01
2.000000e+03 6.37397394e-01
2.065490e+03 6.21783050e-01
2.125000e+03 6.08068869e-01
2.130990e+03 6.06950511e-01
2.132520e+03 6.06670923e-01
2.175940e+03 5.99109744e-01
2.196480e+03 5.95612047e-01
2.261970e+03 5.84603911e-01
2.263910e+03 5.84281193e-01
2.351880e+03 5.70108185e-01
2.392950e+03 5.63803553e-01
2.394770e+03 5.63526330e-01
2.395860e+03 5.63375158e-01
2.439840e+03 5.57701382e-01
2.483830e+03 5.52807193e-01
2.523940e+03 5.49814748e-01
2.527810e+03 5.49529130e-01
2.549810e+03 5.49109019e-01
2.571800e+03 5.50227723e-01
2.593790e+03 5.54143029e-01
2.615780e+03 5.63727883e-01
2.626780e+03 5.72667368e-01
2.637770e+03 5.86773568e-01
2.648770e+03 6.10005024e-01
2.654270e+03 6.27401988e-01
2.657020e+03 6.38260667e-01
2.658390e+03 6.44375699e-01
2.659770e+03 6.50998593e-01
2.661140e+03 6.58199787e-01
2.662520e+03 6.66030348e-01
2.663890e+03 6.74580121e-01
2.665260e+03 6.83920375e-01
2.666640e+03 6.94162807e-01
2.668010e+03 7.05410429e-01
2.669390e+03 7.17810863e-01
2.670760e+03 7.31505236e-01
2.673510e+03 7.63579248e-01
2.676260e+03 8.03549533e-01
2.679010e+03 8.54164297e-01
2.681760e+03 9.19449872e-01
2.684510e+03 1.00548387e+00
2.687260e+03 1.12174883e+00
2.687500e+03 1.13587376e+00
2.690010e+03 1.28368599e+00
2.692750e+03 1.51709957e+00
2.695500e+03 1.86752968e+00
2.698250e+03 2.41816749e+00
2.701000e+03 3.32184953e+00
2.703750e+03 4.82691697e+00
2.706880e+03 7.40969472e+00
2.710000e+03 9.12111850e+00
2.713130e+03 7.38883934e+00
2.716250e+03 4.80601932e+00
2.718480e+03 3.53290901e+00
2.720710e+03 2.69093018e+00
2.722940e+03 2.13334237e+00
2.725170e+03 1.75474954e+00
2.729630e+03 1.29844137e+00
2.734090e+03 1.04920160e+00
2.738550e+03 8.99910907e-01
2.743010e+03 8.03978906e-01
2.751930e+03 6.92581446e-01
2.760860e+03 6.32841838e-01
2.769780e+03 5.97011638e-01
2.778700e+03 5.73706720e-01
2.785910e+03 5.60671474e-01
2.787620e+03 5.57580979e-01
2.805460e+03 5.36992341e-01
2.823300e+03 5.24440656e-01
2.841140e+03 5.15882405e-01
2.858990e+03 5.09528287e-01
2.894670e+03 5.00285560e-01
2.930350e+03 4.93362050e-01
2.966040e+03 4.87558774e-01
3.001720e+03 4.82364137e-01
3.047880e+03 4.76250854e-01
3.073090e+03 4.72924944e-01
3.144450e+03 4.64129603e-01
3.178860e+03 4.60031103e-01
3.181520e+03 4.59715721e-01
3.215820e+03 4.55909194e-01
3.250000e+03 4.52192202e-01
3.287190e+03 4.48971987e-01
3.309840e+03 4.47049758e-01
3.429920e+03 4.36972937e-01
3.440830e+03 4.36069974e-01
3.571810e+03 4.25482406e-01
3.572660e+03 4.25416156e-01
3.637310e+03 4.20426675e-01
3.702800e+03 4.15616456e-01
3.706020e+03 4.15402050e-01
3.768290e+03 4.11554126e-01
3.812500e+03 4.09449620e-01
3.833780e+03 4.08715282e-01
3.858130e+03 4.08391787e-01
3.866530e+03 4.08285405e-01
3.899270e+03 4.08759307e-01
3.932020e+03 4.10848396e-01
3.964770e+03 4.16214769e-01
3.981140e+03 4.21296609e-01
3.997510e+03 4.29366062e-01
4.013890e+03 4.42715927e-01
4.022070e+03 4.52738674e-01
4.030260e+03 4.66339783e-01
4.032310e+03 4.70490576e-01
4.034350e+03 4.75011096e-01
4.036400e+03 4.79943326e-01
4.038450e+03 4.85334802e-01
4.040490e+03 4.91249187e-01
4.042540e+03 4.97746379e-01
4.044590e+03 5.04910942e-01
4.046630e+03 5.12827440e-01
4.048680e+03 5.21609519e-01
4.050730e+03 5.31379965e-01
4.052770e+03 5.42290226e-01
4.054820e+03 5.54511580e-01
4.058910e+03 5.83821528e-01
4.063000e+03 6.21651729e-01
4.067100e+03 6.71553969e-01
4.071190e+03 7.39033657e-01
4.075280e+03 8.33056794e-01
4.079380e+03 9.68754877e-01
4.083470e+03 1.17287781e+00
4.087560e+03 1.49421318e+00
4.091660e+03 2.02297337e+00
4.095750e+03 2.90637846e+00
4.100380e+03 4.41547928e+00
4.105000e+03 5.41551554e+00
4.109630e+03 4.40328575e+00
4.114250e+03 2.89397719e+00
4.117390e+03 2.18077377e+00
4.120520e+03 1.69865754e+00
4.123660e+03 1.37325191e+00
4.126790e+03 1.14888721e+00
4.133060e+03 8.74073723e-01
4.139330e+03 7.21483192e-01
4.143590e+03 6.58693128e-01
4.145600e+03 6.29067988e-01
4.151870e+03 5.69201444e-01
4.164410e+03 4.99106723e-01
4.176950e+03 4.61177493e-01
4.189490e+03 4.38257989e-01
4.202020e+03 4.23246363e-01
4.214560e+03 4.12783257e-01
4.239640e+03 3.99267639e-01
4.264720e+03 3.90879013e-01
4.286330e+03 3.85852513e-01
4.289800e+03 3.85047999e-01
4.314880e+03 3.80646691e-01
4.365030e+03 3.74069051e-01
4.375000e+03 3.73057989e-01
4.415190e+03 3.69602571e-01
4.429060e+03 3.68609721e-01
4.465340e+03 3.66073033e-01
4.515500e+03 3.91158279e-01
4.571800e+03 3.89336531e-01
4.643170e+03 3.87225700e-01
4.714530e+03 3.85406967e-01
4.755010e+03 3.84732343e-01
4.785900e+03 3.84346176e-01
4.821580e+03 3.84394088e-01
4.857270e+03 3.85107013e-01
4.892950e+03 3.87107383e-01
4.928630e+03 3.91957485e-01
4.946480e+03 3.96676307e-01
4.964320e+03 4.04573193e-01
4.982160e+03 4.18809967e-01
4.991080e+03 4.30480902e-01
4.995540e+03 4.38206758e-01
5.000000e+03 4.47694913e-01
5.003170e+03 4.55816940e-01
5.004760e+03 4.60399279e-01
5.006340e+03 4.65382254e-01
5.007930e+03 4.70812825e-01
5.009520e+03 4.76745129e-01
5.011100e+03 4.83241847e-01
5.012690e+03 4.90374657e-01
5.014270e+03 4.98228500e-01
5.015860e+03 5.06900695e-01
5.019030e+03 5.27183254e-01
5.022200e+03 5.52418684e-01
5.025380e+03 5.84295283e-01
5.028550e+03 6.25303394e-01
5.031720e+03 6.79105901e-01
5.034890e+03 7.51321418e-01
5.038060e+03 8.50748736e-01
5.041240e+03 9.91499331e-01
5.044410e+03 1.19638739e+00
5.047580e+03 1.50124301e+00
5.050750e+03 1.95399637e+00
5.055380e+03 2.90123124e+00
5.060000e+03 3.52966101e+00
5.062310e+03 3.34185514e+00
5.064630e+03 2.89505176e+00
5.069250e+03 1.94772427e+00
5.074530e+03 1.28056299e+00
5.079800e+03 9.35586964e-01
5.085080e+03 7.48293533e-01
5.090350e+03 6.38519395e-01
5.095630e+03 5.69560566e-01
5.100900e+03 5.23730924e-01
5.111450e+03 4.68773070e-01
5.122010e+03 4.38427491e-01
5.132560e+03 4.19920975e-01
5.153660e+03 3.99350292e-01
5.174760e+03 3.88624436e-01
5.195860e+03 3.82189543e-01
5.216960e+03 3.77916164e-01
5.238070e+03 3.74847507e-01
5.280270e+03 3.70620033e-01
5.322470e+03 3.67680892e-01
5.364680e+03 3.65369065e-01
5.406880e+03 3.63399339e-01
5.491290e+03 3.59990263e-01
5.500000e+03 3.59674808e-01
5.575700e+03 3.57758976e-01
5.660110e+03 3.55791818e-01
5.744510e+03 3.53916503e-01
5.804010e+03 3.52645014e-01
5.886620e+03 3.51075664e-01
5.913330e+03 3.50064646e-01
6.082140e+03 3.43774231e-01
6.419780e+03 3.31344315e-01
6.588590e+03 3.25192459e-01
6.625000e+03 3.23877825e-01
6.757410e+03 3.20131255e-01
6.926220e+03 3.15448913e-01
7.095040e+03 3.10952252e-01
7.179450e+03 3.08840401e-01
7.257750e+03 3.07041341e-01
7.263850e+03 3.06907250e-01
7.348260e+03 3.05362353e-01
7.432670e+03 3.04440142e-01
7.517080e+03 3.04971729e-01
7.559280e+03 3.06478341e-01
7.601490e+03 3.09821238e-01
7.622590e+03 3.12748127e-01
7.643690e+03 3.17124563e-01
7.648970e+03 3.18538104e-01
7.654240e+03 3.20115149e-01
7.659520e+03 3.21878562e-01
7.664790e+03 3.23856161e-01
7.670070e+03 3.26080188e-01
7.672710e+03 3.27296613e-01
7.675340e+03 3.28589549e-01
7.677980e+03 3.29965595e-01
7.680620e+03 3.31431270e-01
7.685890e+03 3.34661351e-01
7.691170e+03 3.38348763e-01
7.696440e+03 3.42576302e-01
7.701720e+03 3.47448282e-01
7.707000e+03 3.53090877e-01
7.717550e+03 3.67371495e-01
7.728100e+03 3.87263796e-01
7.738650e+03 4.15765467e-01
7.749200e+03 4.57803045e-01
7.750000e+03 4.62615393e-01
7.759750e+03 5.21321730e-01
7.770300e+03 6.17078968e-01
7.777730e+03 7.07858135e-01
7.785150e+03 8.11321736e-01
7.800000e+03 9.39177413e-01
7.807450e+03 8.99873105e-01
7.814900e+03 8.07399527e-01
7.829800e+03 6.12195971e-01
7.841520e+03 5.08369015e-01
7.853240e+03 4.42562580e-01
7.864970e+03 4.00534600e-01
7.876690e+03 3.72763932e-01
7.900130e+03 3.40117930e-01
7.902000e+03 3.38719735e-01
7.923580e+03 3.22606024e-01
7.947020e+03 3.12133619e-01
7.970460e+03 3.05324851e-01
8.017350e+03 2.97126501e-01
8.064240e+03 2.92346858e-01
8.111130e+03 2.89125934e-01
8.158010e+03 2.86713561e-01
8.204900e+03 2.84760988e-01
8.298680e+03 2.81597718e-01
8.392450e+03 2.78943254e-01
8.486230e+03 2.76539891e-01
8.580000e+03 2.98463043e-01
8.628870e+03 2.98118599e-01
8.875000e+03 2.96540404e-01
1.000000e+04 2.90989166e-01
1.140630e+04 2.73141450e-01
1.281250e+04 2.56852851e-01
1.562500e+04 2.32734325e-01
1.843750e+04 2.15636049e-01
2.000000e+04 2.07047745e-01
2.125000e+04 2.00199430e-01
2.640200e+04 1.80448391e-01
2.643200e+04 1.80340398e-01
2.687500e+04 1.78753997e-01
2.700670e+04 1.78369980e-01
2.758150e+04 1.76707498e-01
2.873100e+04 1.73446908e-01
3.103000e+04 1.67150711e-01
3.230100e+04 1.63781053e-01
3.230130e+04 1.63780231e-01
3.236160e+04 1.63622083e-01
3.250000e+04 1.63259858e-01
3.332900e+04 1.61554362e-01
3.341840e+04 1.61372062e-01
3.447530e+04 1.59239730e-01
3.562800e+04 1.56958951e-01
3.658900e+04 1.55090262e-01
3.812500e+04 1.52160201e-01
4.022600e+04 1.48252757e-01
4.081640e+04 1.47173544e-01
4.375000e+04 1.41919484e-01
4.482400e+04 1.40471199e-01
4.504380e+04 1.40177196e-01
4.927120e+04 1.34668365e-01
5.000000e+04 1.33761062e-01
5.402000e+04 1.28770126e-01
5.500000e+04 1.27583734e-01
5.772600e+04 1.25152153e-01
6.321600e+04 1.20436030e-01
6.618080e+04 1.17973684e-01
6.625000e+04 1.17916852e-01
7.750000e+04 1.08987787e-01
8.160800e+04 1.06711355e-01
8.309040e+04 1.05903526e-01
8.875000e+04 1.02877296e-01
1.000000e+05 9.70887134e-02
1.200000e+05 8.95164027e-02
1.250000e+05 8.77230824e-02
1.400000e+05 8.34257134e-02
1.500000e+05 8.07487849e-02
1.591800e+05 7.86360043e-02
1.591830e+05 7.86352838e-02
1.592030e+05 7.86307054e-02
1.600000e+05 7.84511585e-02
1.683410e+05 7.50290274e-02
1.700000e+05 7.43523423e-02
1.741700e+05 7.28200760e-02
1.800000e+05 7.06881829e-02
2.000000e+05 6.63522336e-02
2.092550e+05 6.43644426e-02
2.092560e+05 6.43642004e-02
2.092700e+05 6.43613161e-02
2.149400e+05 6.32066396e-02
2.200000e+05 6.22148380e-02
2.206110e+05 6.20986824e-02
2.250000e+05 6.12914365e-02
2.319520e+05 6.00759902e-02
2.375000e+05 5.91749048e-02
2.500000e+05 5.71448351e-02
2.546350e+05 5.64507425e-02
2.600000e+05 5.56955413e-02
2.750000e+05 5.37512400e-02
2.773170e+05 5.34783764e-02
3.000000e+05 5.09596486e-02
3.400000e+05 4.74265348e-02
3.500000e+05 4.65893685e-02
3.527730e+05 4.63636770e-02
3.697560e+05 4.51562995e-02
3.698000e+05 4.51532240e-02
3.823500e+05 4.42765460e-02
3.865300e+05 4.39872457e-02
3.949000e+05 4.34321658e-02
4.000000e+05 4.30983805e-02
4.055460e+05 4.27612040e-02
4.138980e+05 4.22619920e-02
4.139000e+05 4.22618757e-02
4.159980e+05 4.21382090e-02
4.165800e+05 4.21043234e-02
4.165810e+05 4.21042748e-02
4.166000e+05 4.21031680e-02
4.173520e+05 4.20597837e-02
4.200000e+05 4.19090509e-02
4.250000e+05 4.13205079e-02
4.270250e+05 4.10825429e-02
4.281700e+05 4.09484227e-02
4.281730e+05 4.09480713e-02
4.281930e+05 4.09457286e-02
4.291590e+05 4.08325757e-02
4.300000e+05 4.07356528e-02
4.374500e+05 3.98770652e-02
4.386590e+05 3.97382005e-02
4.387100e+05 3.97323783e-02
4.400000e+05 3.95853122e-02
4.417900e+05 3.93818011e-02
4.417950e+05 3.93812461e-02
4.475000e+05 3.87678453e-02
4.487900e+05 3.86291459e-02
4.500000e+05 3.84996796e-02
4.516820e+05 3.83202663e-02
4.527730e+05 3.82075752e-02
4.578090e+05 3.76944072e-02
4.583000e+05 3.76452409e-02
4.588710e+05 3.75882067e-02
4.600000e+05 3.74757867e-02
4.615700e+05 3.73201855e-02
4.617080e+05 3.73068013e-02
4.650000e+05 3.69889627e-02
4.667310e+05 3.68309926e-02
4.790320e+05 3.57153572e-02
4.813460e+05 3.55073149e-02
4.947960e+05 3.43748052e-02
5.000000e+05 3.39449723e-02
5.034170e+05 3.36633093e-02
5.100000e+05 3.31248742e-02
5.193550e+05 3.24239809e-02
5.208970e+05 3.23094041e-02
5.352000e+05 3.13037808e-02
5.457250e+05 3.05884140e-02
5.500470e+05 3.02981656e-02
5.517080e+05 3.01868662e-02
5.550000e+05 2.99677239e-02
5.557750e+05 2.99185208e-02
5.557760e+05 2.99184652e-02
5.596770e+05 2.96745216e-02
5.604480e+05 2.96266347e-02
5.935390e+05 2.76664777e-02
6.000000e+05 2.72889276e-02
6.250000e+05 2.67214940e-02
6.412340e+05 2.63692844e-02
6.486390e+05 2.62210544e-02
6.490200e+05 2.62137372e-02
6.722910e+05 2.57670685e-02
6.737000e+05 2.57416316e-02
6.928200e+05 2.53996374e-02
6.994280e+05 2.52815391e-02
7.000000e+05 2.52717555e-02
7.165140e+05 2.49924764e-02
7.231410e+05 2.48847127e-02
7.366790e+05 2.46729301e-02
7.411380e+05 2.46038955e-02
7.500000e+05 2.44709729e-02
7.538020e+05 2.44155369e-02
7.542040e+05 2.44096903e-02
7.698450e+05 2.41914955e-02
7.700460e+05 2.41887072e-02
8.000000e+05 2.37819908e-02
8.246480e+05 2.35346481e-02
8.850230e+05 2.29580334e-02
9.451910e+05 2.24175783e-02
9.519780e+05 2.23565221e-02
9.520200e+05 2.23561387e-02
9.644900e+05 2.22460882e-02
9.644930e+05 2.22460637e-02
9.760100e+05 2.21453035e-02
1.000000e+06 2.19363663e-02
1.034490e+06 2.14300780e-02
1.041530e+06 2.13271791e-02
1.053800e+06 2.11478435e-02
1.053840e+06 2.11472624e-02
1.061420e+06 2.10383138e-02
1.062500e+06 2.10228073e-02
1.066360e+06 2.09699731e-02
1.070180e+06 2.09176872e-02
1.078360e+06 2.08057262e-02
1.088360e+06 2.06699754e-02
1.093200e+06 2.06045471e-02
1.093240e+06 2.06039991e-02
1.094050e+06 2.05931030e-02
1.098830e+06 2.05305661e-02
1.102880e+06 2.04775821e-02
1.125000e+06 2.01904488e-02
1.125290e+06 2.01867372e-02
1.125300e+06 2.01866010e-02
1.132430e+06 2.00967694e-02
1.133880e+06 2.00786768e-02
1.133900e+06 2.00784275e-02
1.142240e+06 1.99746098e-02
1.151920e+06 1.98550388e-02
1.156140e+06 1.98032958e-02
1.156470e+06 1.97992499e-02
1.162920e+06 1.97221381e-02
1.171620e+06 1.96182059e-02
1.187650e+06 1.94300420e-02
1.188100e+06 1.94248488e-02
1.188110e+06 1.94247480e-02
1.191950e+06 1.93807504e-02
1.219050e+06 1.90705865e-02
1.250000e+06 1.87242554e-02
1.260400e+06 1.86485025e-02
1.260430e+06 1.86482950e-02
1.270760e+06 1.85732829e-02
1.290370e+06 1.84308901e-02
1.318150e+06 1.82300617e-02
1.318200e+06 1.82297092e-02
1.320320e+06 1.82151074e-02
1.325690e+06 1.81783622e-02
1.354630e+06 1.79803483e-02
1.363650e+06 1.79198400e-02
1.375000e+06 1.78443736e-02
1.380210e+06 1.78102937e-02
1.385380e+06 1.77767206e-02
1.396740e+06 1.77029536e-02
1.397760e+06 1.76964230e-02
1.408640e+06 1.76267675e-02
1.408700e+06 1.76263845e-02
1.409100e+06 1.76238266e-02
1.423680e+06 1.75330005e-02
1.426630e+06 1.75147531e-02
1.454350e+06 1.73434557e-02
1.463310e+06 1.72881335e-02
1.464280e+06 1.72821497e-02
1.483980e+06 1.71646727e-02
1.500000e+06 1.70696135e-02
1.516340e+06 1.68913016e-02
1.522800e+06 1.68212050e-02
1.522840e+06 1.68207672e-02
1.531610e+06 1.67278268e-02
1.556390e+06 1.64676924e-02
1.558980e+06 1.64407700e-02
1.569900e+06 1.63296918e-02
1.572510e+06 1.63033350e-02
1.572520e+06 1.63032453e-02
1.578220e+06 1.62458080e-02
1.581640e+06 1.62116532e-02
1.583470e+06 1.61934910e-02
1.595120e+06 1.60793746e-02
1.601440e+06 1.60179385e-02
1.612490e+06 1.59111976e-02
1.616530e+06 1.58724136e-02
1.620620e+06 1.58335036e-02
1.639130e+06 1.56586898e-02
1.643900e+06 1.56141377e-02
1.643930e+06 1.56138608e-02
1.643940e+06 1.56137718e-02
1.646760e+06 1.55875712e-02
1.649680e+06 1.55605428e-02
1.651260e+06 1.55459424e-02
1.651400e+06 1.55446458e-02
1.651410e+06 1.55445569e-02
1.651430e+06 1.55443748e-02
1.667370e+06 1.54004518e-02
1.667400e+06 1.54001705e-02
1.684230e+06 1.52499337e-02
1.686580e+06 1.52291460e-02
1.688430e+06 1.52128941e-02
1.691880e+06 1.51827086e-02
1.691900e+06 1.51825308e-02
1.693470e+06 1.51688361e-02
1.694980e+06 1.51557408e-02
1.701080e+06 1.51032150e-02
1.708940e+06 1.50358968e-02
1.715300e+06 1.49816759e-02
1.715310e+06 1.49815840e-02
1.721220e+06 1.49314310e-02
1.726970e+06 1.48827951e-02
1.729340e+06 1.48628081e-02
1.730410e+06 1.48538136e-02
1.732940e+06 1.48326175e-02
1.733410e+06 1.48286849e-02
1.733420e+06 1.48286112e-02
1.737260e+06 1.47966891e-02
1.738550e+06 1.47860056e-02
1.739630e+06 1.47770847e-02
1.743050e+06 1.47488764e-02
1.750000e+06 1.46917615e-02
1.750520e+06 1.46876774e-02
1.754620e+06 1.46558122e-02
1.765840e+06 1.45692308e-02
1.768920e+06 1.45454633e-02
1.768970e+06 1.45450810e-02
1.784440e+06 1.44263667e-02
1.784560e+06 1.44254458e-02
1.794190e+06 1.43527599e-02
1.797430e+06 1.43283048e-02
1.800720e+06 1.43036543e-02
1.802960e+06 1.42870626e-02
1.803260e+06 1.42848415e-02
1.819560e+06 1.41646033e-02
1.821960e+06 1.41470343e-02
1.824040e+06 1.41318737e-02
1.824840e+06 1.41260427e-02
1.825050e+06 1.41245188e-02
1.825700e+06 1.41198092e-02
1.833680e+06 1.40634985e-02
1.833700e+06 1.40633551e-02
1.837640e+06 1.40358201e-02
1.841840e+06 1.40064590e-02
1.844200e+06 1.39899859e-02
1.844250e+06 1.39896355e-02
1.845950e+06 1.39777746e-02
1.850270e+06 1.39476575e-02
1.850280e+06 1.39475878e-02
1.850510e+06 1.39459843e-02
1.854500e+06 1.39181660e-02
1.855110e+06 1.39139130e-02
1.856610e+06 1.39035354e-02
1.857650e+06 1.38963531e-02
1.860450e+06 1.38770625e-02
1.860460e+06 1.38769930e-02
1.860800e+06 1.38746504e-02
1.860840e+06 1.38743647e-02
1.866170e+06 1.38377133e-02
1.868270e+06 1.38234130e-02
1.878230e+06 1.37557263e-02
1.883180e+06 1.37220807e-02
1.892400e+06 1.36595976e-02
1.908980e+06 1.35506941e-02
1.911090e+06 1.35368651e-02
1.918820e+06 1.34862479e-02
1.919430e+06 1.34822527e-02
1.920540e+06 1.34749817e-02
1.920740e+06 1.34736714e-02
1.922120e+06 1.34646386e-02
1.931390e+06 1.34043147e-02
1.957330e+06 1.32355116e-02
1.972500e+06 1.31367707e-02
1.982250e+06 1.30748972e-02
1.984260e+06 1.30621918e-02
1.988880e+06 1.30331156e-02
1.988890e+06 1.30330526e-02
1.998840e+06 1.29704316e-02
2.000000e+06 1.29631304e-02
2.022660e+06 1.27649047e-02
2.059440e+06 1.24431592e-02
2.071700e+06 1.23377650e-02
2.074320e+06 1.23153692e-02
2.084760e+06 1.22261271e-02
2.099130e+06 1.21047649e-02
2.124960e+06 1.18869796e-02
2.124970e+06 1.18869003e-02
2.127180e+06 1.18684181e-02
2.137630e+06 1.17813684e-02
2.137730e+06 1.17805288e-02
2.138630e+06 1.17730528e-02
2.146270e+06 1.17096733e-02
2.151390e+06 1.16673473e-02
2.154610e+06 1.16407561e-02
2.154620e+06 1.16407000e-02
2.162250e+06 1.15778704e-02
2.162300e+06 1.15774510e-02
2.200540e+06 1.12655925e-02
2.200550e+06 1.12655364e-02
2.201630e+06 1.12568772e-02
2.201640e+06 1.12567976e-02
2.201900e+06 1.12547134e-02
2.250000e+06 1.08695238e-02
2.273990e+06 1.07194975e-02
2.274200e+06 1.07181857e-02
2.274250e+06 1.07178733e-02
2.276420e+06 1.07043147e-02
2.311780e+06 1.04834747e-02
2.312100e+06 1.04814773e-02
2.330650e+06 1.03656938e-02
2.350950e+06 1.02390412e-02
2.358080e+06 1.01945833e-02
2.371750e+06 1.01093462e-02
2.387100e+06 1.00136334e-02
2.406050e+06 9.89553999e-03
2.407950e+06 9.88370211e-03
2.467840e+06 9.51089120e-03
2.500000e+06 9.31069694e-03
2.508340e+06 9.26633414e-03
2.508350e+06 9.26628095e-03
2.508850e+06 9.26362131e-03
2.623200e+06 8.65542268e-03
2.688600e+06 8.32276693e-03
2.692250e+06 8.30423454e-03
2.727080e+06 8.12747016e-03
2.737570e+06 8.07567688e-03
2.740180e+06 8.06279578e-03
2.740190e+06 8.06274706e-03
2.750000e+06 8.01433632e-03
2.769180e+06 7.93426229e-03
2.773950e+06 7.91435299e-03
2.826700e+06 7.69430592e-03
2.826710e+06 7.69426409e-03
2.826910e+06 7.69343000e-03
2.846120e+06 7.61335038e-03
2.851300e+06 7.59177374e-03
2.913350e+06 7.34345325e-03
3.000000e+06 6.99716237e-03
3.168880e+06 6.32278179e-03
3.250000e+06 6.00689188e-03
3.365940e+06 5.55560923e-03
3.500000e+06 5.04955039e-03
3.731890e+06 4.42691407e-03
3.750000e+06 4.37886622e-03
4.000000e+06 3.82405165e-03
4.170550e+06 3.44996314e-03
4.366970e+06 3.02466464e-03
4.428690e+06 2.89107533e-03
4.451730e+06 2.84121599e-03
4.500000e+06 2.74162781e-03
4.683480e+06 2.45625666e-03
4.721900e+06 2.39652159e-03
4.750000e+06 2.35586750e-03
4.903470e+06 2.14704339e-03
4.981160e+06 2.04547649e-03
5.000000e+06 2.02101089e-03
5.040030e+06 1.97023294e-03
5.082850e+06 1.91667898e-03
5.095510e+06 1.90117730e-03
5.250000e+06 1.72334108e-03
5.443800e+06 1.50031648e-03
5.500000e+06 1.43684536e-03
5.502220e+06 1.43477452e-03
5.504100e+06 1.43303518e-03
5.520010e+06 1.41850222e-03
5.579810e+06 1.36969353e-03
5.721900e+06 1.25928691e-03
5.750000e+06 1.23795837e-03
6.000000e+06 1.05525558e-03
6.255930e+06 8.66582065e-04
6.281830e+06 8.48743987e-04
6.301520e+06 8.35539632e-04
6.341200e+06 8.08933337e-04
6.383330e+06 7.83140001e-04
6.500000e+06 7.14680703e-04
6.507560e+06 7.10627556e-04
6.569700e+06 6.77730148e-04
6.603030e+06 6.61201033e-04
6.611840e+06 6.56832294e-04
6.625680e+06 6.50283096e-04
6.664750e+06 6.32440707e-04
6.682400e+06 6.24380834e-04
6.952270e+06 5.12171543e-04
6.967750e+06 5.05735679e-04
7.000000e+06 4.93421039e-04
7.015130e+06 4.88689919e-04
7.038120e+06 4.81539142e-04
7.096280e+06 4.63969298e-04
7.139410e+06 4.51888109e-04
7.217110e+06 4.30389655e-04
7.275920e+06 4.14441262e-04
7.301510e+06 4.07673782e-04
7.331400e+06 3.99769912e-04
7.416270e+06 3.78047709e-04
7.453790e+06 3.68943432e-04
7.500000e+06 3.57801719e-04
7.527730e+06 3.51121400e-04
7.532760e+06 3.49910103e-04
7.569700e+06 3.41055420e-04
7.637960e+06 3.25196732e-04
7.650750e+06 3.22380706e-04
7.679570e+06 3.16035773e-04
7.738060e+06 3.04129872e-04
7.739870e+06 3.03790264e-04
7.794420e+06 2.93816783e-04
7.796030e+06 2.93531495e-04
7.815650e+06 2.90102616e-04
8.000000e+06 2.58586099e-04
8.069190e+06 2.40314284e-04
8.228390e+06 1.99945339e-04
8.250000e+06 1.94838533e-04
8.312690e+06 1.81665421e-04
8.342980e+06 1.75401424e-04
8.396860e+06 1.64526818e-04
8.477670e+06 1.48217838e-04
8.500000e+06 1.43777701e-04
8.517550e+06 1.40659217e-04
8.551890e+06 1.35355542e-04
8.619050e+06 1.26247412e-04
8.625370e+06 1.25449298e-04
8.750000e+06 1.09984594e-04
8.757240e+06 1.09128976e-04
8.793720e+06 1.04942737e-04
8.831010e+06 1.00663703e-04
8.888160e+06 9.41058515e-05
8.938060e+06 8.89730682e-05
9.000000e+06 8.26930973e-05
9.034590e+06 7.97033427e-05
9.095290e+06 7.52410926e-05
9.171490e+06 6.96396259e-05
9.250740e+06 6.40117289e-05
9.258780e+06 6.34494242e-05
9.396860e+06 5.50554139e-05
9.500000e+06 4.87857618e-05
9.517300e+06 4.78894082e-05
9.585750e+06 4.48248888e-05
9.625370e+06 4.31086862e-05
9.629390e+06 4.29365963e-05
9.692510e+06 4.06069129e-05
1.000000e+07 2.93566667e-05
1.025000e+07 2.14332769e-05
1.050000e+07 1.54861183e-05
1.075000e+07 1.17522858e-05
1.100000e+07 8.42909721e-06
1.125000e+07 6.47691593e-06
1.150000e+07 4.72027167e-06
1.175000e+07 3.70756415e-06
1.200000e+07 2.71275577e-06
1.225000e+07 2.11989755e-06
1.238750e+07 1.79949920e-06
1.250000e+07 1.54345643e-06
1.275000e+07 1.21681711e-06
1.277510e+07 1.18402387e-06
1.300000e+07 8.97711582e-07
1.316260e+07 7.76729936e-07
1.325000e+07 7.13532684e-07
1.350000e+07 5.32768885e-07
1.355010e+07 5.11059895e-07
1.375000e+07 4.27235953e-07
1.399190e+07 3.25803199e-07
1.400000e+07 3.22450871e-07
1.405020e+07 3.07649416e-07
1.423600e+07 2.58507696e-07
1.432490e+07 2.34995414e-07
1.432500e+07 2.34971659e-07
1.433980e+07 2.31205065e-07
1.437570e+07 2.22185092e-07
1.442000e+07 2.11764894e-07
1.447200e+07 2.01014580e-07
1.448410e+07 1.98513146e-07
1.450000e+07 1.95331383e-07
1.451260e+07 1.92895745e-07
1.453770e+07 1.88312403e-07
1.467970e+07 1.65824433e-07
1.474370e+07 1.55829431e-07
1.475140e+07 1.54688791e-07
1.494390e+07 1.28288321e-07
1.500000e+07 1.20594765e-07
1.501950e+07 1.17995453e-07
1.502510e+07 1.17257386e-07
1.502520e+07 1.17246824e-07
1.515990e+07 1.03605389e-07
1.516250e+07 1.03347994e-07
1.516530e+07 1.03089926e-07
1.535930e+07 8.63791988e-08
1.537570e+07 8.49851530e-08
1.541590e+07 8.17790556e-08
1.550000e+07 7.50720021e-08
1.551260e+07 7.40949899e-08
1.558120e+07 7.00116360e-08
1.578740e+07 5.86627849e-08
1.588780e+07 5.32036802e-08
1.600000e+07 4.71030833e-08
1.631820e+07 4.15245872e-08
1.650000e+07 3.83374203e-08
1.700000e+07 2.95719574e-08
1.750000e+07 2.43562876e-08
1.800000e+07 1.91406998e-08
1.850000e+07 1.56130736e-08
1.900000e+07 1.23651976e-08
2.000000e+07 6.31595577e-09
2.000890e+07 5.70817034e-09
2.010070e+07 4.34687739e-09
2.023380e+07 2.37315089e-09
2.037850e+07 9.06290412e-10
2.055850e+07 4.84904725e-10
2.080460e+07 2.14610154e-10
2.088910e+07 1.21802795e-10
2.100000e+07 0.00000000e+00
2.101250e+07 0.00000000e+00
2.102810e+07 0.00000000e+00
2.129390e+07 0.00000000e+00
2.134710e+07 0.00000000e+00
2.149220e+07 0.00000000e+00
2.179040e+07 0.00000000e+00
2.181590e+07 0.00000000e+00
2.187720e+07 0.00000000e+00
2.200000e+07 0.00000000e+00
2.202870e+07 0.00000000e+00
2.204530e+07 0.00000000e+00
2.209460e+07 0.00000000e+00
2.211320e+07 0.00000000e+00
2.212200e+07 0.00000000e+00
2.220000e+07 0.00000000e+00
2.300000e+07 0.00000000e+00
2.321320e+07 0.00000000e+00
2.329400e+07 0.00000000e+00
2.400000e+07 0.00000000e+00
2.424600e+07 0.00000000e+00
2.485560e+07 0.00000000e+00
2.500000e+07 0.00000000e+00
2.523930e+07 0.00000000e+00
2.524940e+07 0.00000000e+00
2.561250e+07 0.00000000e+00
2.565100e+07 0.00000000e+00
2.575650e+07 0.00000000e+00
2.592010e+07 0.00000000e+00
2.595990e+07 0.00000000e+00
2.600000e+07 0.00000000e+00
2.608770e+07 0.00000000e+00
2.616730e+07 0.00000000e+00
2.646440e+07 0.00000000e+00
2.647520e+07 0.00000000e+00
2.649490e+07 0.00000000e+00
2.651330e+07 0.00000000e+00
2.666480e+07 0.00000000e+00
2.682170e+07 0.00000000e+00
2.688770e+07 0.00000000e+00
2.700000e+07 0.00000000e+00
2.742970e+07 0.00000000e+00
2.743400e+07 0.00000000e+00
2.760840e+07 0.00000000e+00
2.775330e+07 0.00000000e+00
2.800000e+07 0.00000000e+00
2.805150e+07 0.00000000e+00
2.807730e+07 0.00000000e+00
2.816910e+07 0.00000000e+00
2.850290e+07 0.00000000e+00
2.851350e+07 0.00000000e+00
2.856350e+07 0.00000000e+00
2.872630e+07 0.00000000e+00
2.881970e+07 0.00000000e+00
2.888330e+07 0.00000000e+00
2.900000e+07 0.00000000e+00
2.922440e+07 0.00000000e+00
2.955510e+07 0.00000000e+00
2.991080e+07 0.00000000e+00
3.000000e+07 0.00000000e+00
3.011360e+07 0.00000000e+00
3.057250e+07 0.00000000e+00
3.092970e+07 0.00000000e+00
3.094360e+07 0.00000000e+00
3.100000e+07 0.00000000e+00
3.116750e+07 0.00000000e+00
3.191210e+07 0.00000000e+00
3.193680e+07 0.00000000e+00
3.200000e+07 0.00000000e+00
3.245170e+07 0.00000000e+00
3.272540e+07 0.00000000e+00
3.286480e+07 0.00000000e+00
3.300000e+07 0.00000000e+00
3.314440e+07 0.00000000e+00
3.354270e+07 0.00000000e+00
3.368070e+07 0.00000000e+00
3.368750e+07 0.00000000e+00
3.375140e+07 0.00000000e+00
3.393300e+07 0.00000000e+00
3.400000e+07 0.00000000e+00
3.428640e+07 0.00000000e+00
3.433830e+07 0.00000000e+00
3.440940e+07 0.00000000e+00
3.443000e+07 0.00000000e+00
3.444360e+07 0.00000000e+00
3.444540e+07 0.00000000e+00
3.458160e+07 0.00000000e+00
3.484830e+07 0.00000000e+00
3.500000e+07 0.00000000e+00
3.520040e+07 0.00000000e+00
3.526100e+07 0.00000000e+00
3.554470e+07 0.00000000e+00
3.567650e+07 0.00000000e+00
3.584290e+07 0.00000000e+00
3.600000e+07 0.00000000e+00
3.637460e+07 0.00000000e+00
3.658170e+07 0.00000000e+00
3.679450e+07 0.00000000e+00
3.700000e+07 0.00000000e+00
3.715160e+07 0.00000000e+00
3.734650e+07 0.00000000e+00
3.744110e+07 0.00000000e+00
3.745970e+07 0.00000000e+00
3.752190e+07 0.00000000e+00
3.754640e+07 0.00000000e+00
3.762710e+07 0.00000000e+00
3.786490e+07 0.00000000e+00
3.797890e+07 0.00000000e+00
3.800000e+07 0.00000000e+00
3.803020e+07 0.00000000e+00
3.832340e+07 0.00000000e+00
3.900000e+07 0.00000000e+00
3.901170e+07 0.00000000e+00
3.947430e+07 0.00000000e+00
3.970340e+07 0.00000000e+00
3.994160e+07 0.00000000e+00
4.000000e+07 0.00000000e+00
4.000490e+07 0.00000000e+00
4.002930e+07 0.00000000e+00
4.020190e+07 0.00000000e+00
4.024010e+07 0.00000000e+00
4.051660e+07 0.00000000e+00
4.059570e+07 0.00000000e+00
4.079700e+07 0.00000000e+00
4.084230e+07 0.00000000e+00
4.093270e+07 0.00000000e+00
4.098390e+07 0.00000000e+00
4.098810e+07 0.00000000e+00
4.100000e+07 0.00000000e+00
4.109470e+07 0.00000000e+00
4.110270e+07 0.00000000e+00
4.110660e+07 0.00000000e+00
4.173260e+07 0.00000000e+00
4.200000e+07 0.00000000e+00
4.212960e+07 0.00000000e+00
4.222120e+07 0.00000000e+00
4.237380e+07 0.00000000e+00
4.284240e+07 0.00000000e+00
4.300000e+07 0.00000000e+00
4.305520e+07 0.00000000e+00
4.326840e+07 0.00000000e+00
4.332890e+07 0.00000000e+00
4.400000e+07 0.00000000e+00
4.415690e+07 0.00000000e+00
4.416580e+07 0.00000000e+00
4.422940e+07 0.00000000e+00
4.424360e+07 0.00000000e+00
4.457030e+07 0.00000000e+00
4.500000e+07 0.00000000e+00
4.514640e+07 0.00000000e+00
4.527240e+07 0.00000000e+00
4.549840e+07 0.00000000e+00
4.593280e+07 0.00000000e+00
4.600000e+07 0.00000000e+00
4.700000e+07 0.00000000e+00
4.719340e+07 0.00000000e+00
4.729280e+07 0.00000000e+00
4.779760e+07 0.00000000e+00
4.779980e+07 0.00000000e+00
4.784010e+07 0.00000000e+00
4.800000e+07 0.00000000e+00
4.863340e+07 0.00000000e+00
4.900000e+07 0.00000000e+00
4.909840e+07 0.00000000e+00
4.917450e+07 0.00000000e+00
4.939670e+07 0.00000000e+00
4.942640e+07 0.00000000e+00
4.952890e+07 0.00000000e+00
4.958950e+07 0.00000000e+00
4.979110e+07 0.00000000e+00
5.000000e+07 0.00000000e+00
5.030130e+07 0.00000000e+00
5.063340e+07 0.00000000e+00
5.084630e+07 0.00000000e+00
5.090020e+07 0.00000000e+00
5.092650e+07 0.00000000e+00
5.100000e+07 0.00000000e+00
5.126740e+07 0.00000000e+00
5.200000e+07 0.00000000e+00
5.219340e+07 0.00000000e+00
5.222470e+07 0.00000000e+00
5.231130e+07 0.00000000e+00
5.286760e+07 0.00000000e+00
5.300000e+07 0.00000000e+00
5.306340e+07 0.00000000e+00
5.366890e+07 0.00000000e+00
5.382320e+07 0.00000000e+00
5.400000e+07 0.00000000e+00
5.407020e+07 0.00000000e+00
5.449460e+07 0.00000000e+00
5.476520e+07 0.00000000e+00
5.498430e+07 0.00000000e+00
5.500000e+07 0.00000000e+00
5.536050e+07 0.00000000e+00
5.543490e+07 0.00000000e+00
5.568290e+07 0.00000000e+00
5.577470e+07 0.00000000e+00
5.586750e+07 0.00000000e+00
5.600000e+07 0.00000000e+00
5.644020e+07 0.00000000e+00
5.648800e+07 0.00000000e+00
5.700000e+07 0.00000000e+00
5.707810e+07 0.00000000e+00
5.731970e+07 0.00000000e+00
5.735880e+07 0.00000000e+00
5.738030e+07 0.00000000e+00
5.771900e+07 0.00000000e+00
5.800000e+07 0.00000000e+00
5.848500e+07 0.00000000e+00
5.857170e+07 0.00000000e+00
5.899400e+07 0.00000000e+00
5.900000e+07 0.00000000e+00
5.929230e+07 0.00000000e+00
5.933500e+07 0.00000000e+00
5.956430e+07 0.00000000e+00
5.998410e+07 0.00000000e+00
6.000000e+07 0.00000000e+00
6.036570e+07 0.00000000e+00
6.049160e+07 0.00000000e+00
6.084360e+07 0.00000000e+00
6.100000e+07 0.00000000e+00
6.134810e+07 0.00000000e+00
6.162070e+07 0.00000000e+00
6.200000e+07 0.00000000e+00
6.238670e+07 0.00000000e+00
6.256200e+07 0.00000000e+00
6.300000e+07 0.00000000e+00
6.377470e+07 0.00000000e+00
6.400000e+07 0.00000000e+00
6.418650e+07 0.00000000e+00
6.477140e+07 0.00000000e+00
6.500000e+07 0.00000000e+00
6.559520e+07 0.00000000e+00
6.600000e+07 0.00000000e+00
6.636240e+07 0.00000000e+00
6.661620e+07 0.00000000e+00
6.693070e+07 0.00000000e+00
6.700000e+07 0.00000000e+00
6.754030e+07 0.00000000e+00
6.800000e+07 0.00000000e+00
6.843310e+07 0.00000000e+00
6.882210e+07 0.00000000e+00
6.900000e+07 0.00000000e+00
6.941130e+07 0.00000000e+00
7.000000e+07 0.00000000e+00
7.011000e+07 0.00000000e+00
7.093300e+07 0.00000000e+00
7.100000e+07 0.00000000e+00
7.146790e+07 0.00000000e+00
7.184200e+07 0.00000000e+00
7.189380e+07 0.00000000e+00
7.200000e+07 0.00000000e+00
7.300000e+07 0.00000000e+00
7.338570e+07 0.00000000e+00
7.353670e+07 0.00000000e+00
7.400000e+07 0.00000000e+00
7.463680e+07 0.00000000e+00
7.469300e+07 0.00000000e+00
7.500000e+07 0.00000000e+00
7.560750e+07 0.00000000e+00
7.600000e+07 0.00000000e+00
7.661250e+07 0.00000000e+00
7.680640e+07 0.00000000e+00
7.700000e+07 0.00000000e+00
7.704390e+07 0.00000000e+00
7.773100e+07 0.00000000e+00
7.800000e+07 0.00000000e+00
7.810180e+07 0.00000000e+00
7.900000e+07 0.00000000e+00
7.953500e+07 0.00000000e+00
7.987500e+07 0.00000000e+00
8.000000e+07 0.00000000e+00
8.100000e+07 0.00000000e+00
8.133300e+07 0.00000000e+00
8.200000e+07 0.00000000e+00
8.227490e+07 0.00000000e+00
8.300000e+07 0.00000000e+00
8.400000e+07 0.00000000e+00
8.498800e+07 0.00000000e+00
8.500000e+07 0.00000000e+00
8.600000e+07 0.00000000e+00
8.700000e+07 0.00000000e+00
8.800000e+07 0.00000000e+00
8.900000e+07 0.00000000e+00
9.000000e+07 0.00000000e+00
9.100000e+07 0.00000000e+00
9.200000e+07 0.00000000e+00
9.300000e+07 0.00000000e+00
9.400000e+07 0.00000000e+00
9.500000e+07 0.00000000e+00
9.600000e+07 0.00000000e+00
9.700000e+07 0.00000000e+00
9.800000e+07 0.00000000e+00
9.900000e+07 0.00000000e+00
1.000000e+08 0.00000000e+00
1.020000e+08 0.00000000e+00
1.040000e+08 0.00000000e+00
1.060000e+08 0.00000000e+00
1.080000e+08 0.00000000e+00
1.100000e+08 0.00000000e+00
1.120000e+08 0.00000000e+00
1.140000e+08 0.00000000e+00
1.160000e+08 0.00000000e+00
1.180000e+08 0.00000000e+00
1.200000e+08 0.00000000e+00
1.220000e+08 0.00000000e+00
1.240000e+08 0.00000000e+00
1.260000e+08 0.00000000e+00
1.280000e+08 0.00000000e+00
1.300000e+08 0.00000000e+00
1.320000e+08 0.00000000e+00
1.340000e+08 0.00000000e+00
1.360000e+08 0.00000000e+00
1.380000e+08 0.00000000e+00
1.400000e+08 0.00000000e+00
1.420000e+08 0.00000000e+00
1.440000e+08 0.00000000e+00
1.460000e+08 0.00000000e+00
1.480000e+08 0.00000000e+00
