13-Al_n-g
>  13-Al-27:1.000000
1.000000e-05 1.17428000e+01
1.250000e-05 1.05030000e+01
1.500000e-05 9.58792000e+00
2.000000e-05 8.30339000e+00
2.750000e-05 7.08115000e+00
3.500000e-05 6.27677000e+00
4.250000e-05 5.69608000e+00
5.000000e-05 5.25152000e+00
6.250000e-05 4.69710000e+00
7.500000e-05 4.28785000e+00
1.000000e-04 3.71339000e+00
1.250000e-04 3.32135000e+00
1.500000e-04 3.03197000e+00
2.000000e-04 2.62576000e+00
2.750000e-04 2.23926000e+00
3.500000e-04 1.98489000e+00
4.250000e-04 1.80126000e+00
5.000000e-04 1.66068000e+00
6.250000e-04 1.48535000e+00
7.500000e-04 1.35594000e+00
1.000000e-03 1.17428000e+00
1.250000e-03 1.05030000e+00
1.500000e-03 9.58792000e-01
2.000000e-03 8.30338000e-01
2.750000e-03 7.08115000e-01
3.500000e-03 6.27676000e-01
4.250000e-03 5.69607000e-01
5.000000e-03 5.25152000e-01
6.250000e-03 4.69710000e-01
7.500000e-03 4.28784000e-01
1.000000e-02 3.71338000e-01
1.250000e-02 3.32134000e-01
1.500000e-02 3.03196000e-01
2.000000e-02 2.62575000e-01
2.530000e-02 2.33457000e-01
3.147500e-02 2.09307000e-01
3.765000e-02 1.91375000e-01
5.000000e-02 1.66066000e-01
6.250000e-02 1.48533000e-01
7.500000e-02 1.35591000e-01
1.000000e-01 1.17425000e-01
1.250000e-01 1.05027000e-01
1.500000e-01 9.58759000e-02
2.000000e-01 8.30300000e-02
2.750000e-01 7.08070000e-02
3.500000e-01 6.27627000e-02
5.000000e-01 5.25092000e-02
7.500000e-01 4.28711000e-02
1.000000e+00 3.71254000e-02
1.500000e+00 3.03093000e-02
2.000000e+00 2.62456000e-02
2.750000e+00 2.23785000e-02
3.500000e+00 1.98330000e-02
5.000000e+00 1.65878000e-02
7.500000e+00 1.35362000e-02
1.000000e+01 1.17160000e-02
1.500000e+01 9.55522000e-03
2.000000e+01 8.26572000e-03
2.750000e+01 7.03716000e-03
3.500000e+01 6.22734000e-03
5.000000e+01 5.19291000e-03
7.500000e+01 4.21700000e-03
1.000000e+02 3.63264000e-03
1.500000e+02 2.93560000e-03
2.000000e+02 2.51728000e-03
2.750000e+02 2.11675000e-03
3.500000e+02 1.85169000e-03
5.000000e+02 1.51250000e-03
7.500000e+02 1.19410000e-03
1.000000e+03 1.00675000e-03
1.500000e+03 7.92055000e-04
2.000000e+03 6.72763000e-04
2.750000e+03 5.73182000e-04
3.500000e+03 5.27724000e-04
4.250000e+03 5.38765000e-04
4.625000e+03 5.92565000e-04
5.000000e+03 7.55538000e-04
5.224010e+03 1.02189000e-03
5.336010e+03 1.29296000e-03
5.448020e+03 1.79227000e-03
5.504020e+03 2.21521000e-03
5.560020e+03 2.86288000e-03
5.616020e+03 3.92618000e-03
5.672020e+03 5.85135000e-03
5.700020e+03 7.45954000e-03
5.728030e+03 9.89261000e-03
5.756030e+03 1.38259000e-02
5.784030e+03 2.07967000e-02
5.798030e+03 2.64993000e-02
5.812030e+03 3.49535000e-02
5.826030e+03 4.82523000e-02
5.840030e+03 7.09099000e-02
5.854030e+03 1.14177000e-01
5.861030e+03 1.52214000e-01
5.868030e+03 2.12551000e-01
5.875030e+03 3.16017000e-01
5.882030e+03 5.13029000e-01
5.885530e+03 6.83208000e-01
5.889030e+03 9.43779000e-01
5.892530e+03 1.35708000e+00
5.896030e+03 2.01780000e+00
5.900360e+03 3.22744000e+00
5.904680e+03 4.02756000e+00
5.909010e+03 3.21738000e+00
5.913330e+03 2.01103000e+00
5.917320e+03 1.28356000e+00
5.921310e+03 8.57561000e-01
5.925300e+03 6.03099000e-01
5.929290e+03 4.43484000e-01
5.937280e+03 2.65839000e-01
5.945260e+03 1.75926000e-01
5.953240e+03 1.24692000e-01
5.961220e+03 9.28913000e-02
5.977190e+03 5.72363000e-02
5.993150e+03 3.88025000e-02
6.009110e+03 2.80687000e-02
6.025080e+03 2.12783000e-02
6.041040e+03 1.67139000e-02
6.072970e+03 1.11499000e-02
6.104890e+03 8.01668000e-03
6.136820e+03 6.07944000e-03
6.168750e+03 4.79840000e-03
6.232600e+03 3.26213000e-03
6.296460e+03 2.41037000e-03
6.424160e+03 1.54631000e-03
6.551870e+03 1.13763000e-03
6.679580e+03 9.11744000e-04
6.935000e+03 6.82236000e-04
7.445830e+03 5.11393000e-04
7.956670e+03 4.47732000e-04
1.000000e+04 3.82298000e-04
1.500000e+04 4.09195000e-04
2.000000e+04 5.56105000e-04
2.215260e+04 6.86111000e-04
2.322900e+04 7.79762000e-04
2.376710e+04 8.37148000e-04
2.403620e+04 8.70133000e-04
2.417070e+04 8.92088000e-04
2.423800e+04 9.21405000e-04
2.427170e+04 1.00655000e-03
2.428010e+04 1.08917000e-03
2.428850e+04 1.31513000e-03
2.429270e+04 1.61697000e-03
2.429690e+04 2.41748000e-03
2.429900e+04 3.43884000e-03
2.430110e+04 5.97050000e-03
2.430210e+04 8.92803000e-03
2.430320e+04 1.53859000e-02
2.430370e+04 2.19488000e-02
2.430420e+04 3.35440000e-02
2.430450e+04 4.34005000e-02
2.430480e+04 5.72094000e-02
2.430500e+04 7.75883000e-02
2.430530e+04 1.07606000e-01
2.430570e+04 1.72141000e-01
2.430610e+04 2.14907000e-01
2.430650e+04 1.71243000e-01
2.430680e+04 1.06911000e-01
2.430710e+04 7.61762000e-02
2.430740e+04 5.56375000e-02
2.430770e+04 4.19059000e-02
2.430790e+04 3.25083000e-02
2.430850e+04 2.10871000e-02
2.430900e+04 1.47956000e-02
2.431010e+04 8.56868000e-03
2.431120e+04 5.73281000e-03
2.431330e+04 3.31514000e-03
2.431550e+04 2.34310000e-03
2.431980e+04 1.58345000e-03
2.432410e+04 1.29857000e-03
2.433280e+04 1.08637000e-03
2.434140e+04 1.01017000e-03
2.437600e+04 9.38129000e-04
2.444510e+04 9.27768000e-04
2.458330e+04 9.41976000e-04
2.485970e+04 9.81432000e-04
2.541250e+04 1.07300000e-03
2.651810e+04 1.31101000e-03
2.762380e+04 1.65748000e-03
2.872940e+04 2.18782000e-03
2.983510e+04 3.05391000e-03
3.038790e+04 3.70456000e-03
3.094070e+04 4.59022000e-03
3.149350e+04 5.82728000e-03
3.204640e+04 7.59941000e-03
3.259920e+04 1.01858000e-02
3.315200e+04 1.39430000e-02
3.399000e+04 2.19303000e-02
3.482800e+04 2.68933000e-02
3.566550e+04 2.11713000e-02
3.650300e+04 1.31139000e-02
3.734660e+04 8.00672000e-03
3.819010e+04 5.18357000e-03
3.903370e+04 3.57309000e-03
3.987730e+04 2.59787000e-03
4.072080e+04 1.97276000e-03
4.156440e+04 1.55225000e-03
4.325150e+04 1.04491000e-03
4.493860e+04 7.66364000e-04
4.662580e+04 6.00094000e-04
5.000000e+04 4.26538000e-04
5.384980e+04 3.45227000e-04
5.769950e+04 3.21227000e-04
6.154930e+04 3.33301000e-04
6.539900e+04 3.79759000e-04
6.924880e+04 4.73818000e-04
7.309850e+04 6.53411000e-04
7.502340e+04 8.01578000e-04
7.694830e+04 1.01661000e-03
7.887310e+04 1.33537000e-03
8.079800e+04 1.80971000e-03
8.626800e+04 3.62423000e-03
8.870770e+04 3.23900000e-03
8.992760e+04 2.84843000e-03
9.053750e+04 2.92115000e-03
9.069000e+04 3.13448000e-03
9.084240e+04 3.68735000e-03
9.091870e+04 4.28972000e-03
9.099490e+04 5.43588000e-03
9.107120e+04 7.88198000e-03
9.110930e+04 1.01544000e-02
9.114740e+04 1.36821000e-02
9.119800e+04 2.05836000e-02
9.124850e+04 2.53753000e-02
9.129910e+04 2.08930000e-02
9.134960e+04 1.38818000e-02
9.139820e+04 9.48097000e-03
9.144670e+04 6.95153000e-03
9.149530e+04 5.46192000e-03
9.154380e+04 4.53446000e-03
9.164090e+04 3.50171000e-03
9.173800e+04 2.96953000e-03
9.198770e+04 2.35956000e-03
9.223740e+04 2.09261000e-03
9.273680e+04 1.80963000e-03
9.373570e+04 1.48541000e-03
9.573330e+04 1.08991000e-03
9.773090e+04 8.51935000e-04
9.872980e+04 7.78086000e-04
9.922920e+04 7.83715000e-04
9.947890e+04 9.28987000e-04
9.960370e+04 1.54869000e-03
9.966620e+04 3.91381000e-03
9.969740e+04 1.23484000e-02
9.971300e+04 3.91882000e-02
9.972080e+04 1.08445000e-01
9.972470e+04 2.36961000e-01
9.972660e+04 3.95383000e-01
9.972860e+04 7.24841000e-01
9.973170e+04 1.44699000e+00
9.973320e+04 1.15534000e+00
9.973480e+04 7.22852000e-01
9.973690e+04 3.81231000e-01
9.973890e+04 2.23544000e-01
9.974310e+04 1.00040000e-01
9.975140e+04 3.55506000e-02
9.976790e+04 1.11377000e-02
9.980110e+04 3.55811000e-03
9.986740e+04 1.44007000e-03
1.000000e+05 8.74272000e-04
1.002400e+05 7.22829000e-04
1.004800e+05 6.81791000e-04
1.009590e+05 6.43939000e-04
1.019180e+05 6.00828000e-04
1.028770e+05 5.73803000e-04
1.033560e+05 5.74645000e-04
1.035960e+05 6.19436000e-04
1.037160e+05 8.12858000e-04
1.037760e+05 1.56200000e-03
1.038060e+05 4.32755000e-03
1.038210e+05 1.37156000e-02
1.038280e+05 4.09321000e-02
1.038320e+05 9.94788000e-02
1.038340e+05 1.89104000e-01
1.038350e+05 4.09820000e-01
1.038380e+05 8.18529000e-01
1.038390e+05 6.52187000e-01
1.038400e+05 4.08025000e-01
1.038420e+05 1.88410000e-01
1.038430e+05 1.02201000e-01
1.038470e+05 4.25011000e-02
1.038540e+05 1.44923000e-02
1.038690e+05 4.59638000e-03
1.038970e+05 1.63915000e-03
1.039550e+05 8.29073000e-04
1.040700e+05 6.16010000e-04
1.043010e+05 5.58357000e-04
1.047620e+05 5.38534000e-04
1.056850e+05 5.27384000e-04
1.075300e+05 5.29674000e-04
1.112200e+05 6.34426000e-04
1.130650e+05 7.84280000e-04
1.149100e+05 1.11411000e-03
1.158330e+05 1.43962000e-03
1.167550e+05 2.01425000e-03
1.176780e+05 3.13404000e-03
1.181390e+05 4.09541000e-03
1.186000e+05 5.49839000e-03
1.200100e+05 1.09004000e-02
1.207150e+05 9.03556000e-03
1.214200e+05 5.88819000e-03
1.221800e+05 3.72024000e-03
1.229400e+05 2.56854000e-03
1.237000e+05 1.94146000e-03
1.244600e+05 1.58185000e-03
1.259800e+05 1.23869000e-03
1.275000e+05 1.12394000e-03
1.290200e+05 1.11681000e-03
1.305400e+05 1.17504000e-03
1.320600e+05 1.28188000e-03
1.335800e+05 1.42898000e-03
1.359180e+05 1.71289000e-03
1.382550e+05 2.00611000e-03
1.405930e+05 2.18690000e-03
1.429300e+05 2.14554000e-03
1.445390e+05 2.00165000e-03
1.453440e+05 1.94389000e-03
1.457460e+05 2.03932000e-03
1.459470e+05 2.44281000e-03
1.459970e+05 2.75706000e-03
1.460480e+05 3.37407000e-03
1.460980e+05 4.78059000e-03
1.461230e+05 6.18502000e-03
1.461480e+05 8.52290000e-03
1.462050e+05 1.55523000e-02
1.462340e+05 1.30001000e-02
1.462630e+05 8.77709000e-03
1.462870e+05 6.45003000e-03
1.463100e+05 5.00015000e-03
1.463570e+05 3.49979000e-03
1.464040e+05 2.81390000e-03
1.464510e+05 2.45321000e-03
1.466390e+05 1.94422000e-03
1.470140e+05 1.72183000e-03
1.477650e+05 1.56843000e-03
1.492670e+05 1.36680000e-03
1.522700e+05 1.11140000e-03
1.546450e+05 1.13523000e-03
1.558330e+05 1.34699000e-03
1.570200e+05 1.92089000e-03
1.578750e+05 2.64917000e-03
1.587300e+05 3.04602000e-03
1.604500e+05 1.67234000e-03
1.615880e+05 1.07458000e-03
1.627250e+05 7.80504000e-04
1.638630e+05 6.19882000e-04
1.650000e+05 5.21456000e-04
1.672750e+05 4.08256000e-04
1.695500e+05 3.45589000e-04
1.741000e+05 2.82951000e-04
1.786500e+05 2.63983000e-04
1.832000e+05 2.79007000e-04
1.877500e+05 3.39207000e-04
1.923000e+05 4.85439000e-04
1.945750e+05 6.20081000e-04
1.968500e+05 8.21811000e-04
2.002050e+05 1.24950000e-03
2.035600e+05 1.74613000e-03
2.036580e+05 2.37561000e-03
2.037070e+05 4.73720000e-03
2.037310e+05 1.30843000e-02
2.037440e+05 3.89178000e-02
2.037500e+05 1.02690000e-01
2.037530e+05 2.16747000e-01
2.037560e+05 6.00482000e-01
2.037590e+05 1.14996000e+00
2.037610e+05 5.53437000e-01
2.037640e+05 1.98072000e-01
2.037680e+05 9.43401000e-02
2.037740e+05 3.60623000e-02
2.037870e+05 1.21905000e-02
2.038120e+05 4.49882000e-03
2.038630e+05 2.31010000e-03
2.039640e+05 1.72420000e-03
2.041670e+05 1.56624000e-03
2.045740e+05 1.50621000e-03
2.053860e+05 1.42669000e-03
2.070110e+05 1.21668000e-03
2.102600e+05 7.88723000e-04
2.127670e+05 5.63344000e-04
2.152750e+05 4.19739000e-04
2.177820e+05 3.33354000e-04
2.190360e+05 3.10568000e-04
2.196620e+05 3.12579000e-04
2.199760e+05 3.44969000e-04
2.201320e+05 4.74196000e-04
2.202110e+05 9.52409000e-04
2.202500e+05 2.58856000e-03
2.202700e+05 7.41071000e-03
2.202790e+05 1.83589000e-02
2.202840e+05 3.54209000e-02
2.202890e+05 8.18349000e-02
2.202940e+05 1.64065000e-01
2.203000e+05 8.24701000e-02
2.203030e+05 4.46326000e-02
2.203070e+05 2.66373000e-02
2.203130e+05 1.20976000e-02
2.203270e+05 4.47940000e-03
2.203550e+05 1.55577000e-03
2.204100e+05 6.45859000e-04
2.205200e+05 3.92741000e-04
2.207400e+05 3.28886000e-04
2.211800e+05 3.24221000e-04
2.220590e+05 3.94524000e-04
2.224990e+05 4.96740000e-04
2.227190e+05 5.90894000e-04
2.229390e+05 7.44445000e-04
2.231590e+05 1.01590000e-03
2.233790e+05 1.55319000e-03
2.234890e+05 2.03599000e-03
2.235990e+05 2.80539000e-03
2.237090e+05 4.09525000e-03
2.238190e+05 6.31399000e-03
2.240550e+05 1.30620000e-02
2.241730e+05 1.09238000e-02
2.242910e+05 6.96843000e-03
2.244190e+05 4.18722000e-03
2.245460e+05 2.69840000e-03
2.246740e+05 1.87491000e-03
2.248010e+05 1.38678000e-03
2.250570e+05 8.71601000e-04
2.253120e+05 6.22729000e-04
2.255670e+05 4.84355000e-04
2.258220e+05 3.99408000e-04
2.263330e+05 3.04088000e-04
2.273530e+05 2.23078000e-04
2.283740e+05 1.87788000e-04
2.304160e+05 1.54180000e-04
2.324570e+05 1.36690000e-04
2.406240e+05 1.09920000e-04
2.487900e+05 1.18772000e-04
2.508310e+05 1.30835000e-04
2.528730e+05 1.57694000e-04
2.538940e+05 1.87560000e-04
2.549150e+05 2.55021000e-04
2.554250e+05 3.29596000e-04
2.559350e+05 4.86551000e-04
2.561910e+05 6.39974000e-04
2.564460e+05 9.10044000e-04
2.567010e+05 1.43359000e-03
2.568290e+05 1.87904000e-03
2.569560e+05 2.52016000e-03
2.571560e+05 3.92974000e-03
2.573560e+05 4.81572000e-03
2.575560e+05 3.84374000e-03
2.577560e+05 2.46434000e-03
2.579420e+05 1.63753000e-03
2.581280e+05 1.15929000e-03
2.583140e+05 8.78122000e-04
2.585000e+05 7.06807000e-04
2.588720e+05 5.33081000e-04
2.592440e+05 4.79312000e-04
2.596150e+05 5.19298000e-04
2.598010e+05 5.93492000e-04
2.599870e+05 7.43661000e-04
2.601730e+05 1.06867000e-03
2.603590e+05 1.92394000e-03
2.604520e+05 2.97737000e-03
2.605450e+05 5.43066000e-03
2.605920e+05 8.08737000e-03
2.606380e+05 1.33265000e-02
2.606610e+05 1.80347000e-02
2.606850e+05 2.54863000e-02
2.607080e+05 3.78935000e-02
2.607310e+05 5.89294000e-02
2.607560e+05 9.41474000e-02
2.607820e+05 1.17595000e-01
2.608070e+05 9.41030000e-02
2.608330e+05 5.89054000e-02
2.608630e+05 3.36698000e-02
2.608930e+05 2.08153000e-02
2.609220e+05 1.39164000e-02
2.609520e+05 9.91469000e-03
2.610120e+05 5.74597000e-03
2.610710e+05 3.76979000e-03
2.611900e+05 2.02969000e-03
2.613090e+05 1.31163000e-03
2.615480e+05 7.39654000e-04
2.617860e+05 5.21548000e-04
2.622620e+05 3.57674000e-04
2.627390e+05 2.99924000e-04
2.636910e+05 2.65411000e-04
2.646440e+05 2.65567000e-04
2.665500e+05 3.19625000e-04
2.670260e+05 3.58044000e-04
2.675030e+05 4.44523000e-04
2.677410e+05 5.46920000e-04
2.679790e+05 7.94567000e-04
2.680980e+05 1.08401000e-03
2.681580e+05 1.33463000e-03
2.682170e+05 1.72595000e-03
2.682770e+05 2.38589000e-03
2.683360e+05 3.60740000e-03
2.683660e+05 4.63639000e-03
2.683960e+05 6.17233000e-03
2.684260e+05 8.53092000e-03
2.684550e+05 1.21483000e-02
2.684950e+05 1.92536000e-02
2.685350e+05 2.39773000e-02
2.685750e+05 1.92420000e-02
2.686150e+05 1.21612000e-02
2.686510e+05 7.96719000e-03
2.686870e+05 5.48300000e-03
2.687230e+05 3.98138000e-03
2.687580e+05 3.03142000e-03
2.688300e+05 1.96509000e-03
2.689020e+05 1.42331000e-03
2.689730e+05 1.11381000e-03
2.690450e+05 9.22412000e-04
2.691880e+05 7.09452000e-04
2.694750e+05 5.41603000e-04
2.697610e+05 4.83704000e-04
2.709080e+05 4.65060000e-04
2.732000e+05 5.90923000e-04
2.749730e+05 7.31493000e-04
2.767450e+05 8.77697000e-04
2.785180e+05 9.74626000e-04
2.802900e+05 9.66773000e-04
2.838350e+05 7.05356000e-04
2.873800e+05 4.45197000e-04
2.903290e+05 3.13457000e-04
2.932780e+05 2.35652000e-04
2.962260e+05 1.90952000e-04
2.991750e+05 1.68293000e-04
3.021240e+05 1.64227000e-04
3.050730e+05 1.83275000e-04
3.080210e+05 2.45284000e-04
3.094960e+05 3.07948000e-04
3.109700e+05 4.06516000e-04
3.130100e+05 6.05465000e-04
3.150500e+05 7.26177000e-04
3.191300e+05 3.84558000e-04
3.207500e+05 2.79438000e-04
3.223700e+05 2.12683000e-04
3.256110e+05 1.41566000e-04
3.288510e+05 1.08639000e-04
3.320920e+05 9.20918000e-05
3.385720e+05 8.26347000e-05
3.418130e+05 9.29145000e-05
3.434330e+05 1.31436000e-04
3.442430e+05 2.67540000e-04
3.444460e+05 3.96001000e-04
3.446480e+05 7.23569000e-04
3.447490e+05 1.12079000e-03
3.448510e+05 2.03315000e-03
3.449010e+05 3.00815000e-03
3.449520e+05 4.89377000e-03
3.450020e+05 9.13810000e-03
3.450280e+05 1.33395000e-02
3.450530e+05 2.02527000e-02
3.450830e+05 3.23626000e-02
3.451120e+05 4.03883000e-02
3.451410e+05 3.23123000e-02
3.451710e+05 2.02514000e-02
3.452000e+05 1.25104000e-02
3.452300e+05 8.16902000e-03
3.452880e+05 4.13617000e-03
3.453470e+05 2.46966000e-03
3.454060e+05 1.64627000e-03
3.455230e+05 8.98423000e-04
3.456410e+05 5.82382000e-04
3.458760e+05 3.26703000e-04
3.461110e+05 2.28508000e-04
3.470500e+05 1.28599000e-04
3.489300e+05 1.08917000e-04
3.526890e+05 1.30803000e-04
3.545690e+05 1.57074000e-04
3.564480e+05 2.04264000e-04
3.573880e+05 2.46288000e-04
3.583280e+05 3.25311000e-04
3.587970e+05 4.05928000e-04
3.592670e+05 5.83343000e-04
3.595020e+05 7.82422000e-04
3.597370e+05 1.22132000e-03
3.599720e+05 2.55021000e-03
3.600900e+05 4.48361000e-03
3.601480e+05 6.37794000e-03
3.602070e+05 9.49177000e-03
3.603440e+05 1.94613000e-02
3.604130e+05 1.62264000e-02
3.604820e+05 1.03583000e-02
3.605460e+05 6.72219000e-03
3.606090e+05 4.59586000e-03
3.607360e+05 2.54830000e-03
3.609890e+05 1.25834000e-03
3.612430e+05 8.82190000e-04
3.614970e+05 7.40352000e-04
3.620040e+05 6.71906000e-04
3.625110e+05 7.07893000e-04
3.635260e+05 9.29229000e-04
3.645400e+05 1.35025000e-03
3.657500e+05 2.16469000e-03
3.668500e+05 2.83894000e-03
3.679500e+05 2.72065000e-03
3.691600e+05 1.88683000e-03
3.701500e+05 1.27520000e-03
3.712680e+05 8.57059000e-04
3.723850e+05 6.37245000e-04
3.735030e+05 5.44476000e-04
3.746200e+05 5.79560000e-04
3.753450e+05 7.13003000e-04
3.760700e+05 9.23827000e-04
3.768000e+05 9.31422000e-04
3.775300e+05 6.87414000e-04
3.784890e+05 4.49437000e-04
3.794480e+05 3.40338000e-04
3.804070e+05 2.91591000e-04
3.813660e+05 2.74663000e-04
3.823250e+05 2.83435000e-04
3.832840e+05 3.28284000e-04
3.842430e+05 4.52534000e-04
3.847230e+05 5.81264000e-04
3.849620e+05 6.74513000e-04
3.852020e+05 7.91806000e-04
3.854900e+05 9.62702000e-04
3.857780e+05 1.14248000e-03
3.863540e+05 1.27511000e-03
3.869300e+05 9.74483000e-04
3.875050e+05 6.56171000e-04
3.880050e+05 4.85308000e-04
3.885050e+05 3.83284000e-04
3.895060e+05 2.81199000e-04
3.915060e+05 2.17181000e-04
3.955080e+05 2.12377000e-04
3.995090e+05 2.55417000e-04
4.035100e+05 3.36536000e-04
4.051900e+05 3.84086000e-04
4.104700e+05 5.82272000e-04
4.157500e+05 7.30606000e-04
4.179020e+05 7.48915000e-04
4.189780e+05 8.52516000e-04
4.192470e+05 9.53865000e-04
4.195160e+05 1.18430000e-03
4.196510e+05 1.41938000e-03
4.197850e+05 1.84509000e-03
4.199200e+05 2.69671000e-03
4.199870e+05 3.44171000e-03
4.200540e+05 4.53795000e-03
4.201550e+05 6.88613000e-03
4.202550e+05 8.45717000e-03
4.203560e+05 6.88966000e-03
4.204560e+05 4.53345000e-03
4.205470e+05 3.12547000e-03
4.206390e+05 2.29419000e-03
4.207300e+05 1.79316000e-03
4.208210e+05 1.47614000e-03
4.210040e+05 1.11862000e-03
4.211870e+05 9.33343000e-04
4.215520e+05 7.53744000e-04
4.219170e+05 6.67974000e-04
4.233780e+05 5.28261000e-04
4.263000e+05 3.98524000e-04
4.295100e+05 3.03970000e-04
4.360100e+05 1.89916000e-04
4.425100e+05 1.30445000e-04
4.490100e+05 9.67538000e-05
4.555100e+05 7.68542000e-05
4.661130e+05 6.34675000e-05
4.687630e+05 6.52415000e-05
4.714140e+05 7.41168000e-05
4.727390e+05 8.63563000e-05
4.740640e+05 1.15791000e-04
4.747270e+05 1.48157000e-04
4.753900e+05 2.13138000e-04
4.757210e+05 2.72717000e-04
4.760520e+05 3.70076000e-04
4.763840e+05 5.40112000e-04
4.767150e+05 8.53083000e-04
4.773520e+05 1.88157000e-03
4.775110e+05 1.88951000e-03
4.776710e+05 1.68843000e-03
4.779890e+05 1.10263000e-03
4.783320e+05 6.68264000e-04
4.786740e+05 4.36484000e-04
4.790170e+05 3.10267000e-04
4.793590e+05 2.36733000e-04
4.800440e+05 1.61143000e-04
4.807290e+05 1.26452000e-04
4.820990e+05 9.97511000e-05
4.834690e+05 9.56193000e-05
4.848390e+05 1.05739000e-04
4.862090e+05 1.37981000e-04
4.868940e+05 1.72252000e-04
4.875790e+05 2.34016000e-04
4.882640e+05 3.53874000e-04
4.889490e+05 5.90548000e-04
4.889730e+05 6.01545000e-04
4.890450e+05 6.35207000e-04
4.891160e+05 6.69995000e-04
4.892590e+05 7.41307000e-04
4.895450e+05 8.72573000e-04
4.898310e+05 9.42739000e-04
4.901170e+05 9.13701000e-04
4.904160e+05 7.97551000e-04
4.912850e+05 4.30460000e-04
4.918590e+05 3.05053000e-04
4.923630e+05 2.51082000e-04
4.928670e+05 2.37111000e-04
4.933710e+05 2.78226000e-04
4.936230e+05 3.41918000e-04
4.938750e+05 4.66121000e-04
4.943750e+05 8.21959000e-04
4.946260e+05 6.90478000e-04
4.948760e+05 4.68396000e-04
4.951960e+05 2.93952000e-04
4.955170e+05 2.08895000e-04
4.958370e+05 1.64200000e-04
4.961570e+05 1.38224000e-04
4.967980e+05 1.10696000e-04
4.974380e+05 9.70531000e-05
5.000000e+05 7.99906000e-05
5.032800e+05 8.05652000e-05
5.074180e+05 9.42326000e-05
5.115550e+05 1.24088000e-04
5.136240e+05 1.50543000e-04
5.156930e+05 1.93150000e-04
5.177610e+05 2.68424000e-04
5.198300e+05 4.11853000e-04
5.212400e+05 5.71422000e-04
5.234300e+05 8.42665000e-04
5.236200e+05 8.59927000e-04
5.242650e+05 9.10663000e-04
5.249100e+05 9.53333000e-04
5.262000e+05 9.70512000e-04
5.270300e+05 8.65889000e-04
5.287700e+05 5.32090000e-04
5.300740e+05 3.66670000e-04
5.313780e+05 2.69373000e-04
5.326810e+05 2.10259000e-04
5.339850e+05 1.72285000e-04
5.365930e+05 1.28693000e-04
5.392000e+05 1.06525000e-04
5.425000e+05 9.52441000e-05
5.441500e+05 1.02947000e-04
5.449750e+05 1.38770000e-04
5.453880e+05 2.46511000e-04
5.455940e+05 5.14696000e-04
5.456970e+05 1.01866000e-03
5.457490e+05 1.66636000e-03
5.458000e+05 3.08285000e-03
5.458370e+05 4.83812000e-03
5.458750e+05 6.01081000e-03
5.459120e+05 4.88217000e-03
5.459490e+05 3.19700000e-03
5.459820e+05 2.22539000e-03
5.460160e+05 1.69622000e-03
5.460830e+05 1.39358000e-03
5.461490e+05 1.99241000e-03
5.461830e+05 3.05537000e-03
5.462160e+05 5.53083000e-03
5.462400e+05 8.51542000e-03
5.462640e+05 1.00127000e-02
5.463120e+05 4.80562000e-03
5.463410e+05 2.81519000e-03
5.463700e+05 1.81065000e-03
5.464270e+05 9.44798000e-04
5.465410e+05 4.35463000e-04
5.467690e+05 2.11204000e-04
5.472250e+05 1.26791000e-04
5.481370e+05 9.82273000e-05
5.499620e+05 9.13926000e-05
5.536110e+05 9.95474000e-05
5.572610e+05 1.21009000e-04
5.609100e+05 1.60201000e-04
5.695300e+05 3.12764000e-04
5.738450e+05 2.92329000e-04
5.781600e+05 2.39039000e-04
5.810500e+05 2.60073000e-04
5.824950e+05 3.20182000e-04
5.839400e+05 4.64328000e-04
5.850860e+05 6.94157000e-04
5.856600e+05 8.76997000e-04
5.859460e+05 1.09476000e-03
5.860180e+05 1.23922000e-03
5.860900e+05 1.53785000e-03
5.861610e+05 2.35493000e-03
5.861970e+05 3.39683000e-03
5.862330e+05 5.65236000e-03
5.862400e+05 6.35087000e-03
5.862630e+05 8.90068000e-03
5.862860e+05 1.03701000e-02
5.863120e+05 8.46752000e-03
5.863390e+05 5.64578000e-03
5.863730e+05 3.46731000e-03
5.864070e+05 2.43601000e-03
5.864760e+05 1.61652000e-03
5.865450e+05 1.32097000e-03
5.866140e+05 1.18452000e-03
5.868890e+05 1.00842000e-03
5.874390e+05 8.73608000e-04
5.885400e+05 5.97817000e-04
5.895850e+05 4.06139000e-04
5.906300e+05 2.92714000e-04
5.916750e+05 2.27604000e-04
5.921970e+05 2.09346000e-04
5.924590e+05 2.15075000e-04
5.925890e+05 2.68524000e-04
5.926540e+05 4.86829000e-04
5.926870e+05 1.29698000e-03
5.927030e+05 4.02485000e-03
5.927120e+05 1.19411000e-02
5.927160e+05 2.93843000e-02
5.927200e+05 1.20837000e-01
5.927220e+05 2.42206000e-01
5.927240e+05 1.21557000e-01
5.927290e+05 2.52484000e-02
5.927340e+05 9.94371000e-03
5.927430e+05 3.27598000e-03
5.927620e+05 1.06331000e-03
5.927990e+05 4.19285000e-04
5.928730e+05 2.43889000e-04
5.930210e+05 1.95331000e-04
5.933170e+05 1.77615000e-04
5.939100e+05 1.65772000e-04
5.950950e+05 1.62794000e-04
5.962800e+05 2.01472000e-04
5.968730e+05 2.68624000e-04
5.971690e+05 3.33697000e-04
5.974650e+05 4.36307000e-04
5.978520e+05 6.32709000e-04
5.982390e+05 7.57237000e-04
5.986260e+05 6.19042000e-04
5.990130e+05 4.21650000e-04
5.994970e+05 2.74302000e-04
5.999810e+05 2.02439000e-04
6.004650e+05 1.65220000e-04
6.009490e+05 1.44611000e-04
6.019180e+05 1.29973000e-04
6.024020e+05 1.49575000e-04
6.026440e+05 2.36416000e-04
6.027650e+05 5.17982000e-04
6.028250e+05 1.24822000e-03
6.028560e+05 2.61283000e-03
6.028710e+05 4.29762000e-03
6.028860e+05 7.79394000e-03
6.028980e+05 1.24138000e-02
6.029100e+05 1.55311000e-02
6.029220e+05 1.24772000e-02
6.029330e+05 7.84367000e-03
6.029520e+05 3.77501000e-03
6.029710e+05 2.12371000e-03
6.030090e+05 9.53556000e-04
6.030840e+05 3.93674000e-04
6.032350e+05 1.93410000e-04
6.035360e+05 1.32556000e-04
6.041380e+05 1.15541000e-04
6.053420e+05 1.13506000e-04
6.077500e+05 1.27087000e-04
6.094550e+05 1.43633000e-04
6.111600e+05 1.62094000e-04
6.145700e+05 1.76515000e-04
6.179800e+05 1.44709000e-04
6.213900e+05 1.11125000e-04
6.265780e+05 9.20011000e-05
6.317650e+05 1.04724000e-04
6.343590e+05 1.25646000e-04
6.369530e+05 1.63669000e-04
6.395460e+05 2.32543000e-04
6.421400e+05 3.57339000e-04
6.447200e+05 5.50812000e-04
6.473000e+05 6.85455000e-04
6.501750e+05 5.99667000e-04
6.519680e+05 6.01423000e-04
6.524700e+05 5.83404000e-04
6.537600e+05 4.49817000e-04
6.541440e+05 4.62972000e-04
6.543370e+05 5.69723000e-04
6.544330e+05 7.70681000e-04
6.544810e+05 1.00794000e-03
6.545290e+05 1.47609000e-03
6.546090e+05 2.60124000e-03
6.546500e+05 2.21462000e-03
6.546900e+05 1.58214000e-03
6.547240e+05 1.23754000e-03
6.547570e+05 1.04145000e-03
6.548240e+05 9.04527000e-04
6.548910e+05 9.75823000e-04
6.549580e+05 1.24869000e-03
6.550860e+05 2.02922000e-03
6.552150e+05 1.15678000e-03
6.553000e+05 7.47664000e-04
6.553850e+05 5.52157000e-04
6.555560e+05 3.89541000e-04
6.558970e+05 2.88216000e-04
6.565800e+05 2.24562000e-04
6.579450e+05 1.70470000e-04
6.606750e+05 1.17079000e-04
6.634050e+05 8.87296000e-05
6.661340e+05 7.15803000e-05
6.715940e+05 5.31310000e-05
6.770540e+05 4.48420000e-05
6.825140e+05 4.19604000e-05
6.879740e+05 4.36168000e-05
6.934340e+05 5.26168000e-05
6.961640e+05 6.43096000e-05
6.975290e+05 7.82627000e-05
6.982110e+05 1.05224000e-04
6.985520e+05 1.87059000e-04
6.987230e+05 4.52610000e-04
6.988080e+05 1.20116000e-03
6.988510e+05 2.79288000e-03
6.988940e+05 1.05775000e-02
6.989210e+05 1.96796000e-02
6.989480e+05 9.24328000e-03
6.989780e+05 3.57682000e-03
6.990070e+05 1.80561000e-03
6.990660e+05 7.41131000e-04
6.991830e+05 2.93598000e-04
6.994170e+05 1.47774000e-04
6.998860e+05 1.11453000e-04
7.008240e+05 1.17261000e-04
7.017620e+05 1.41105000e-04
7.027000e+05 1.83203000e-04
7.034490e+05 2.42934000e-04
7.041970e+05 3.59020000e-04
7.045710e+05 4.65394000e-04
7.049460e+05 6.42548000e-04
7.053200e+05 9.63885000e-04
7.056940e+05 1.58444000e-03
7.063420e+05 3.20084000e-03
7.066670e+05 2.70428000e-03
7.069910e+05 1.76989000e-03
7.073510e+05 1.10234000e-03
7.077100e+05 7.52319000e-04
7.080230e+05 5.81524000e-04
7.083350e+05 4.75430000e-04
7.089600e+05 3.58587000e-04
7.102100e+05 2.71682000e-04
7.114600e+05 2.68721000e-04
7.120850e+05 3.02848000e-04
7.127100e+05 3.87102000e-04
7.130770e+05 4.83663000e-04
7.134430e+05 6.50556000e-04
7.138100e+05 9.51935000e-04
7.141760e+05 1.49863000e-03
7.145400e+05 2.28216000e-03
7.147210e+05 2.56268000e-03
7.149030e+05 2.56848000e-03
7.152670e+05 1.89043000e-03
7.156310e+05 1.18258000e-03
7.159200e+05 8.28496000e-04
7.162100e+05 6.06819000e-04
7.167880e+05 3.70224000e-04
7.173670e+05 2.57747000e-04
7.179460e+05 1.96651000e-04
7.191030e+05 1.36753000e-04
7.202600e+05 1.11083000e-04
7.224900e+05 1.09544000e-04
7.230480e+05 1.26423000e-04
7.236050e+05 1.69024000e-04
7.241630e+05 2.98279000e-04
7.244410e+05 4.69210000e-04
7.245810e+05 6.17983000e-04
7.247200e+05 8.29578000e-04
7.249430e+05 1.23773000e-03
7.250550e+05 1.33817000e-03
7.251660e+05 1.27673000e-03
7.256120e+05 5.49516000e-04
7.258500e+05 3.55063000e-04
7.260880e+05 2.51442000e-04
7.263250e+05 1.92325000e-04
7.265630e+05 1.56063000e-04
7.270390e+05 1.16154000e-04
7.275140e+05 9.59249000e-05
7.284660e+05 7.69118000e-05
7.294170e+05 6.84872000e-05
7.332220e+05 5.92241000e-05
7.408310e+05 6.37541000e-05
7.484410e+05 8.58343000e-05
7.522450e+05 1.17038000e-04
7.541480e+05 1.49923000e-04
7.560500e+05 2.10634000e-04
7.593500e+05 3.51423000e-04
7.626500e+05 2.54762000e-04
7.627200e+05 2.53309000e-04
7.629360e+05 2.49486000e-04
7.631520e+05 2.46744000e-04
7.635840e+05 2.45092000e-04
7.644490e+05 2.67001000e-04
7.648810e+05 3.07749000e-04
7.653130e+05 4.16058000e-04
7.655290e+05 5.44752000e-04
7.657450e+05 8.26692000e-04
7.658530e+05 1.11018000e-03
7.659610e+05 1.62021000e-03
7.660690e+05 2.63875000e-03
7.661230e+05 3.52990000e-03
7.661770e+05 4.84511000e-03
7.662570e+05 7.63643000e-03
7.663370e+05 9.49000000e-03
7.664170e+05 7.62357000e-03
7.664980e+05 4.83661000e-03
7.665720e+05 3.15466000e-03
7.666450e+05 2.17192000e-03
7.667930e+05 1.21711000e-03
7.669410e+05 8.08463000e-04
7.670890e+05 6.02381000e-04
7.673850e+05 4.13820000e-04
7.676810e+05 3.35015000e-04
7.682720e+05 2.76284000e-04
7.688640e+05 2.61197000e-04
7.700470e+05 2.72764000e-04
7.712300e+05 3.13043000e-04
7.745900e+05 4.74431000e-04
7.779600e+05 4.42845000e-04
7.798140e+05 5.10181000e-04
7.805400e+05 5.65713000e-04
7.821040e+05 6.76026000e-04
7.843930e+05 6.42323000e-04
7.861100e+05 6.12066000e-04
7.867100e+05 5.95446000e-04
7.879530e+05 5.46768000e-04
7.891950e+05 4.86927000e-04
7.916800e+05 3.73310000e-04
7.952550e+05 2.60319000e-04
7.988300e+05 1.92817000e-04
8.051900e+05 1.35475000e-04
8.083630e+05 1.27668000e-04
8.115350e+05 1.35738000e-04
8.147080e+05 1.73343000e-04
8.162940e+05 2.15451000e-04
8.178800e+05 2.90668000e-04
8.185580e+05 3.43435000e-04
8.192360e+05 4.32165000e-04
8.195750e+05 5.17337000e-04
8.199140e+05 6.99632000e-04
8.200840e+05 8.99091000e-04
8.202540e+05 1.32036000e-03
8.203380e+05 1.73522000e-03
8.204230e+05 2.46984000e-03
8.205080e+05 3.90997000e-03
8.205930e+05 6.94130000e-03
8.206580e+05 1.08555000e-02
8.207230e+05 1.34041000e-02
8.207880e+05 1.07533000e-02
8.208530e+05 6.86817000e-03
8.209330e+05 4.00522000e-03
8.210130e+05 2.59195000e-03
8.211730e+05 1.42555000e-03
8.213320e+05 9.91415000e-04
8.214920e+05 7.88183000e-04
8.218110e+05 6.10185000e-04
8.221300e+05 5.33727000e-04
8.231930e+05 4.22722000e-04
8.242550e+05 3.45803000e-04
8.263800e+05 2.27725000e-04
8.287080e+05 1.54902000e-04
8.310350e+05 1.17519000e-04
8.333630e+05 9.82033000e-05
8.356900e+05 8.91389000e-05
8.403450e+05 9.39875000e-05
8.426730e+05 1.14162000e-04
8.438360e+05 1.34787000e-04
8.450000e+05 4.47650500e-04
8.480000e+05 7.23541000e-04
8.490000e+05 7.23055000e-04
8.500000e+05 7.22569000e-04
8.505000e+05 7.22326000e-04
8.510000e+05 7.22082000e-04
8.515000e+05 7.21839000e-04
8.520000e+05 7.21596000e-04
8.530000e+05 7.21110000e-04
8.540000e+05 7.20624000e-04
8.550000e+05 7.20137000e-04
8.560000e+05 7.19651000e-04
8.570000e+05 7.19165000e-04
8.590000e+05 7.18192000e-04
8.595000e+05 7.17949000e-04
8.600000e+05 7.17706000e-04
8.610000e+05 7.17220000e-04
8.620000e+05 7.16734000e-04
8.630000e+05 7.16247000e-04
8.640000e+05 7.15761000e-04
8.645000e+05 7.15518000e-04
8.650000e+05 7.15275000e-04
8.660000e+05 7.14788000e-04
8.680000e+05 7.13816000e-04
8.700000e+05 7.12843000e-04
8.720000e+05 7.11871000e-04
8.740000e+05 7.10898000e-04
8.750000e+05 7.10412000e-04
8.752920e+05 7.10270000e-04
8.752930e+05 7.10270000e-04
8.760000e+05 7.09926000e-04
8.770000e+05 7.09439000e-04
8.780000e+05 7.08953000e-04
8.820000e+05 7.07008000e-04
8.850000e+05 7.05549000e-04
8.900000e+05 7.03118000e-04
8.950000e+05 7.00687000e-04
9.000000e+05 6.98255000e-04
9.050000e+05 6.96564000e-04
9.080000e+05 6.95549000e-04
9.100000e+05 6.94873000e-04
9.120000e+05 6.94196000e-04
9.140000e+05 6.93520000e-04
9.150000e+05 6.93182000e-04
9.155000e+05 6.93012000e-04
9.160000e+05 6.92843000e-04
9.165000e+05 6.92674000e-04
9.170000e+05 6.92505000e-04
9.180000e+05 6.92167000e-04
9.190000e+05 6.91829000e-04
9.200000e+05 6.91490000e-04
9.210000e+05 6.91152000e-04
9.220000e+05 6.90814000e-04
9.240000e+05 6.90137000e-04
9.250000e+05 6.89799000e-04
9.260000e+05 6.89461000e-04
9.270000e+05 6.89123000e-04
9.280000e+05 6.88784000e-04
9.290000e+05 6.88446000e-04
9.300000e+05 6.88108000e-04
9.305000e+05 6.87939000e-04
9.310000e+05 6.87770000e-04
9.315000e+05 6.87600000e-04
9.320000e+05 6.87431000e-04
9.330000e+05 6.87093000e-04
9.340000e+05 6.86755000e-04
9.360000e+05 6.86078000e-04
9.370000e+05 6.85740000e-04
9.380000e+05 6.85402000e-04
9.390000e+05 6.85063000e-04
9.400000e+05 6.84725000e-04
9.420000e+05 6.84049000e-04
9.440000e+05 6.83372000e-04
9.460000e+05 6.82696000e-04
9.500000e+05 6.81343000e-04
9.550000e+05 6.79651000e-04
9.640000e+05 6.76607000e-04
9.660000e+05 6.75931000e-04
9.680000e+05 6.75254000e-04
9.690000e+05 6.74916000e-04
9.695000e+05 6.74747000e-04
9.700000e+05 6.74578000e-04
9.706000e+05 6.74375000e-04
9.708000e+05 6.74307000e-04
9.710000e+05 6.74239000e-04
9.712000e+05 6.74172000e-04
9.715000e+05 6.74070000e-04
9.720000e+05 6.73901000e-04
9.725000e+05 6.73732000e-04
9.730000e+05 6.73563000e-04
9.740000e+05 6.73225000e-04
9.760000e+05 6.72548000e-04
9.790000e+05 6.71533000e-04
9.800000e+05 6.71195000e-04
9.810000e+05 6.70857000e-04
9.840000e+05 6.69842000e-04
9.860000e+05 6.69166000e-04
9.900000e+05 6.67813000e-04
9.950000e+05 6.66121000e-04
1.000000e+06 6.64430000e-04
1.005000e+06 6.63506000e-04
1.010000e+06 6.62582000e-04
1.016000e+06 6.61473000e-04
1.018000e+06 6.61103000e-04
1.020000e+06 6.60734000e-04
1.024000e+06 6.59994000e-04
1.025000e+06 6.59809000e-04
1.026000e+06 6.59625000e-04
1.026500e+06 6.59532000e-04
1.028000e+06 6.59255000e-04
1.029000e+06 6.59070000e-04
1.032000e+06 6.58516000e-04
1.034000e+06 6.58146000e-04
1.036000e+06 6.57776000e-04
1.038000e+06 6.57407000e-04
1.039000e+06 6.57222000e-04
1.040000e+06 6.57037000e-04
1.042000e+06 6.56667000e-04
1.043000e+06 6.56483000e-04
1.044000e+06 6.56298000e-04
1.045000e+06 6.56113000e-04
1.048000e+06 6.55558000e-04
1.050000e+06 6.55189000e-04
1.052370e+06 6.54750000e-04
1.052380e+06 6.54750000e-04
1.060000e+06 6.53341000e-04
1.075000e+06 6.50568000e-04
1.080000e+06 6.49644000e-04
1.082000e+06 6.49274000e-04
1.084000e+06 6.48905000e-04
1.086000e+06 6.48535000e-04
1.090000e+06 6.47796000e-04
1.092000e+06 6.47426000e-04
1.094000e+06 6.47057000e-04
1.098000e+06 6.46317000e-04
1.100000e+06 6.45948000e-04
1.102000e+06 6.45578000e-04
1.104000e+06 6.45208000e-04
1.110000e+06 6.44099000e-04
1.115000e+06 6.43175000e-04
1.120000e+06 6.42251000e-04
1.140000e+06 6.38555000e-04
1.145000e+06 6.37631000e-04
1.147000e+06 6.37261000e-04
1.148000e+06 6.37076000e-04
1.148500e+06 6.36984000e-04
1.149000e+06 6.36891000e-04
1.149500e+06 6.36799000e-04
1.150000e+06 6.36706000e-04
1.150200e+06 6.36669000e-04
1.150400e+06 6.36632000e-04
1.150600e+06 6.36595000e-04
1.151000e+06 6.36522000e-04
1.151500e+06 6.36429000e-04
1.152000e+06 6.36337000e-04
1.153000e+06 6.36152000e-04
1.154000e+06 6.35967000e-04
1.162000e+06 6.34488000e-04
1.164000e+06 6.34119000e-04
1.166000e+06 6.33749000e-04
1.168000e+06 6.33380000e-04
1.172000e+06 6.32640000e-04
1.174000e+06 6.32271000e-04
1.176000e+06 6.31901000e-04
1.178000e+06 6.31531000e-04
1.179000e+06 6.31346000e-04
1.180000e+06 6.31162000e-04
1.181000e+06 6.30977000e-04
1.182000e+06 6.30792000e-04
1.184000e+06 6.30422000e-04
1.186000e+06 6.30053000e-04
1.191000e+06 6.29129000e-04
1.192000e+06 6.28944000e-04
1.193000e+06 6.28759000e-04
1.195000e+06 6.28389000e-04
1.196000e+06 6.28204000e-04
1.197000e+06 6.28020000e-04
1.198000e+06 6.27835000e-04
1.200000e+06 6.27465000e-04
1.210000e+06 6.25617000e-04
1.225000e+06 6.22845000e-04
1.230000e+06 6.21920000e-04
1.235000e+06 6.20996000e-04
1.238000e+06 6.20442000e-04
1.240000e+06 6.20072000e-04
1.244000e+06 6.19333000e-04
1.248000e+06 6.18594000e-04
1.250000e+06 6.18224000e-04
1.251000e+06 6.18039000e-04
1.252000e+06 6.17854000e-04
1.253000e+06 6.17669000e-04
1.254000e+06 6.17485000e-04
1.255000e+06 6.17300000e-04
1.256000e+06 6.17115000e-04
1.257000e+06 6.16930000e-04
1.258000e+06 6.16745000e-04
1.259000e+06 6.16561000e-04
1.262000e+06 6.16006000e-04
1.263000e+06 6.15821000e-04
1.264000e+06 6.15636000e-04
1.266000e+06 6.15267000e-04
1.268000e+06 6.14897000e-04
1.270000e+06 6.14527000e-04
1.275000e+06 6.13603000e-04
1.278000e+06 6.13049000e-04
1.280000e+06 6.12679000e-04
1.283000e+06 6.12125000e-04
1.284000e+06 6.11940000e-04
1.285000e+06 6.11755000e-04
1.286000e+06 6.11570000e-04
1.287000e+06 6.11385000e-04
1.288000e+06 6.11201000e-04
1.290000e+06 6.10831000e-04
1.291000e+06 6.10646000e-04
1.292000e+06 6.10461000e-04
1.295000e+06 6.09907000e-04
1.300000e+06 6.08983000e-04
1.310000e+06 6.07134000e-04
1.314000e+06 6.06395000e-04
1.316000e+06 6.06026000e-04
1.320000e+06 6.05286000e-04
1.322000e+06 6.04917000e-04
1.325000e+06 6.04362000e-04
1.330000e+06 6.03438000e-04
1.335000e+06 6.02514000e-04
1.340000e+06 6.01590000e-04
1.341000e+06 6.01405000e-04
1.342000e+06 6.01220000e-04
1.343500e+06 6.00943000e-04
1.344000e+06 6.00850000e-04
1.344500e+06 6.00758000e-04
1.346000e+06 6.00481000e-04
1.347000e+06 6.00296000e-04
1.348000e+06 6.00111000e-04
1.349000e+06 5.99926000e-04
1.350000e+06 5.99742000e-04
1.351000e+06 5.99557000e-04
1.352000e+06 5.99372000e-04
1.353000e+06 5.99187000e-04
1.355000e+06 5.98817000e-04
1.356000e+06 5.98633000e-04
1.357000e+06 5.98448000e-04
1.358000e+06 5.98263000e-04
1.360000e+06 5.97893000e-04
1.362000e+06 5.97524000e-04
1.364000e+06 5.97154000e-04
1.366000e+06 5.96784000e-04
1.368000e+06 5.96415000e-04
1.369000e+06 5.96230000e-04
1.371000e+06 5.95860000e-04
1.374000e+06 5.95306000e-04
1.375000e+06 5.95121000e-04
1.380000e+06 5.94197000e-04
1.381000e+06 5.94012000e-04
1.387000e+06 5.92903000e-04
1.390000e+06 5.92349000e-04
1.395000e+06 5.91424000e-04
1.396000e+06 5.91240000e-04
1.397000e+06 5.91055000e-04
1.398000e+06 5.90870000e-04
1.400000e+06 5.90500000e-04
1.401000e+06 5.90315000e-04
1.403000e+06 5.89946000e-04
1.406000e+06 5.89391000e-04
1.410000e+06 5.88652000e-04
1.414000e+06 5.87913000e-04
1.418000e+06 5.87173000e-04
1.422000e+06 5.86434000e-04
1.424000e+06 5.86065000e-04
1.426000e+06 5.85695000e-04
1.427000e+06 5.85510000e-04
1.430000e+06 5.84956000e-04
1.434000e+06 5.84216000e-04
1.436000e+06 5.83847000e-04
1.438000e+06 5.83477000e-04
1.440000e+06 5.83107000e-04
1.442000e+06 5.82738000e-04
1.444000e+06 5.82368000e-04
1.446000e+06 5.81998000e-04
1.448000e+06 5.81629000e-04
1.450000e+06 5.81259000e-04
1.451000e+06 5.81074000e-04
1.453000e+06 5.80705000e-04
1.454000e+06 5.80520000e-04
1.456000e+06 5.80150000e-04
1.460000e+06 5.79411000e-04
1.470000e+06 5.77563000e-04
1.480000e+06 5.75714000e-04
1.500000e+06 5.72018000e-04
1.510000e+06 5.70807000e-04
1.520000e+06 5.69596000e-04
1.525000e+06 5.68990000e-04
1.528000e+06 5.68627000e-04
1.530000e+06 5.68384000e-04
1.532000e+06 5.68142000e-04
1.538000e+06 5.67415000e-04
1.540000e+06 5.67173000e-04
1.542000e+06 5.66931000e-04
1.544000e+06 5.66689000e-04
1.548000e+06 5.66204000e-04
1.550000e+06 5.65962000e-04
1.552000e+06 5.65720000e-04
1.554000e+06 5.65478000e-04
1.556000e+06 5.65235000e-04
1.558500e+06 5.64933000e-04
1.559000e+06 5.64872000e-04
1.559400e+06 5.64824000e-04
1.559800e+06 5.64775000e-04
1.560000e+06 5.64751000e-04
1.560200e+06 5.64727000e-04
1.560600e+06 5.64678000e-04
1.561000e+06 5.64630000e-04
1.561500e+06 5.64569000e-04
1.562000e+06 5.64509000e-04
1.564000e+06 5.64266000e-04
1.566000e+06 5.64024000e-04
1.575000e+06 5.62934000e-04
1.580000e+06 5.62329000e-04
1.585000e+06 5.61723000e-04
1.591000e+06 5.60996000e-04
1.595000e+06 5.60512000e-04
1.598000e+06 5.60149000e-04
1.599000e+06 5.60027000e-04
1.600000e+06 5.59906000e-04
1.601000e+06 5.59785000e-04
1.602000e+06 5.59664000e-04
1.603000e+06 5.59543000e-04
1.604000e+06 5.59422000e-04
1.605000e+06 5.59301000e-04
1.610000e+06 5.58695000e-04
1.620000e+06 5.57484000e-04
1.624000e+06 5.57000000e-04
1.625000e+06 5.56878000e-04
1.627000e+06 5.56636000e-04
1.628000e+06 5.56515000e-04
1.629000e+06 5.56394000e-04
1.630000e+06 5.56273000e-04
1.631000e+06 5.56152000e-04
1.632000e+06 5.56031000e-04
1.634000e+06 5.55788000e-04
1.636000e+06 5.55546000e-04
1.637000e+06 5.55425000e-04
1.638000e+06 5.55304000e-04
1.640000e+06 5.55062000e-04
1.642000e+06 5.54819000e-04
1.644000e+06 5.54577000e-04
1.648000e+06 5.54093000e-04
1.650000e+06 5.53851000e-04
1.654000e+06 5.53366000e-04
1.658000e+06 5.52882000e-04
1.664000e+06 5.52155000e-04
1.666000e+06 5.51913000e-04
1.670000e+06 5.51428000e-04
1.674000e+06 5.50944000e-04
1.676000e+06 5.50702000e-04
1.678000e+06 5.50459000e-04
1.682000e+06 5.49975000e-04
1.700000e+06 5.47795000e-04
1.708000e+06 5.46826000e-04
1.724000e+06 5.44888000e-04
1.728000e+06 5.44403000e-04
1.730000e+06 5.44161000e-04
1.731500e+06 5.43980000e-04
1.733500e+06 5.43737000e-04
1.734000e+06 5.43677000e-04
1.734500e+06 5.43616000e-04
1.735000e+06 5.43556000e-04
1.735500e+06 5.43495000e-04
1.736500e+06 5.43374000e-04
1.739000e+06 5.43071000e-04
1.743000e+06 5.42587000e-04
1.744000e+06 5.42466000e-04
1.745000e+06 5.42345000e-04
1.748000e+06 5.41981000e-04
1.750000e+06 5.41739000e-04
1.752000e+06 5.41497000e-04
1.754000e+06 5.41254000e-04
1.758000e+06 5.40770000e-04
1.762000e+06 5.40286000e-04
1.776000e+06 5.38590000e-04
1.778000e+06 5.38348000e-04
1.782000e+06 5.37863000e-04
1.784000e+06 5.37621000e-04
1.786000e+06 5.37379000e-04
1.800000e+06 5.35683000e-04
1.828000e+06 5.32292000e-04
1.838500e+06 5.31020000e-04
1.842500e+06 5.30536000e-04
1.846000e+06 5.30112000e-04
1.847000e+06 5.29991000e-04
1.848000e+06 5.29870000e-04
1.849000e+06 5.29749000e-04
1.850500e+06 5.29567000e-04
1.853000e+06 5.29264000e-04
1.854500e+06 5.29082000e-04
1.855500e+06 5.28961000e-04
1.856500e+06 5.28840000e-04
1.857500e+06 5.28719000e-04
1.861000e+06 5.28295000e-04
1.864000e+06 5.27932000e-04
1.866000e+06 5.27690000e-04
1.874000e+06 5.26721000e-04
1.880000e+06 5.25994000e-04
1.886000e+06 5.25267000e-04
1.888000e+06 5.25025000e-04
1.890000e+06 5.24783000e-04
1.892000e+06 5.24541000e-04
1.896000e+06 5.24056000e-04
1.896910e+06 5.23946000e-04
1.900000e+06 5.23572000e-04
1.902000e+06 5.23329000e-04
1.904000e+06 5.23087000e-04
1.908000e+06 5.22603000e-04
1.910000e+06 5.22360000e-04
1.914000e+06 5.21876000e-04
1.920000e+06 5.21149000e-04
1.924000e+06 5.20665000e-04
1.930000e+06 5.19938000e-04
1.932000e+06 5.19696000e-04
1.938000e+06 5.18969000e-04
1.946000e+06 5.18000000e-04
1.950000e+06 5.17516000e-04
1.952000e+06 5.17274000e-04
1.954000e+06 5.17031000e-04
1.956000e+06 5.16789000e-04
1.960000e+06 5.16305000e-04
1.962000e+06 5.16062000e-04
1.968000e+06 5.15336000e-04
1.972000e+06 5.14851000e-04
1.974000e+06 5.14609000e-04
1.976000e+06 5.14367000e-04
1.980000e+06 5.13882000e-04
1.982000e+06 5.13640000e-04
1.984000e+06 5.13398000e-04
1.990000e+06 5.12671000e-04
1.992000e+06 5.12429000e-04
1.994000e+06 5.12187000e-04
1.996000e+06 5.11945000e-04
1.998000e+06 5.11702000e-04
2.000000e+06 5.11460000e-04
2.002000e+06 5.11238000e-04
2.004000e+06 5.11016000e-04
2.006000e+06 5.10794000e-04
2.008000e+06 5.10572000e-04
2.010000e+06 5.10350000e-04
2.012000e+06 5.10128000e-04
2.016000e+06 5.09683000e-04
2.024000e+06 5.08795000e-04
2.030000e+06 5.08129000e-04
2.034000e+06 5.07685000e-04
2.036000e+06 5.07463000e-04
2.038000e+06 5.07240000e-04
2.040000e+06 5.07018000e-04
2.042000e+06 5.06796000e-04
2.045500e+06 5.06408000e-04
2.047500e+06 5.06186000e-04
2.048500e+06 5.06074000e-04
2.049500e+06 5.05963000e-04
2.050000e+06 5.05908000e-04
2.054500e+06 5.05408000e-04
2.060500e+06 5.04742000e-04
2.061500e+06 5.04631000e-04
2.062500e+06 5.04520000e-04
2.063500e+06 5.04409000e-04
2.065000e+06 5.04242000e-04
2.068500e+06 5.03854000e-04
2.071500e+06 5.03521000e-04
2.076000e+06 5.03021000e-04
2.084000e+06 5.02132000e-04
2.086000e+06 5.01910000e-04
2.088000e+06 5.01688000e-04
2.092000e+06 5.01244000e-04
2.098000e+06 5.00578000e-04
2.100000e+06 5.00356000e-04
2.104000e+06 4.99912000e-04
2.106000e+06 4.99690000e-04
2.108000e+06 4.99467000e-04
2.112000e+06 4.99023000e-04
2.116000e+06 4.98579000e-04
2.122000e+06 4.97913000e-04
2.128000e+06 4.97247000e-04
2.136000e+06 4.96358000e-04
2.138000e+06 4.96136000e-04
2.140000e+06 4.95914000e-04
2.142000e+06 4.95692000e-04
2.150000e+06 4.94804000e-04
2.160000e+06 4.93693000e-04
2.164000e+06 4.93249000e-04
2.166000e+06 4.93027000e-04
2.168000e+06 4.92805000e-04
2.172000e+06 4.92361000e-04
2.182000e+06 4.91250000e-04
2.184000e+06 4.91028000e-04
2.188000e+06 4.90584000e-04
2.192000e+06 4.90140000e-04
2.194000e+06 4.89918000e-04
2.196000e+06 4.89696000e-04
2.198000e+06 4.89474000e-04
2.200000e+06 4.89252000e-04
2.204000e+06 4.88807000e-04
2.206000e+06 4.88585000e-04
2.208000e+06 4.88363000e-04
2.210000e+06 4.88141000e-04
2.214000e+06 4.87697000e-04
2.216000e+06 4.87475000e-04
2.218000e+06 4.87253000e-04
2.224000e+06 4.86587000e-04
2.228000e+06 4.86142000e-04
2.232000e+06 4.85698000e-04
2.236000e+06 4.85254000e-04
2.240000e+06 4.84810000e-04
2.246000e+06 4.84144000e-04
2.250000e+06 4.83699000e-04
2.254000e+06 4.83255000e-04
2.258000e+06 4.82811000e-04
2.266000e+06 4.81923000e-04
2.276000e+06 4.80812000e-04
2.280000e+06 4.80368000e-04
2.288000e+06 4.79480000e-04
2.293760e+06 4.78840000e-04
2.300000e+06 4.78147000e-04
2.310000e+06 4.77037000e-04
2.312000e+06 4.76815000e-04
2.316000e+06 4.76371000e-04
2.322000e+06 4.75704000e-04
2.326000e+06 4.75260000e-04
2.328000e+06 4.75038000e-04
2.330000e+06 4.74816000e-04
2.332000e+06 4.74594000e-04
2.336000e+06 4.74150000e-04
2.338000e+06 4.73928000e-04
2.340000e+06 4.73706000e-04
2.344000e+06 4.73261000e-04
2.346000e+06 4.73039000e-04
2.348000e+06 4.72817000e-04
2.350000e+06 4.72595000e-04
2.352000e+06 4.72373000e-04
2.354000e+06 4.72151000e-04
2.356000e+06 4.71929000e-04
2.358000e+06 4.71707000e-04
2.362000e+06 4.71263000e-04
2.364000e+06 4.71041000e-04
2.366000e+06 4.70818000e-04
2.374000e+06 4.69930000e-04
2.380000e+06 4.69264000e-04
2.384000e+06 4.68820000e-04
2.388000e+06 4.68376000e-04
2.392000e+06 4.67931000e-04
2.398000e+06 4.67265000e-04
2.400000e+06 4.67043000e-04
2.402000e+06 4.66821000e-04
2.406000e+06 4.66377000e-04
2.412000e+06 4.65710000e-04
2.416000e+06 4.65266000e-04
2.418000e+06 4.65044000e-04
2.420000e+06 4.64822000e-04
2.422000e+06 4.64600000e-04
2.424000e+06 4.64378000e-04
2.426000e+06 4.64156000e-04
2.432000e+06 4.63490000e-04
2.434000e+06 4.63268000e-04
2.446000e+06 4.61935000e-04
2.450000e+06 4.61491000e-04
2.454000e+06 4.61047000e-04
2.458000e+06 4.60603000e-04
2.464000e+06 4.59936000e-04
2.468000e+06 4.59492000e-04
2.482000e+06 4.57938000e-04
2.490000e+06 4.57049000e-04
2.500000e+06 4.55939000e-04
2.502000e+06 4.55777000e-04
2.506000e+06 4.55452000e-04
2.510000e+06 4.55128000e-04
2.516000e+06 4.54642000e-04
2.520000e+06 4.54317000e-04
2.526000e+06 4.53831000e-04
2.530000e+06 4.53506000e-04
2.534000e+06 4.53182000e-04
2.536000e+06 4.53020000e-04
2.540000e+06 4.52696000e-04
2.546000e+06 4.52209000e-04
2.548000e+06 4.52047000e-04
2.550000e+06 4.51885000e-04
2.552000e+06 4.51723000e-04
2.554000e+06 4.51561000e-04
2.556000e+06 4.51398000e-04
2.562000e+06 4.50912000e-04
2.564000e+06 4.50750000e-04
2.566000e+06 4.50588000e-04
2.570000e+06 4.50263000e-04
2.590000e+06 4.48642000e-04
2.600000e+06 4.47831000e-04
2.605000e+06 4.47426000e-04
2.610000e+06 4.47020000e-04
2.615000e+06 4.46615000e-04
2.620000e+06 4.46209000e-04
2.630000e+06 4.45399000e-04
2.635000e+06 4.44993000e-04
2.640000e+06 4.44588000e-04
2.645000e+06 4.44183000e-04
2.650000e+06 4.43777000e-04
2.655000e+06 4.43372000e-04
2.660000e+06 4.42966000e-04
2.665000e+06 4.42561000e-04
2.670000e+06 4.42156000e-04
2.675000e+06 4.41750000e-04
2.680000e+06 4.41345000e-04
2.685000e+06 4.40939000e-04
2.695000e+06 4.40129000e-04
2.700000e+06 4.39723000e-04
2.705000e+06 4.39318000e-04
2.715000e+06 4.38507000e-04
2.725000e+06 4.37696000e-04
2.735000e+06 4.36886000e-04
2.740000e+06 4.36480000e-04
2.745000e+06 4.36075000e-04
2.750000e+06 4.35669000e-04
2.755000e+06 4.35264000e-04
2.765000e+06 4.34453000e-04
2.770000e+06 4.34048000e-04
2.780000e+06 4.33237000e-04
2.785000e+06 4.32832000e-04
2.790000e+06 4.32426000e-04
2.795000e+06 4.32021000e-04
2.800000e+06 4.31616000e-04
2.805000e+06 4.31210000e-04
2.810000e+06 4.30805000e-04
2.825000e+06 4.29589000e-04
2.837040e+06 4.28613000e-04
2.845000e+06 4.27967000e-04
2.850000e+06 4.27562000e-04
2.855000e+06 4.27156000e-04
2.860000e+06 4.26751000e-04
2.865000e+06 4.26345000e-04
2.870000e+06 4.25940000e-04
2.875000e+06 4.25535000e-04
2.880000e+06 4.25129000e-04
2.885000e+06 4.24724000e-04
2.890000e+06 4.24319000e-04
2.895000e+06 4.23913000e-04
2.900000e+06 4.23508000e-04
2.905000e+06 4.23102000e-04
2.910000e+06 4.22697000e-04
2.915000e+06 4.22292000e-04
2.918380e+06 4.22018000e-04
2.920000e+06 4.21886000e-04
2.925000e+06 4.21481000e-04
2.930000e+06 4.21075000e-04
2.935000e+06 4.20670000e-04
2.940000e+06 4.20265000e-04
2.945000e+06 4.19859000e-04
2.950000e+06 4.19454000e-04
2.955000e+06 4.19049000e-04
2.965000e+06 4.18238000e-04
2.970000e+06 4.17832000e-04
2.980000e+06 4.17022000e-04
2.985000e+06 4.16616000e-04
2.995000e+06 4.15805000e-04
3.000000e+06 4.15400000e-04
3.005000e+06 4.15174000e-04
3.010000e+06 4.14948000e-04
3.015000e+06 4.14721000e-04
3.020000e+06 4.14495000e-04
3.025000e+06 4.14269000e-04
3.030000e+06 4.14042000e-04
3.045000e+06 4.13364000e-04
3.050000e+06 4.13137000e-04
3.055000e+06 4.12911000e-04
3.060000e+06 4.12685000e-04
3.070000e+06 4.12232000e-04
3.085000e+06 4.11553000e-04
3.092540e+06 4.11212000e-04
3.092550e+06 4.11212000e-04
3.095000e+06 4.11101000e-04
3.100000e+06 4.10875000e-04
3.105000e+06 4.10648000e-04
3.110000e+06 4.10422000e-04
3.116300e+06 4.10137000e-04
3.120000e+06 4.09970000e-04
3.125000e+06 4.09743000e-04
3.130000e+06 4.09517000e-04
3.135000e+06 4.09291000e-04
3.140000e+06 4.09065000e-04
3.145000e+06 4.08838000e-04
3.150000e+06 4.08612000e-04
3.155000e+06 4.08386000e-04
3.160000e+06 4.08159000e-04
3.165000e+06 4.07933000e-04
3.170000e+06 4.07707000e-04
3.175000e+06 4.07481000e-04
3.185000e+06 4.07028000e-04
3.190000e+06 4.06802000e-04
3.200000e+06 4.06349000e-04
3.205000e+06 4.06123000e-04
3.210000e+06 4.05897000e-04
3.215000e+06 4.05671000e-04
3.225000e+06 4.05218000e-04
3.230000e+06 4.04992000e-04
3.235000e+06 4.04765000e-04
3.245000e+06 4.04313000e-04
3.247350e+06 4.04206000e-04
3.250000e+06 4.04087000e-04
3.260000e+06 4.03634000e-04
3.265000e+06 4.03408000e-04
3.270000e+06 4.03182000e-04
3.275000e+06 4.02955000e-04
3.280000e+06 4.02729000e-04
3.285000e+06 4.02503000e-04
3.290000e+06 4.02277000e-04
3.300000e+06 4.01824000e-04
3.305000e+06 4.01598000e-04
3.310000e+06 4.01371000e-04
3.320000e+06 4.00919000e-04
3.330000e+06 4.00466000e-04
3.350000e+06 3.99561000e-04
3.355000e+06 3.99335000e-04
3.360000e+06 3.99109000e-04
3.365000e+06 3.98882000e-04
3.370000e+06 3.98656000e-04
3.380000e+06 3.98204000e-04
3.385000e+06 3.97977000e-04
3.390000e+06 3.97751000e-04
3.395000e+06 3.97525000e-04
3.400000e+06 3.97299000e-04
3.410000e+06 3.96846000e-04
3.420000e+06 3.96394000e-04
3.425000e+06 3.96167000e-04
3.435000e+06 3.95715000e-04
3.450000e+06 3.95036000e-04
3.460000e+06 3.94583000e-04
3.465000e+06 3.94357000e-04
3.470000e+06 3.94131000e-04
3.485000e+06 3.93452000e-04
3.490000e+06 3.93226000e-04
3.495000e+06 3.93000000e-04
3.500000e+06 3.92773000e-04
3.510000e+06 3.92642000e-04
3.520000e+06 3.92512000e-04
3.525000e+06 3.92446000e-04
3.530000e+06 3.92381000e-04
3.535000e+06 3.92315000e-04
3.555000e+06 3.92053000e-04
3.560000e+06 3.91988000e-04
3.575000e+06 3.91792000e-04
3.580000e+06 3.91726000e-04
3.590000e+06 3.91595000e-04
3.600000e+06 3.91465000e-04
3.610000e+06 3.91334000e-04
3.620000e+06 3.91203000e-04
3.625000e+06 3.91137000e-04
3.630000e+06 3.91072000e-04
3.640000e+06 3.90941000e-04
3.645000e+06 3.90876000e-04
3.650000e+06 3.90810000e-04
3.658380e+06 3.90701000e-04
3.658390e+06 3.90701000e-04
3.660000e+06 3.90679000e-04
3.670000e+06 3.90549000e-04
3.675000e+06 3.90483000e-04
3.680000e+06 3.90418000e-04
3.685000e+06 3.90352000e-04
3.695000e+06 3.90221000e-04
3.700000e+06 3.90156000e-04
3.705000e+06 3.90091000e-04
3.710000e+06 3.90025000e-04
3.715000e+06 3.89960000e-04
3.720000e+06 3.89894000e-04
3.725000e+06 3.89829000e-04
3.735000e+06 3.89698000e-04
3.737300e+06 3.89668000e-04
3.740000e+06 3.89633000e-04
3.750000e+06 3.89502000e-04
3.765000e+06 3.89305000e-04
3.780000e+06 3.89109000e-04
3.795000e+06 3.88913000e-04
3.800000e+06 3.88847000e-04
3.810000e+06 3.88716000e-04
3.817680e+06 3.88616000e-04
3.825000e+06 3.88520000e-04
3.831700e+06 3.88432000e-04
3.835000e+06 3.88389000e-04
3.845000e+06 3.88258000e-04
3.850000e+06 3.88193000e-04
3.860000e+06 3.88062000e-04
3.875000e+06 3.87866000e-04
3.880000e+06 3.87800000e-04
3.890000e+06 3.87670000e-04
3.895000e+06 3.87604000e-04
3.900000e+06 3.87539000e-04
3.909430e+06 3.87415000e-04
3.910000e+06 3.87408000e-04
3.915000e+06 3.87342000e-04
3.930000e+06 3.87146000e-04
3.945000e+06 3.86950000e-04
3.950000e+06 3.86884000e-04
3.970000e+06 3.86623000e-04
3.980000e+06 3.86492000e-04
3.990000e+06 3.86361000e-04
3.995000e+06 3.86295000e-04
4.000000e+06 3.86230000e-04
4.020000e+06 3.86373000e-04
4.030000e+06 3.86445000e-04
4.050000e+06 3.86588000e-04
4.065000e+06 3.86695000e-04
4.075000e+06 3.86767000e-04
4.090000e+06 3.86874000e-04
4.100000e+06 3.86946000e-04
4.104720e+06 3.86979000e-04
4.110000e+06 3.87017000e-04
4.120000e+06 3.87089000e-04
4.125000e+06 3.87124000e-04
4.130000e+06 3.87160000e-04
4.140000e+06 3.87232000e-04
4.145000e+06 3.87267000e-04
4.150000e+06 3.87303000e-04
4.155000e+06 3.87339000e-04
4.170000e+06 3.87446000e-04
4.175000e+06 3.87482000e-04
4.185000e+06 3.87554000e-04
4.200000e+06 3.87661000e-04
4.205860e+06 3.87703000e-04
4.205870e+06 3.87703000e-04
4.215000e+06 3.87768000e-04
4.240000e+06 3.87947000e-04
4.245000e+06 3.87983000e-04
4.250000e+06 3.88019000e-04
4.260000e+06 3.88090000e-04
4.275000e+06 3.88198000e-04
4.290000e+06 3.88305000e-04
4.295000e+06 3.88341000e-04
4.300000e+06 3.88376000e-04
4.320000e+06 3.88520000e-04
4.330000e+06 3.88591000e-04
4.345000e+06 3.88698000e-04
4.350000e+06 3.88734000e-04
4.375000e+06 3.88913000e-04
4.380000e+06 3.88949000e-04
4.390000e+06 3.89020000e-04
4.400000e+06 3.89092000e-04
4.420000e+06 3.89235000e-04
4.430000e+06 3.89307000e-04
4.440000e+06 3.89378000e-04
4.450000e+06 3.89450000e-04
4.465000e+06 3.89557000e-04
4.470000e+06 3.89593000e-04
4.475000e+06 3.89628000e-04
4.495000e+06 3.89772000e-04
4.500000e+06 3.89807000e-04
4.505000e+06 3.89864000e-04
4.520000e+06 3.90034000e-04
4.530000e+06 3.90147000e-04
4.545000e+06 3.90317000e-04
4.550000e+06 3.90373000e-04
4.560000e+06 3.90486000e-04
4.570000e+06 3.90599000e-04
4.575070e+06 3.90657000e-04
4.600000e+06 3.90939000e-04
4.605000e+06 3.90996000e-04
4.620000e+06 3.91165000e-04
4.635000e+06 3.91335000e-04
4.638900e+06 3.91379000e-04
4.642120e+06 3.91416000e-04
4.644190e+06 3.91439000e-04
4.645000e+06 3.91448000e-04
4.650000e+06 3.91505000e-04
4.660000e+06 3.91618000e-04
4.678910e+06 3.91832000e-04
4.680000e+06 3.91844000e-04
4.700000e+06 3.92071000e-04
4.730000e+06 3.92410000e-04
4.740000e+06 3.92523000e-04
4.750000e+06 3.92636000e-04
4.751220e+06 3.92650000e-04
4.760000e+06 3.92750000e-04
4.770000e+06 3.92863000e-04
4.780000e+06 3.92976000e-04
4.790000e+06 3.93089000e-04
4.800000e+06 3.93202000e-04
4.816440e+06 3.93388000e-04
4.820000e+06 3.93429000e-04
4.830000e+06 3.93542000e-04
4.840000e+06 3.93655000e-04
4.850000e+06 3.93768000e-04
4.870000e+06 3.93994000e-04
4.880000e+06 3.94108000e-04
4.900000e+06 3.94334000e-04
4.910000e+06 3.94447000e-04
4.940000e+06 3.94787000e-04
4.950000e+06 3.94900000e-04
4.960000e+06 3.95013000e-04
4.970000e+06 3.95126000e-04
4.980000e+06 3.95239000e-04
4.990000e+06 3.95352000e-04
4.991580e+06 3.95370000e-04
5.000000e+06 3.95466000e-04
5.010000e+06 3.95551000e-04
5.030000e+06 3.95723000e-04
5.050000e+06 3.95894000e-04
5.070000e+06 3.96066000e-04
5.090000e+06 3.96237000e-04
5.100000e+06 3.96323000e-04
5.122550e+06 3.96516000e-04
5.130000e+06 3.96580000e-04
5.150000e+06 3.96752000e-04
5.162470e+06 3.96859000e-04
5.180000e+06 3.97009000e-04
5.200000e+06 3.97180000e-04
5.203280e+06 3.97209000e-04
5.210000e+06 3.97266000e-04
5.220000e+06 3.97352000e-04
5.230000e+06 3.97438000e-04
5.240000e+06 3.97523000e-04
5.250000e+06 3.97609000e-04
5.260000e+06 3.97695000e-04
5.270000e+06 3.97781000e-04
5.290000e+06 3.97952000e-04
5.300000e+06 3.98038000e-04
5.320000e+06 3.98209000e-04
5.330000e+06 3.98295000e-04
5.349060e+06 3.98459000e-04
5.350000e+06 3.98467000e-04
5.370000e+06 3.98638000e-04
5.390000e+06 3.98810000e-04
5.400000e+06 3.98895000e-04
5.420000e+06 3.99067000e-04
5.430000e+06 3.99153000e-04
5.440000e+06 3.99238000e-04
5.444400e+06 3.99276000e-04
5.451920e+06 3.99341000e-04
5.470000e+06 3.99496000e-04
5.490000e+06 3.99667000e-04
5.500000e+06 3.99753000e-04
5.502130e+06 3.99771000e-04
5.510000e+06 3.99839000e-04
5.518100e+06 3.99908000e-04
5.550000e+06 4.00182000e-04
5.560000e+06 4.00267000e-04
5.570000e+06 4.00353000e-04
5.580000e+06 4.00439000e-04
5.589160e+06 4.00517000e-04
5.600000e+06 4.00610000e-04
5.610000e+06 4.00696000e-04
5.622520e+06 4.00803000e-04
5.635900e+06 4.00918000e-04
5.641710e+06 4.00968000e-04
5.660000e+06 4.01125000e-04
5.690000e+06 4.01382000e-04
5.700000e+06 4.01468000e-04
5.705400e+06 4.01514000e-04
5.740000e+06 4.01811000e-04
5.750000e+06 4.01896000e-04
5.758210e+06 4.01967000e-04
5.760000e+06 4.01982000e-04
5.780000e+06 4.02154000e-04
5.797880e+06 4.02307000e-04
5.797890e+06 4.02307000e-04
5.800000e+06 4.02325000e-04
5.810000e+06 4.02411000e-04
5.824340e+06 4.02534000e-04
5.830000e+06 4.02582000e-04
5.840000e+06 4.02668000e-04
5.850000e+06 4.02754000e-04
5.854710e+06 4.02794000e-04
5.860000e+06 4.02840000e-04
5.878850e+06 4.03001000e-04
5.890000e+06 4.03097000e-04
5.900000e+06 4.03183000e-04
5.905650e+06 4.03231000e-04
5.920000e+06 4.03354000e-04
5.926110e+06 4.03406000e-04
5.950000e+06 4.03611000e-04
5.966300e+06 4.03751000e-04
5.966310e+06 4.03751000e-04
5.970000e+06 4.03783000e-04
6.000000e+06 4.04040000e-04
6.030000e+06 4.04103000e-04
6.044630e+06 4.04134000e-04
6.050000e+06 4.04145000e-04
6.060000e+06 4.04166000e-04
6.100000e+06 4.04250000e-04
6.110000e+06 4.04271000e-04
6.130000e+06 4.04312000e-04
6.140000e+06 4.04333000e-04
6.150000e+06 4.04354000e-04
6.170000e+06 4.04396000e-04
6.180000e+06 4.04417000e-04
6.182390e+06 4.04422000e-04
6.200000e+06 4.04459000e-04
6.201840e+06 4.04463000e-04
6.230000e+06 4.04522000e-04
6.250000e+06 4.04564000e-04
6.259600e+06 4.04584000e-04
6.260000e+06 4.04585000e-04
6.273620e+06 4.04613000e-04
6.290000e+06 4.04648000e-04
6.300000e+06 4.04669000e-04
6.307290e+06 4.04684000e-04
6.336470e+06 4.04745000e-04
6.344020e+06 4.04761000e-04
6.370000e+06 4.04815000e-04
6.389450e+06 4.04856000e-04
6.400000e+06 4.04878000e-04
6.420000e+06 4.04920000e-04
6.450000e+06 4.04983000e-04
6.459530e+06 4.05003000e-04
6.470000e+06 4.05025000e-04
6.480000e+06 4.05046000e-04
6.500000e+06 4.05088000e-04
6.520000e+06 4.05130000e-04
6.522030e+06 4.05134000e-04
6.540000e+06 4.05172000e-04
6.570000e+06 4.05234000e-04
6.584410e+06 4.05265000e-04
6.600000e+06 4.05297000e-04
6.610000e+06 4.05318000e-04
6.619910e+06 4.05339000e-04
6.650000e+06 4.05402000e-04
6.660000e+06 4.05423000e-04
6.680000e+06 4.05465000e-04
6.700000e+06 4.05507000e-04
6.705650e+06 4.05519000e-04
6.719450e+06 4.05548000e-04
6.720000e+06 4.05549000e-04
6.745310e+06 4.05602000e-04
6.750000e+06 4.05612000e-04
6.755240e+06 4.05623000e-04
6.777230e+06 4.05669000e-04
6.788360e+06 4.05692000e-04
6.790000e+06 4.05695000e-04
6.800000e+06 4.05716000e-04
6.830000e+06 4.05779000e-04
6.850000e+06 4.05821000e-04
6.851560e+06 4.05824000e-04
6.852230e+06 4.05826000e-04
6.890000e+06 4.05905000e-04
6.900000e+06 4.05926000e-04
6.900160e+06 4.05926000e-04
6.904670e+06 4.05936000e-04
6.910000e+06 4.05947000e-04
6.940000e+06 4.06010000e-04
6.960000e+06 4.06052000e-04
6.963960e+06 4.06060000e-04
6.970630e+06 4.06074000e-04
6.990000e+06 4.06114000e-04
7.000000e+06 4.06135000e-04
7.011500e+06 4.06154000e-04
7.017900e+06 4.06165000e-04
7.028690e+06 4.06182000e-04
7.030000e+06 4.06184000e-04
7.040000e+06 4.06201000e-04
7.040550e+06 4.06202000e-04
7.066690e+06 4.06244000e-04
7.068940e+06 4.06248000e-04
7.070000e+06 4.06250000e-04
7.074960e+06 4.06258000e-04
7.075840e+06 4.06259000e-04
7.090000e+06 4.06283000e-04
7.100000e+06 4.06299000e-04
7.112870e+06 4.06320000e-04
7.140000e+06 4.06364000e-04
7.200000e+06 4.06462000e-04
7.250000e+06 4.06544000e-04
7.260000e+06 4.06560000e-04
7.262250e+06 4.06564000e-04
7.262260e+06 4.06564000e-04
7.300000e+06 4.06626000e-04
7.320000e+06 4.06659000e-04
7.390000e+06 4.06773000e-04
7.400000e+06 4.06789000e-04
7.460000e+06 4.06887000e-04
7.500000e+06 4.06953000e-04
7.600000e+06 4.07116000e-04
7.660000e+06 4.07214000e-04
7.700000e+06 4.07280000e-04
7.750000e+06 4.07361000e-04
7.760000e+06 4.07378000e-04
7.800000e+06 4.07443000e-04
7.860000e+06 4.07541000e-04
7.880000e+06 4.07574000e-04
7.900000e+06 4.07607000e-04
7.920000e+06 4.07639000e-04
7.940000e+06 4.07672000e-04
7.980000e+06 4.07737000e-04
8.000000e+06 4.07770000e-04
8.080000e+06 4.07857000e-04
8.120000e+06 4.07900000e-04
8.149920e+06 4.07932000e-04
8.180000e+06 4.07965000e-04
8.200000e+06 4.07987000e-04
8.250000e+06 4.08041000e-04
8.300000e+06 4.08095000e-04
8.400000e+06 4.08203000e-04
8.500000e+06 4.08311000e-04
8.581370e+06 4.08399000e-04
8.600000e+06 4.08420000e-04
8.700000e+06 4.08528000e-04
8.800000e+06 4.08636000e-04
8.950000e+06 4.08799000e-04
9.000000e+06 4.08853000e-04
9.200000e+06 4.13640000e-04
9.300000e+06 4.16034000e-04
9.321830e+06 4.16556000e-04
9.400000e+06 4.18428000e-04
9.500000e+06 4.20821000e-04
9.600000e+06 4.23215000e-04
9.700000e+06 4.25609000e-04
9.800000e+06 4.28003000e-04
9.996070e+06 4.32696000e-04
1.000000e+07 4.32790000e-04
1.020000e+07 4.42241000e-04
1.025000e+07 4.44604000e-04
1.035000e+07 4.49330000e-04
1.036140e+07 4.49870000e-04
1.040000e+07 4.51692000e-04
1.046700e+07 4.54859000e-04
1.050000e+07 4.56418000e-04
1.055000e+07 4.58781000e-04
1.060000e+07 4.61144000e-04
1.075350e+07 4.68396000e-04
1.076750e+07 4.69057500e-04
1.078600e+07 4.69935000e-04
1.080000e+07 4.70595000e-04
1.090000e+07 4.75321000e-04
1.100000e+07 4.80046000e-04
1.115000e+07 4.87361000e-04
1.120000e+07 4.89799000e-04
1.125000e+07 4.92237000e-04
1.128870e+07 4.94122000e-04
1.128980e+07 4.94176500e-04
1.135000e+07 4.97114000e-04
1.135710e+07 4.97460500e-04
1.140000e+07 4.99552000e-04
1.143170e+07 5.01098000e-04
1.150000e+07 5.04428000e-04
1.160000e+07 5.09304000e-04
1.176220e+07 5.17214500e-04
1.180000e+07 5.19057000e-04
1.189670e+07 5.23775000e-04
1.189680e+07 5.23775000e-04
1.195220e+07 5.26477000e-04
1.200000e+07 5.28810000e-04
1.217640e+07 5.37494000e-04
1.220000e+07 5.38653000e-04
1.220280e+07 5.38790000e-04
1.230100e+07 5.43624000e-04
1.240000e+07 5.48496000e-04
1.250000e+07 5.53418000e-04
1.260000e+07 5.58339000e-04
1.262780e+07 5.59707500e-04
1.276350e+07 5.66385500e-04
1.280000e+07 5.68182000e-04
1.296180e+07 5.76146500e-04
1.300000e+07 5.78025000e-04
1.314210e+07 5.85084000e-04
1.320000e+07 5.87958000e-04
1.326970e+07 5.91422000e-04
1.332790e+07 5.94311500e-04
1.340000e+07 5.97891000e-04
1.340840e+07 5.98310000e-04
1.350000e+07 6.02858000e-04
1.354500e+07 6.05092000e-04
1.354630e+07 6.05159000e-04
1.354640e+07 6.05160000e-04
1.360000e+07 6.07824000e-04
1.375000e+07 6.15274000e-04
1.378330e+07 6.16928000e-04
1.380000e+07 6.17757000e-04
1.394940e+07 6.25178000e-04
1.400000e+07 6.27690000e-04
1.412980e+07 6.32251000e-04
1.419530e+07 6.34551000e-04
1.419540e+07 6.34553000e-04
1.419560e+07 6.34561500e-04
1.420000e+07 6.34716000e-04
1.425000e+07 6.36473000e-04
1.440000e+07 6.41742000e-04
1.448010e+07 6.44556500e-04
1.450000e+07 6.45255000e-04
1.460000e+07 6.48768000e-04
1.475000e+07 6.54038000e-04
1.480000e+07 6.55794000e-04
1.482230e+07 6.56577000e-04
1.483110e+07 6.56886500e-04
1.500000e+07 6.62820000e-04
1.520000e+07 6.65890000e-04
1.525000e+07 6.66658000e-04
1.534370e+07 6.68096000e-04
1.540000e+07 6.68960000e-04
1.550000e+07 6.70495000e-04
1.560000e+07 6.72030000e-04
1.580000e+07 6.75101000e-04
1.600000e+07 6.78171000e-04
1.620000e+07 6.79784000e-04
1.640000e+07 6.81398000e-04
1.650000e+07 6.82205000e-04
1.680000e+07 6.84626000e-04
1.700000e+07 6.86240000e-04
1.720000e+07 6.81965000e-04
1.728210e+07 6.80209000e-04
1.728220e+07 6.80208000e-04
1.740000e+07 6.77690000e-04
1.742790e+07 6.77093000e-04
1.742800e+07 6.77093000e-04
1.750000e+07 6.75553000e-04
1.760000e+07 6.73415000e-04
1.778100e+07 6.69547000e-04
1.780000e+07 6.69140000e-04
1.800000e+07 6.64865000e-04
1.820000e+07 6.51969000e-04
1.840000e+07 6.39072000e-04
1.850000e+07 6.32624000e-04
1.860000e+07 6.26176000e-04
1.880000e+07 6.13279000e-04
1.889450e+07 6.07186000e-04
1.900000e+07 6.00383000e-04
1.920000e+07 5.87486000e-04
1.940000e+07 5.74590000e-04
1.950000e+07 5.68141000e-04
1.958990e+07 5.62345000e-04
1.960000e+07 5.61693000e-04
2.000000e+07 2.67950000e-04
2.094520e+07 0.00000000e+00
2.100000e+07 0.00000000e+00
2.132820e+07 0.00000000e+00
2.153940e+07 0.00000000e+00
2.200000e+07 0.00000000e+00
2.290820e+07 0.00000000e+00
2.300000e+07 0.00000000e+00
2.334970e+07 0.00000000e+00
2.400000e+07 0.00000000e+00
2.500000e+07 0.00000000e+00
2.533730e+07 0.00000000e+00
2.549200e+07 0.00000000e+00
2.551630e+07 0.00000000e+00
2.600000e+07 0.00000000e+00
2.700000e+07 0.00000000e+00
2.731360e+07 0.00000000e+00
2.800000e+07 0.00000000e+00
2.855320e+07 0.00000000e+00
2.900000e+07 0.00000000e+00
2.916760e+07 0.00000000e+00
3.000000e+07 0.00000000e+00
3.004140e+07 0.00000000e+00
3.100000e+07 0.00000000e+00
3.200000e+07 0.00000000e+00
3.204450e+07 0.00000000e+00
3.215040e+07 0.00000000e+00
3.300000e+07 0.00000000e+00
3.312170e+07 0.00000000e+00
3.339860e+07 0.00000000e+00
3.346590e+07 0.00000000e+00
3.377340e+07 0.00000000e+00
3.400000e+07 0.00000000e+00
3.481750e+07 0.00000000e+00
3.483030e+07 0.00000000e+00
3.500000e+07 0.00000000e+00
3.576430e+07 0.00000000e+00
3.600000e+07 0.00000000e+00
3.604370e+07 0.00000000e+00
3.673030e+07 0.00000000e+00
3.689450e+07 0.00000000e+00
3.700000e+07 0.00000000e+00
3.800000e+07 0.00000000e+00
3.900000e+07 0.00000000e+00
4.000000e+07 0.00000000e+00
4.089550e+07 0.00000000e+00
4.100000e+07 0.00000000e+00
4.164220e+07 0.00000000e+00
4.200000e+07 0.00000000e+00
4.290230e+07 0.00000000e+00
4.300000e+07 0.00000000e+00
4.385180e+07 0.00000000e+00
4.400000e+07 0.00000000e+00
4.467130e+07 0.00000000e+00
4.500000e+07 0.00000000e+00
4.600000e+07 0.00000000e+00
4.605400e+07 0.00000000e+00
4.623450e+07 0.00000000e+00
4.681000e+07 0.00000000e+00
4.700000e+07 0.00000000e+00
4.767840e+07 0.00000000e+00
4.800000e+07 0.00000000e+00
4.801890e+07 0.00000000e+00
4.853760e+07 0.00000000e+00
4.877690e+07 0.00000000e+00
4.900000e+07 0.00000000e+00
4.968330e+07 0.00000000e+00
4.971530e+07 0.00000000e+00
5.000000e+07 0.00000000e+00
5.100000e+07 0.00000000e+00
5.200000e+07 0.00000000e+00
5.256960e+07 0.00000000e+00
5.300000e+07 0.00000000e+00
5.400000e+07 0.00000000e+00
5.500000e+07 0.00000000e+00
5.538370e+07 0.00000000e+00
5.600000e+07 0.00000000e+00
5.700000e+07 0.00000000e+00
5.752860e+07 0.00000000e+00
5.800000e+07 0.00000000e+00
5.812850e+07 0.00000000e+00
5.900000e+07 0.00000000e+00
5.906990e+07 0.00000000e+00
6.000000e+07 0.00000000e+00
6.031720e+07 0.00000000e+00
6.100000e+07 0.00000000e+00
6.200000e+07 0.00000000e+00
6.300000e+07 0.00000000e+00
6.343210e+07 0.00000000e+00
6.400000e+07 0.00000000e+00
6.500000e+07 0.00000000e+00
6.600000e+07 0.00000000e+00
6.700000e+07 0.00000000e+00
6.800000e+07 0.00000000e+00
6.814260e+07 0.00000000e+00
6.849240e+07 0.00000000e+00
6.900000e+07 0.00000000e+00
7.000000e+07 0.00000000e+00
7.100000e+07 0.00000000e+00
7.200000e+07 0.00000000e+00
7.300000e+07 0.00000000e+00
7.392780e+07 0.00000000e+00
7.400000e+07 0.00000000e+00
7.500000e+07 0.00000000e+00
7.600000e+07 0.00000000e+00
7.700000e+07 0.00000000e+00
7.800000e+07 0.00000000e+00
7.900000e+07 0.00000000e+00
8.000000e+07 0.00000000e+00
8.100000e+07 0.00000000e+00
8.200000e+07 0.00000000e+00
8.300000e+07 0.00000000e+00
8.400000e+07 0.00000000e+00
8.500000e+07 0.00000000e+00
8.600000e+07 0.00000000e+00
8.700000e+07 0.00000000e+00
8.800000e+07 0.00000000e+00
8.900000e+07 0.00000000e+00
9.000000e+07 0.00000000e+00
9.100000e+07 0.00000000e+00
9.200000e+07 0.00000000e+00
9.300000e+07 0.00000000e+00
9.400000e+07 0.00000000e+00
9.500000e+07 0.00000000e+00
9.600000e+07 0.00000000e+00
9.700000e+07 0.00000000e+00
9.800000e+07 0.00000000e+00
9.900000e+07 0.00000000e+00
1.000000e+08 0.00000000e+00
1.020000e+08 0.00000000e+00
1.040000e+08 0.00000000e+00
1.060000e+08 0.00000000e+00
1.080000e+08 0.00000000e+00
1.100000e+08 0.00000000e+00
1.120000e+08 0.00000000e+00
1.140000e+08 0.00000000e+00
1.160000e+08 0.00000000e+00
1.180000e+08 0.00000000e+00
1.200000e+08 0.00000000e+00
1.220000e+08 0.00000000e+00
1.240000e+08 0.00000000e+00
1.260000e+08 0.00000000e+00
1.280000e+08 0.00000000e+00
1.300000e+08 0.00000000e+00
1.320000e+08 0.00000000e+00
1.340000e+08 0.00000000e+00
1.360000e+08 0.00000000e+00
1.380000e+08 0.00000000e+00
1.400000e+08 0.00000000e+00
1.420000e+08 0.00000000e+00
1.440000e+08 0.00000000e+00
1.460000e+08 0.00000000e+00
1.480000e+08 0.00000000e+00
