16-S_n-tot
>   16-S-32:0.949995
>   16-S-33:0.007501
>   16-S-34:0.042504
1.000000e-05 2.68815849e+01
1.250000e-05 2.41527220e+01
1.500000e-05 2.21383098e+01
2.000000e-05 1.93106949e+01
2.750000e-05 1.66202691e+01
3.500000e-05 1.48495825e+01
4.250000e-05 1.35713094e+01
5.000000e-05 1.25928024e+01
6.250000e-05 1.13723247e+01
7.500000e-05 1.04714615e+01
1.000000e-04 9.20695442e+00
1.250000e-04 8.34398834e+00
1.500000e-04 7.70697256e+00
2.000000e-04 6.81281347e+00
2.750000e-04 5.96201921e+00
3.500000e-04 5.40209100e+00
4.250000e-04 4.99787517e+00
5.000000e-04 4.68842548e+00
6.250000e-04 4.30249143e+00
7.500000e-04 4.01760939e+00
1.000000e-03 3.61773258e+00
1.250000e-03 3.34483721e+00
1.500000e-03 3.14339557e+00
2.000000e-03 2.86063451e+00
2.750000e-03 2.59159183e+00
3.500000e-03 2.41453255e+00
4.250000e-03 2.28670503e+00
5.000000e-03 2.18884520e+00
6.250000e-03 2.06680681e+00
7.500000e-03 1.97672037e+00
1.000000e-02 1.85026482e+00
1.250000e-02 1.76396376e+00
1.500000e-02 1.70026391e+00
2.000000e-02 1.61084908e+00
2.530000e-02 1.54675049e+00
3.147500e-02 1.49359753e+00
3.765000e-02 1.45411482e+00
5.000000e-02 1.39841265e+00
6.250000e-02 1.35981550e+00
7.500000e-02 1.33132708e+00
1.000000e-01 1.29133832e+00
1.250000e-01 1.26404700e+00
1.500000e-01 1.24390635e+00
2.000000e-01 1.21562266e+00
2.750000e-01 1.18871958e+00
3.500000e-01 1.17101178e+00
5.000000e-01 1.14843857e+00
7.500000e-01 1.12721725e+00
1.000000e+00 1.11456766e+00
1.500000e+00 1.09955308e+00
2.000000e+00 1.09060908e+00
2.750000e+00 1.08208318e+00
3.500000e+00 1.07646617e+00
5.000000e+00 1.06929948e+00
7.500000e+00 1.06254673e+00
1.000000e+01 1.05849839e+00
1.500000e+01 1.05366145e+00
2.000000e+01 1.05074241e+00
2.750000e+01 1.04791601e+00
3.500000e+01 1.04601056e+00
5.000000e+01 1.04348784e+00
7.500000e+01 1.04092764e+00
1.000000e+02 1.03922708e+00
1.500000e+02 1.03686632e+00
2.000000e+02 1.03512143e+00
2.750000e+02 1.03300783e+00
3.500000e+02 1.03120018e+00
5.000000e+02 1.02803124e+00
7.500000e+02 1.02337101e+00
1.000000e+03 1.01909540e+00
1.500000e+03 1.01116664e+00
2.000000e+03 1.00376931e+00
2.750000e+03 9.93352512e-01
3.500000e+03 9.83538663e-01
5.000000e+03 9.65190618e-01
6.250000e+03 9.51056867e-01
7.500000e+03 9.37001798e-01
8.750000e+03 9.23691465e-01
1.000000e+04 9.10401684e-01
1.086040e+04 9.01426934e-01
1.129060e+04 8.96921819e-01
1.172090e+04 8.92388390e-01
1.215110e+04 8.87799342e-01
1.236620e+04 8.85462364e-01
1.250000e+04 8.83974246e-01
1.258130e+04 8.83079457e-01
1.268880e+04 8.81861720e-01
1.279640e+04 8.80605779e-01
1.290390e+04 8.79294058e-01
1.301150e+04 8.77887801e-01
1.306530e+04 8.77129018e-01
1.311910e+04 8.76313678e-01
1.317280e+04 8.75418106e-01
1.322660e+04 8.74402197e-01
1.325350e+04 8.73832924e-01
1.328040e+04 8.73213920e-01
1.330730e+04 8.72546612e-01
1.333420e+04 8.71867378e-01
1.334760e+04 8.71567902e-01
1.336100e+04 8.71365862e-01
1.337450e+04 8.71402845e-01
1.338790e+04 8.72038038e-01
1.340140e+04 8.74289842e-01
1.340810e+04 8.76888341e-01
1.341480e+04 8.81694537e-01
1.342150e+04 8.91107543e-01
1.342490e+04 8.99173282e-01
1.342830e+04 9.11289875e-01
1.343160e+04 9.30132792e-01
1.343500e+04 9.60582945e-01
1.343830e+04 1.01161053e+00
1.344170e+04 1.09819892e+00
1.344590e+04 1.27142722e+00
1.345000e+04 1.41995055e+00
1.345420e+04 1.35220751e+00
1.345830e+04 1.19949921e+00
1.346150e+04 1.11104835e+00
1.346470e+04 1.05139512e+00
1.346790e+04 1.01112683e+00
1.347110e+04 9.83423039e-01
1.347750e+04 9.49097072e-01
1.348390e+04 9.29568361e-01
1.349030e+04 9.17362782e-01
1.349660e+04 9.09171705e-01
1.350940e+04 8.99072352e-01
1.352220e+04 8.93185046e-01
1.353500e+04 8.89371548e-01
1.354780e+04 8.86708589e-01
1.356050e+04 8.84744351e-01
1.358610e+04 8.82017519e-01
1.361160e+04 8.80190802e-01
1.363720e+04 8.78852208e-01
1.366270e+04 8.77808345e-01
1.371380e+04 8.76227193e-01
1.376500e+04 8.75024129e-01
1.381610e+04 8.74029986e-01
1.386720e+04 8.73161780e-01
1.396940e+04 8.71645216e-01
1.407160e+04 8.70294869e-01
1.417380e+04 8.69037006e-01
1.427600e+04 8.67835699e-01
1.448050e+04 8.65532368e-01
1.468490e+04 8.63306546e-01
1.500000e+04 8.59962495e-01
1.509370e+04 8.58954012e-01
1.550260e+04 8.54627608e-01
1.591140e+04 8.50338973e-01
1.672920e+04 8.41813828e-01
1.836460e+04 8.24843802e-01
2.000000e+04 8.07865225e-01
2.097580e+04 7.97497987e-01
2.146360e+04 7.92270435e-01
2.195150e+04 7.86981918e-01
2.219540e+04 7.84300522e-01
2.243940e+04 7.81577664e-01
2.268330e+04 7.78794184e-01
2.292730e+04 7.75908709e-01
2.304920e+04 7.74407187e-01
2.317120e+04 7.72844476e-01
2.329320e+04 7.71196105e-01
2.341510e+04 7.69424781e-01
2.347610e+04 7.68476196e-01
2.353710e+04 7.67478706e-01
2.365910e+04 7.65390717e-01
2.372010e+04 7.64538742e-01
2.375000e+04 7.64405409e-01
2.375060e+04 7.64402763e-01
2.378100e+04 7.64835443e-01
2.381150e+04 7.66702588e-01
2.382680e+04 7.68859432e-01
2.384200e+04 7.72713223e-01
2.385730e+04 7.79805110e-01
2.387250e+04 7.93515862e-01
2.388010e+04 8.05049006e-01
2.388780e+04 8.21865699e-01
2.389540e+04 8.46711999e-01
2.390300e+04 8.83303499e-01
2.391650e+04 9.84361769e-01
2.393000e+04 1.07808431e+00
2.394350e+04 1.04753066e+00
2.395700e+04 9.62167542e-01
2.396970e+04 9.02122428e-01
2.398240e+04 8.64311039e-01
2.399520e+04 8.40366007e-01
2.400790e+04 8.24542166e-01
2.403330e+04 8.05638933e-01
2.405870e+04 7.95119289e-01
2.408420e+04 7.88543561e-01
2.410960e+04 7.84077997e-01
2.416050e+04 7.78387590e-01
2.421130e+04 7.74859478e-01
2.426220e+04 7.72392143e-01
2.431310e+04 7.70516167e-01
2.436390e+04 7.69002156e-01
2.446570e+04 7.66602740e-01
2.456740e+04 7.64679900e-01
2.466910e+04 7.63019887e-01
2.477090e+04 7.61518611e-01
2.497430e+04 7.58798343e-01
2.517390e+04 7.56337256e-01
2.517780e+04 7.56292355e-01
2.538120e+04 7.54068505e-01
2.558470e+04 7.51916240e-01
2.599160e+04 7.47740696e-01
2.639850e+04 7.43663112e-01
2.646730e+04 7.42985896e-01
2.721240e+04 7.37908444e-01
2.750000e+04 7.35982126e-01
2.776080e+04 7.34247978e-01
2.802620e+04 7.34842607e-01
2.840750e+04 7.35718849e-01
2.873090e+04 7.41041827e-01
2.884010e+04 7.45417688e-01
2.905420e+04 7.54006078e-01
2.937760e+04 7.86110622e-01
2.953930e+04 8.19818076e-01
2.970100e+04 8.82217280e-01
2.978180e+04 9.34799860e-01
2.986270e+04 1.01450761e+00
2.994350e+04 1.14315060e+00
3.002430e+04 1.36965921e+00
3.010520e+04 1.82312160e+00
3.014560e+04 2.24164730e+00
3.018600e+04 2.94033602e+00
3.022640e+04 4.23205913e+00
3.024670e+04 5.32921102e+00
3.026690e+04 7.00805439e+00
3.028710e+04 9.74224720e+00
3.030730e+04 1.45580501e+01
3.032750e+04 2.38582093e+01
3.033760e+04 3.17403144e+01
3.034770e+04 4.30630164e+01
3.036390e+04 6.87741506e+01
3.038000e+04 8.59824496e+01
3.039620e+04 6.87657798e+01
3.041230e+04 4.31308243e+01
3.042470e+04 2.97846254e+01
3.043710e+04 2.12549961e+01
3.044950e+04 1.57631659e+01
3.046190e+04 1.21208809e+01
3.046780e+04 1.11001007e+01
3.048670e+04 7.83014467e+00
3.051150e+04 5.53881565e+00
3.053620e+04 4.18632872e+00
3.056100e+04 3.32670866e+00
3.061060e+04 2.33994319e+00
3.066020e+04 1.81820027e+00
3.070970e+04 1.50968376e+00
3.075930e+04 1.31226913e+00
3.080890e+04 1.17830467e+00
3.090800e+04 1.01315289e+00
3.100720e+04 9.18786152e-01
3.110630e+04 8.59586363e-01
3.120540e+04 8.19820622e-01
3.140370e+04 7.70876097e-01
3.160200e+04 7.42477114e-01
3.199860e+04 7.11068715e-01
3.239510e+04 6.93528374e-01
3.279170e+04 6.81585373e-01
3.358480e+04 6.64510864e-01
3.372310e+04 6.62289166e-01
3.500000e+04 6.41781435e-01
3.517100e+04 6.39042057e-01
3.675730e+04 6.16519477e-01
3.697850e+04 6.13441468e-01
3.992980e+04 5.72307756e-01
4.023390e+04 5.67993924e-01
4.151600e+04 5.49757862e-01
4.186160e+04 5.44781751e-01
4.230910e+04 5.38317813e-01
4.250000e+04 5.35584008e-01
4.270570e+04 5.32643364e-01
4.290400e+04 5.30165231e-01
4.300310e+04 5.30387749e-01
4.305270e+04 5.36252161e-01
4.307750e+04 5.61371975e-01
4.308370e+04 5.86810715e-01
4.308990e+04 6.56250374e-01
4.309300e+04 7.48063478e-01
4.309610e+04 9.87569454e-01
4.309760e+04 1.28578377e+00
4.309920e+04 1.99832697e+00
4.310000e+04 2.80081597e+00
4.310070e+04 4.42764417e+00
4.310110e+04 5.97092041e+00
4.310150e+04 8.46623414e+00
4.310190e+04 1.30076186e+01
4.310230e+04 2.12681100e+01
4.310260e+04 3.36477797e+01
4.310300e+04 4.20625503e+01
4.310340e+04 3.36480644e+01
4.310370e+04 2.12686795e+01
4.310400e+04 1.58523779e+01
4.310420e+04 1.21164275e+01
4.310460e+04 7.53065900e+00
4.310510e+04 5.12732348e+00
4.310550e+04 3.75209158e+00
4.310640e+04 2.34595617e+00
4.310730e+04 1.68721033e+00
4.310910e+04 1.11392573e+00
4.311090e+04 8.79555648e-01
4.311450e+04 6.94259789e-01
4.311810e+04 6.24054874e-01
4.313250e+04 5.51928216e-01
4.316130e+04 5.32421593e-01
4.321890e+04 5.26655323e-01
4.333410e+04 5.23711687e-01
4.348930e+04 5.21209686e-01
4.356440e+04 5.19993201e-01
4.402510e+04 5.13052862e-01
4.494650e+04 4.99181683e-01
4.511690e+04 4.96589601e-01
4.586780e+04 4.85061296e-01
4.632850e+04 4.77992395e-01
4.655880e+04 4.74720646e-01
4.667400e+04 4.74191487e-01
4.673160e+04 4.78301160e-01
4.674460e+04 4.86856062e-01
4.676040e+04 4.97250572e-01
4.677480e+04 5.69727242e-01
4.677840e+04 6.40134372e-01
4.678200e+04 8.24580802e-01
4.678380e+04 1.05542634e+00
4.678560e+04 1.61111506e+00
4.678650e+04 2.23705659e+00
4.678740e+04 3.53791257e+00
4.678780e+04 4.77249727e+00
4.678830e+04 6.85845792e+00
4.678870e+04 1.06443587e+01
4.678920e+04 1.76351815e+01
4.678960e+04 2.79263820e+01
4.679000e+04 3.48401604e+01
4.679040e+04 2.79270464e+01
4.679080e+04 1.76362253e+01
4.679120e+04 1.12348737e+01
4.679160e+04 7.58014764e+00
4.679240e+04 4.09471039e+00
4.679320e+04 2.61205259e+00
4.679400e+04 1.88115434e+00
4.679550e+04 1.20768276e+00
4.679710e+04 9.22458864e-01
4.680020e+04 6.88914519e-01
4.680340e+04 5.98818393e-01
4.681590e+04 5.04508717e-01
4.684100e+04 4.78723181e-01
4.689110e+04 4.71326953e-01
4.699140e+04 4.68049310e-01
4.719200e+04 4.64430459e-01
4.755850e+04 4.58476017e-01
4.759310e+04 4.57906279e-01
4.837230e+04 4.45161127e-01
4.839540e+04 4.44774761e-01
4.918620e+04 4.31375708e-01
4.959310e+04 4.24297350e-01
5.000000e+04 4.17027798e-01
5.046790e+04 4.08018407e-01
5.070190e+04 4.03323245e-01
5.093590e+04 3.98492740e-01
5.116980e+04 3.93637722e-01
5.128680e+04 3.91357779e-01
5.140380e+04 3.89471461e-01
5.146230e+04 3.88860165e-01
5.152080e+04 3.88677506e-01
5.157930e+04 3.89231429e-01
5.163770e+04 3.91093806e-01
5.169620e+04 3.95369586e-01
5.175470e+04 4.04325159e-01
5.178400e+04 4.11895025e-01
5.181320e+04 4.22749604e-01
5.184250e+04 4.38292467e-01
5.187170e+04 4.60308838e-01
5.193590e+04 5.37676636e-01
5.200000e+04 6.18674183e-01
5.203210e+04 6.25523773e-01
5.206420e+04 6.07018579e-01
5.212830e+04 5.45426117e-01
5.220540e+04 4.88764243e-01
5.228240e+04 4.55438088e-01
5.235940e+04 4.35176140e-01
5.243650e+04 4.21855400e-01
5.251350e+04 4.12432411e-01
5.259060e+04 4.05351245e-01
5.274470e+04 3.95231878e-01
5.289870e+04 3.88353872e-01
5.305280e+04 3.84361568e-01
5.312990e+04 3.84239073e-01
5.320690e+04 3.86922069e-01
5.328400e+04 3.95831377e-01
5.332250e+04 4.04940502e-01
5.336100e+04 4.19332781e-01
5.343050e+04 4.63489435e-01
5.350000e+04 5.10416491e-01
5.356950e+04 5.03453659e-01
5.363900e+04 4.66904867e-01
5.368560e+04 4.45841725e-01
5.373230e+04 4.29851203e-01
5.382550e+04 4.08822203e-01
5.391870e+04 3.96110184e-01
5.401200e+04 3.87588323e-01
5.410520e+04 3.81347126e-01
5.419850e+04 3.76447377e-01
5.438500e+04 3.68904392e-01
5.457150e+04 3.62993269e-01
5.475790e+04 3.57953045e-01
5.513090e+04 3.49237160e-01
5.550390e+04 3.41473946e-01
5.565080e+04 3.38613004e-01
5.587690e+04 3.34089234e-01
5.662280e+04 3.19949437e-01
5.736880e+04 3.06357531e-01
5.811480e+04 2.93054929e-01
5.960670e+04 2.66905210e-01
6.109860e+04 2.41067746e-01
6.130150e+04 2.37575042e-01
6.250000e+04 2.18313566e-01
6.259050e+04 2.16860392e-01
6.557440e+04 1.69153919e-01
6.695230e+04 1.47144950e-01
6.855820e+04 1.26754577e-01
6.977760e+04 1.11222091e-01
7.005010e+04 1.08633631e-01
7.119030e+04 9.77202229e-02
7.154200e+04 9.51422860e-02
7.189670e+04 9.25083622e-02
7.228800e+04 9.03060023e-02
7.260300e+04 8.85003339e-02
7.303400e+04 8.69205699e-02
7.330940e+04 8.58676058e-02
7.377990e+04 8.51849830e-02
7.401570e+04 8.47833158e-02
7.452590e+04 8.53037033e-02
7.472200e+04 8.54466773e-02
7.489890e+04 8.61282385e-02
7.500000e+04 8.64891919e-02
7.527180e+04 8.74613449e-02
7.542840e+04 8.79616279e-02
7.564480e+04 8.94288555e-02
7.601780e+04 9.17667376e-02
7.613470e+04 9.24282833e-02
7.639080e+04 9.49305396e-02
7.657730e+04 9.66966550e-02
7.676380e+04 9.85318598e-02
7.684110e+04 9.94547678e-02
7.695020e+04 1.01272744e-01
7.704350e+04 1.03256381e-01
7.713670e+04 1.05907113e-01
7.723000e+04 1.09909149e-01
7.732320e+04 1.16753717e-01
7.736980e+04 1.22186914e-01
7.741650e+04 1.29889341e-01
7.746310e+04 1.40992280e-01
7.750970e+04 1.57062741e-01
7.754740e+04 1.75519140e-01
7.755730e+04 1.80419447e-01
7.760490e+04 2.11488770e-01
7.770000e+04 2.73693378e-01
7.774760e+04 2.83677342e-01
7.779520e+04 2.76057046e-01
7.789030e+04 2.40955923e-01
7.798490e+04 2.11656404e-01
7.807950e+04 1.93143714e-01
7.817410e+04 1.81876374e-01
7.825380e+04 1.76066548e-01
7.826870e+04 1.75126804e-01
7.836330e+04 1.71835441e-01
7.845800e+04 1.70252876e-01
7.864720e+04 1.70130921e-01
7.883640e+04 1.72318746e-01
7.902560e+04 1.75773224e-01
7.940400e+04 1.84688554e-01
7.966640e+04 1.91828761e-01
7.978250e+04 1.96916675e-01
8.016090e+04 2.14200420e-01
8.053930e+04 2.31886206e-01
8.091770e+04 2.49823117e-01
8.107910e+04 2.57569726e-01
8.125000e+04 2.69555048e-01
8.167460e+04 2.99333863e-01
8.243140e+04 3.52758800e-01
8.249180e+04 3.57038379e-01
8.318830e+04 4.27046718e-01
8.390450e+04 4.99151164e-01
8.394520e+04 5.04877395e-01
8.531720e+04 6.98107846e-01
8.545890e+04 7.25769230e-01
8.672990e+04 9.74024798e-01
8.697260e+04 1.03948767e+00
8.750000e+04 1.18177558e+00
8.814260e+04 1.35514559e+00
8.848630e+04 1.48308528e+00
8.955530e+04 1.88105472e+00
9.000000e+04 2.10962480e+00
9.096790e+04 2.60714422e+00
9.238060e+04 3.60990561e+00
9.250000e+04 3.72677184e+00
9.375000e+04 4.95027624e+00
9.379330e+04 4.99265860e+00
9.500000e+04 6.61553981e+00
9.520600e+04 6.89259128e+00
9.632370e+04 8.92833161e+00
9.687500e+04 1.04190921e+01
9.688250e+04 1.04393727e+01
9.702220e+04 1.10820255e+01
9.716190e+04 1.22095556e+01
9.723180e+04 1.32903555e+01
9.730160e+04 1.53845150e+01
9.733650e+04 1.73257301e+01
9.737150e+04 2.06054881e+01
9.740640e+04 2.66640765e+01
9.744130e+04 3.85337843e+01
9.747070e+04 5.46815103e+01
9.750000e+04 6.50857566e+01
9.752940e+04 5.38573817e+01
9.755870e+04 3.76339332e+01
9.757780e+04 3.03242891e+01
9.759690e+04 2.53486877e+01
9.763500e+04 1.96389276e+01
9.767320e+04 1.67980574e+01
9.771130e+04 1.52544053e+01
9.778760e+04 1.38081226e+01
9.786390e+04 1.32502753e+01
9.816900e+04 1.31288247e+01
9.877940e+04 1.44511352e+01
1.000000e+05 1.77022331e+01
1.022810e+05 2.27849068e+01
1.027100e+05 2.37408372e+01
1.045620e+05 2.48872855e+01
1.045850e+05 2.49015238e+01
1.064600e+05 2.35695554e+01
1.067950e+05 2.31509563e+01
1.068430e+05 2.30909774e+01
1.091250e+05 2.02395810e+01
1.101930e+05 1.89051674e+01
1.102100e+05 1.88839264e+01
1.102650e+05 1.89167579e+01
1.110560e+05 1.93890017e+01
1.112670e+05 2.03318874e+01
1.114060e+05 2.16718539e+01
1.114780e+05 2.23659488e+01
1.116900e+05 2.70464338e+01
1.117950e+05 3.15552296e+01
1.119010e+05 3.86873418e+01
1.120410e+05 5.27752304e+01
1.121800e+05 6.24442170e+01
1.123200e+05 5.31776185e+01
1.124590e+05 3.90347905e+01
1.125460e+05 3.32048525e+01
1.125870e+05 3.04574241e+01
1.127140e+05 2.53306579e+01
1.129700e+05 2.01489599e+01
1.132250e+05 1.77394418e+01
1.134800e+05 1.63766282e+01
1.135900e+05 1.61098282e+01
1.136870e+05 1.58745551e+01
1.142570e+05 1.44923058e+01
1.145020e+05 1.38983361e+01
1.148270e+05 1.35467460e+01
1.153980e+05 1.29296773e+01
1.159680e+05 1.23149890e+01
1.165380e+05 1.17032973e+01
1.165440e+05 1.16969113e+01
1.168230e+05 1.15275579e+01
1.169880e+05 1.14294861e+01
1.171090e+05 1.13575593e+01
1.173940e+05 1.11957597e+01
1.175360e+05 1.11208423e+01
1.176790e+05 1.10524375e+01
1.178210e+05 1.09973335e+01
1.179640e+05 1.09656409e+01
1.181070e+05 1.09831449e+01
1.182490e+05 1.11019423e+01
1.183750e+05 1.13211466e+01
1.185000e+05 1.14432898e+01
1.186260e+05 1.11667076e+01
1.186860e+05 1.09871812e+01
1.187510e+05 1.07926893e+01
1.188380e+05 1.05958350e+01
1.189250e+05 1.04461081e+01
1.190130e+05 1.03272670e+01
1.191000e+05 1.02291263e+01
1.192740e+05 1.00670170e+01
1.194490e+05 9.92808186e+00
1.196230e+05 9.80138493e+00
1.197970e+05 9.68094761e+00
1.201460e+05 9.44897683e+00
1.203850e+05 9.29433890e+00
1.204950e+05 9.22315614e+00
1.206290e+05 9.13754826e+00
1.208440e+05 9.05105006e+00
1.211920e+05 8.91254916e+00
1.212340e+05 8.89593998e+00
1.215410e+05 8.77450460e+00
1.220840e+05 8.56082890e+00
1.222380e+05 8.50020591e+00
1.229330e+05 8.22761097e+00
1.229360e+05 8.22643363e+00
1.236330e+05 7.95339540e+00
1.237830e+05 7.89469548e+00
1.243310e+05 7.68004191e+00
1.246320e+05 7.56223441e+00
1.247140e+05 7.53010602e+00
1.250570e+05 7.43876953e+00
1.254810e+05 7.32569939e+00
1.257260e+05 7.26027035e+00
1.259060e+05 7.21223880e+00
1.261180e+05 7.15565148e+00
1.263310e+05 7.09889908e+00
1.265430e+05 7.04278121e+00
1.267550e+05 6.98781911e+00
1.268620e+05 6.96114076e+00
1.269680e+05 6.93622226e+00
1.270740e+05 6.91402999e+00
1.271210e+05 6.90633616e+00
1.271800e+05 6.89668417e+00
1.272600e+05 6.88856821e+00
1.273400e+05 6.88560638e+00
1.275000e+05 6.88331490e+00
1.275800e+05 6.87075106e+00
1.276600e+05 6.84716638e+00
1.278200e+05 6.78529178e+00
1.280010e+05 6.71701355e+00
1.281820e+05 6.65592914e+00
1.283620e+05 6.59991756e+00
1.285160e+05 6.55443145e+00
1.285430e+05 6.54645817e+00
1.287240e+05 6.49469295e+00
1.287990e+05 6.47368172e+00
1.289050e+05 6.45196813e+00
1.292660e+05 6.37987602e+00
1.296280e+05 6.30900305e+00
1.299100e+05 6.25438975e+00
1.299890e+05 6.23909388e+00
1.307130e+05 6.10014659e+00
1.314360e+05 5.96223431e+00
1.321590e+05 5.82475542e+00
1.327000e+05 5.72207113e+00
1.328820e+05 5.68753215e+00
1.328830e+05 5.68734259e+00
1.336050e+05 5.58522677e+00
1.350510e+05 5.38099563e+00
1.354900e+05 5.31905898e+00
1.364980e+05 5.17686251e+00
1.369680e+05 5.11060144e+00
1.379440e+05 5.00404289e+00
1.393900e+05 4.84624903e+00
1.410530e+05 4.66485674e+00
1.410700e+05 4.66326607e+00
1.422830e+05 4.54977711e+00
1.430960e+05 4.47374329e+00
1.441170e+05 4.37612012e+00
1.446270e+05 4.31010896e+00
1.447550e+05 4.28335326e+00
1.448830e+05 4.24024815e+00
1.449470e+05 4.20241743e+00
1.450100e+05 4.13286655e+00
1.450420e+05 4.06714969e+00
1.450740e+05 3.94218164e+00
1.450900e+05 3.82314441e+00
1.451060e+05 3.60255272e+00
1.451140e+05 3.39986986e+00
1.451220e+05 3.04497880e+00
1.451260e+05 2.74911164e+00
1.451300e+05 2.30101728e+00
1.451340e+05 1.67951084e+00
1.451360e+05 1.64549116e+00
1.451370e+05 2.19857807e+00
1.451380e+05 3.86165814e+00
1.451390e+05 8.86153865e+00
1.451400e+05 1.60173948e+01
1.451410e+05 1.87414103e+01
1.451420e+05 1.64675971e+01
1.451440e+05 1.21064547e+01
1.451460e+05 9.72367686e+00
1.451480e+05 8.32124638e+00
1.451490e+05 7.50617900e+00
1.451530e+05 6.54643633e+00
1.451570e+05 6.03412232e+00
1.451640e+05 5.47861149e+00
1.451710e+05 5.19584423e+00
1.451750e+05 5.11837712e+00
1.451860e+05 4.90534282e+00
1.452010e+05 4.75812925e+00
1.452300e+05 4.60906099e+00
1.452600e+05 4.53318968e+00
1.453180e+05 4.45497700e+00
1.453770e+05 4.41360498e+00
1.454950e+05 4.36779672e+00
1.456120e+05 4.34049453e+00
1.460830e+05 4.27794904e+00
1.466490e+05 4.22915331e+00
1.470240e+05 4.19682459e+00
1.480680e+05 4.12316649e+00
1.489050e+05 4.06412433e+00
1.509600e+05 3.94098180e+00
1.522290e+05 3.86495424e+00
1.526680e+05 3.83865202e+00
1.564320e+05 3.64281652e+00
1.567450e+05 3.62599812e+00
1.583130e+05 3.54175894e+00
1.592540e+05 3.46646038e+00
1.594890e+05 3.43301059e+00
1.597240e+05 3.37625743e+00
1.598420e+05 3.32495266e+00
1.599010e+05 3.28581509e+00
1.599600e+05 3.22908362e+00
1.600180e+05 3.13819995e+00
1.600480e+05 3.06804863e+00
1.600770e+05 2.96642409e+00
1.601070e+05 2.80565274e+00
1.601360e+05 2.51289870e+00
1.601510e+05 2.25459321e+00
1.601650e+05 1.82691324e+00
1.601730e+05 1.49508850e+00
1.601800e+05 1.05776694e+00
1.601870e+05 6.55596144e-01
1.601910e+05 9.31371600e-01
1.601930e+05 1.57702310e+00
1.601950e+05 3.03682317e+00
1.601960e+05 5.15051443e+00
1.601970e+05 8.15794197e+00
1.602000e+05 1.57666321e+01
1.602010e+05 1.82149590e+01
1.602030e+05 1.85427071e+01
1.602050e+05 1.61612594e+01
1.602080e+05 1.28738013e+01
1.602110e+05 1.06595526e+01
1.602150e+05 9.14554506e+00
1.602180e+05 8.14431646e+00
1.602240e+05 6.87462840e+00
1.602300e+05 6.13235857e+00
1.602360e+05 5.65115686e+00
1.602420e+05 5.31576039e+00
1.602540e+05 4.88098420e+00
1.602660e+05 4.61241913e+00
1.602790e+05 4.43041749e+00
1.603030e+05 4.19976524e+00
1.603270e+05 4.05969502e+00
1.603520e+05 3.96551894e+00
1.604010e+05 3.84663053e+00
1.604490e+05 3.77432049e+00
1.604980e+05 3.72539921e+00
1.605960e+05 3.66276346e+00
1.606930e+05 3.62364021e+00
1.607910e+05 3.59629678e+00
1.609860e+05 3.55932745e+00
1.613770e+05 3.51501899e+00
1.617670e+05 3.48566359e+00
1.625300e+05 3.44730270e+00
1.633280e+05 3.40718638e+00
1.633880e+05 3.40497670e+00
1.664510e+05 3.29213928e+00
1.695740e+05 3.19276645e+00
1.711360e+05 3.14135098e+00
1.719170e+05 3.10406755e+00
1.721120e+05 3.08791151e+00
1.723070e+05 3.06080203e+00
1.724050e+05 3.03638403e+00
1.725020e+05 2.99058178e+00
1.725510e+05 2.94674270e+00
1.726000e+05 2.86243383e+00
1.726240e+05 2.78153866e+00
1.726490e+05 2.62846275e+00
1.726610e+05 2.48600945e+00
1.726730e+05 2.23007925e+00
1.726790e+05 2.00893864e+00
1.726850e+05 1.65490323e+00
1.726910e+05 1.07705850e+00
1.726940e+05 8.78121561e-01
1.726960e+05 1.18180430e+00
1.726970e+05 2.75238341e+00
1.726990e+05 6.59167394e+00
1.727000e+05 1.26971302e+01
1.727010e+05 1.47721566e+01
1.727030e+05 1.30566079e+01
1.727040e+05 1.03113122e+01
1.727060e+05 8.41491294e+00
1.727090e+05 6.47895575e+00
1.727130e+05 5.51635380e+00
1.727160e+05 4.98324472e+00
1.727230e+05 4.39554841e+00
1.727290e+05 4.09006724e+00
1.727430e+05 3.77048712e+00
1.727560e+05 3.60908130e+00
1.727830e+05 3.44513718e+00
1.728090e+05 3.36264577e+00
1.728630e+05 3.27901075e+00
1.729160e+05 3.23645365e+00
1.730230e+05 3.19249309e+00
1.731290e+05 3.16922356e+00
1.733420e+05 3.14333725e+00
1.735560e+05 3.12783426e+00
1.741000e+05 3.10503236e+00
1.744090e+05 3.09208073e+00
1.761150e+05 3.04601514e+00
1.795270e+05 2.97427087e+00
1.805750e+05 2.95997285e+00
1.816940e+05 2.94470285e+00
1.863510e+05 2.88104620e+00
1.870500e+05 2.88016408e+00
1.897640e+05 2.87672017e+00
1.931760e+05 2.95139102e+00
1.935250e+05 2.97449069e+00
1.948820e+05 3.06428777e+00
1.965880e+05 3.30825961e+00
1.974410e+05 3.53350524e+00
1.982940e+05 3.89626264e+00
1.991470e+05 4.51547120e+00
2.000000e+05 5.64952004e+00
2.005500e+05 6.89775880e+00
2.011000e+05 8.82482600e+00
2.018650e+05 1.28053170e+01
2.025480e+05 1.52444904e+01
2.026300e+05 1.55373325e+01
2.033950e+05 1.29343531e+01
2.041600e+05 9.04695199e+00
2.050490e+05 6.28489474e+00
2.050950e+05 6.21154275e+00
2.059390e+05 4.86566827e+00
2.068280e+05 4.09234232e+00
2.076430e+05 3.67214920e+00
2.077170e+05 3.63399307e+00
2.080260e+05 3.54857105e+00
2.094960e+05 3.14212651e+00
2.101900e+05 3.04520411e+00
2.112740e+05 2.89375102e+00
2.114640e+05 2.87802629e+00
2.127380e+05 2.77250988e+00
2.130530e+05 2.74639211e+00
2.140110e+05 2.69350794e+00
2.148310e+05 2.64812751e+00
2.152850e+05 2.63195407e+00
2.165590e+05 2.58627722e+00
2.171960e+05 2.56327006e+00
2.178330e+05 2.54010607e+00
2.183880e+05 2.51976660e+00
2.184690e+05 2.51801565e+00
2.191060e+05 2.50417714e+00
2.194250e+05 2.49743012e+00
2.197430e+05 2.49126465e+00
2.199020e+05 2.48868158e+00
2.200620e+05 2.48673537e+00
2.202210e+05 2.48591600e+00
2.203800e+05 2.48691429e+00
2.205350e+05 2.49054822e+00
2.206900e+05 2.49756327e+00
2.210000e+05 2.51666642e+00
2.211550e+05 2.52101533e+00
2.213100e+05 2.51892492e+00
2.216200e+05 2.50432862e+00
2.219200e+05 2.48888445e+00
2.222200e+05 2.47585049e+00
2.225200e+05 2.46490481e+00
2.228190e+05 2.45539520e+00
2.231190e+05 2.44679546e+00
2.234190e+05 2.43882143e+00
2.240190e+05 2.42404499e+00
2.246190e+05 2.41019812e+00
2.252180e+05 2.39690387e+00
2.255020e+05 2.39080958e+00
2.264180e+05 2.37735505e+00
2.276170e+05 2.36036909e+00
2.288160e+05 2.34371293e+00
2.300160e+05 2.32723752e+00
2.303440e+05 2.32276788e+00
2.312150e+05 2.31082756e+00
2.326160e+05 2.29175356e+00
2.336140e+05 2.28064374e+00
2.360130e+05 2.25411536e+00
2.384110e+05 2.22770033e+00
2.397300e+05 2.21320649e+00
2.408100e+05 2.20252730e+00
2.415040e+05 2.19568182e+00
2.456080e+05 2.15480472e+00
2.468440e+05 2.14251733e+00
2.504010e+05 2.10831052e+00
2.504050e+05 2.10827161e+00
2.526630e+05 2.08633455e+00
2.539580e+05 2.07353996e+00
2.552030e+05 2.05980291e+00
2.575150e+05 2.03507015e+00
2.592930e+05 2.00450221e+00
2.597380e+05 1.99000590e+00
2.600000e+05 1.97489869e+00
2.601820e+05 1.96435269e+00
2.604050e+05 1.94045893e+00
2.606270e+05 1.89493430e+00
2.607380e+05 1.85112959e+00
2.608490e+05 1.76725410e+00
2.609050e+05 1.68749204e+00
2.609610e+05 1.53920685e+00
2.609880e+05 1.40472109e+00
2.610160e+05 1.17249932e+00
2.610300e+05 9.82615625e-01
2.610440e+05 7.02735104e-01
2.610580e+05 3.35042746e-01
2.610650e+05 3.09453858e-01
2.610680e+05 5.72333972e-01
2.610720e+05 1.36434083e+00
2.610760e+05 3.92565828e+00
2.610800e+05 8.09166928e+00
2.610820e+05 9.47526947e+00
2.610840e+05 9.84124450e+00
2.610880e+05 8.76942008e+00
2.610930e+05 7.08014588e+00
2.610980e+05 5.87955861e+00
2.611080e+05 4.54482946e+00
2.611180e+05 3.86515037e+00
2.611280e+05 3.46556780e+00
2.611480e+05 3.02207128e+00
2.611680e+05 2.78624368e+00
2.612080e+05 2.54032627e+00
2.612470e+05 2.41418476e+00
2.613270e+05 2.28606504e+00
2.614060e+05 2.22127250e+00
2.615650e+05 2.15567857e+00
2.617230e+05 2.12243249e+00
2.620410e+05 2.08848613e+00
2.623580e+05 2.07103219e+00
2.636280e+05 2.04488669e+00
2.638220e+05 2.04459620e+00
2.648980e+05 2.04276539e+00
2.661680e+05 2.06136187e+00
2.674380e+05 2.12128314e+00
2.680730e+05 2.18494010e+00
2.687080e+05 2.29585931e+00
2.693430e+05 2.50052402e+00
2.694020e+05 2.53882474e+00
2.699780e+05 2.91262068e+00
2.702960e+05 3.27947739e+00
2.706130e+05 3.85015647e+00
2.709310e+05 4.76619579e+00
2.712480e+05 6.24754008e+00
2.716640e+05 9.26647270e+00
2.720800e+05 1.16359127e+01
2.724960e+05 1.01127768e+01
2.729120e+05 7.32042847e+00
2.733780e+05 5.26121106e+00
2.738440e+05 4.13549675e+00
2.743100e+05 3.49500187e+00
2.747750e+05 3.10371062e+00
2.749810e+05 2.99080211e+00
2.752410e+05 2.84821746e+00
2.757070e+05 2.67207196e+00
2.766390e+05 2.45027228e+00
2.775710e+05 2.31980512e+00
2.785020e+05 2.23607895e+00
2.803660e+05 2.14187826e+00
2.805610e+05 2.13869951e+00
2.822290e+05 2.11103666e+00
2.831610e+05 2.12414434e+00
2.833510e+05 2.13420832e+00
2.840920e+05 2.17332972e+00
2.850240e+05 2.30089313e+00
2.854900e+05 2.42822950e+00
2.859560e+05 2.64411490e+00
2.861410e+05 2.79967885e+00
2.864220e+05 3.03596612e+00
2.868870e+05 3.82167631e+00
2.871200e+05 4.52559692e+00
2.873530e+05 5.63392090e+00
2.875860e+05 7.44755917e+00
2.878190e+05 1.04525292e+01
2.881000e+05 1.60400169e+01
2.883800e+05 2.01368693e+01
2.886610e+05 1.69218934e+01
2.889310e+05 1.17646206e+01
2.889410e+05 1.15736138e+01
2.892560e+05 7.72135368e+00
2.895720e+05 5.65906326e+00
2.898870e+05 4.50637541e+00
2.902020e+05 3.81281064e+00
2.903260e+05 3.63767225e+00
2.905180e+05 3.36657626e+00
2.908330e+05 3.06302111e+00
2.910230e+05 2.94966861e+00
2.914630e+05 2.68738808e+00
2.917200e+05 2.59903576e+00
2.920940e+05 2.47073333e+00
2.924180e+05 2.39989496e+00
2.927250e+05 2.33300048e+00
2.927670e+05 2.32759069e+00
2.931150e+05 2.28298654e+00
2.934640e+05 2.23851530e+00
2.938130e+05 2.19435851e+00
2.939860e+05 2.17276991e+00
2.945100e+05 2.13647820e+00
2.952080e+05 2.09030872e+00
2.952470e+05 2.08790318e+00
2.959050e+05 2.06400818e+00
2.965080e+05 2.04588713e+00
2.966030e+05 2.04466546e+00
2.973000e+05 2.04177819e+00
2.983000e+05 2.05215560e+00
2.990300e+05 2.07513005e+00
2.993000e+05 2.08634499e+00
3.013000e+05 2.20013900e+00
3.015520e+05 2.20616569e+00
3.023000e+05 2.22686042e+00
3.033000e+05 2.21460166e+00
3.040750e+05 2.18040146e+00
3.053000e+05 2.12501002e+00
3.065970e+05 2.06012885e+00
3.067440e+05 2.05168812e+00
3.072280e+05 2.02664523e+00
3.078580e+05 1.98597518e+00
3.081730e+05 1.95763645e+00
3.081870e+05 1.95568409e+00
3.084890e+05 1.91539395e+00
3.086460e+05 1.87901559e+00
3.088040e+05 1.81332013e+00
3.088830e+05 1.75268979e+00
3.089620e+05 1.64119672e+00
3.090010e+05 1.54001206e+00
3.090400e+05 1.36342629e+00
3.090600e+05 1.21617184e+00
3.090800e+05 9.91678040e-01
3.090990e+05 6.63569499e-01
3.091090e+05 5.78633532e-01
3.091140e+05 7.36806392e-01
3.091190e+05 1.35479868e+00
3.091250e+05 3.32733823e+00
3.091300e+05 6.53757903e+00
3.091330e+05 7.65906634e+00
3.091360e+05 7.95736398e+00
3.091410e+05 7.17821478e+00
3.091470e+05 5.92951128e+00
3.091530e+05 5.03311343e+00
3.091660e+05 3.99524049e+00
3.091780e+05 3.45947818e+00
3.091910e+05 3.14224295e+00
3.092160e+05 2.78935127e+00
3.092410e+05 2.60005823e+00
3.092910e+05 2.40101170e+00
3.093410e+05 2.29813317e+00
3.094410e+05 2.19185959e+00
3.095400e+05 2.13659149e+00
3.096310e+05 2.10974673e+00
3.097400e+05 2.07813966e+00
3.099400e+05 2.04618440e+00
3.103390e+05 2.00825147e+00
3.107390e+05 1.98292974e+00
3.110750e+05 1.96513845e+00
3.115380e+05 1.94265772e+00
3.119370e+05 1.91394567e+00
3.121370e+05 1.87621010e+00
3.122370e+05 1.81212730e+00
3.122870e+05 1.69819633e+00
3.123120e+05 1.50718180e+00
3.123250e+05 1.23759728e+00
3.123310e+05 9.76419758e-01
3.123370e+05 1.44869157e+00
3.123390e+05 2.92964760e+00
3.123400e+05 5.28715485e+00
3.123420e+05 6.34922957e+00
3.123430e+05 5.77358926e+00
3.123470e+05 3.98303732e+00
3.123520e+05 3.22312511e+00
3.123600e+05 2.65610837e+00
3.123770e+05 2.31111188e+00
3.124110e+05 2.12489175e+00
3.124800e+05 2.02778821e+00
3.125180e+05 2.01341964e+00
3.126170e+05 1.97634593e+00
3.128900e+05 1.94591523e+00
3.132400e+05 1.93047472e+00
3.134370e+05 1.92245819e+00
3.139620e+05 1.91039913e+00
3.145310e+05 1.90055519e+00
3.146840e+05 1.89866220e+00
3.154050e+05 1.89822329e+00
3.157660e+05 1.90467426e+00
3.161270e+05 1.92010426e+00
3.164880e+05 1.95203229e+00
3.167190e+05 1.99144717e+00
3.168490e+05 2.01357113e+00
3.172250e+05 2.11650646e+00
3.176000e+05 2.18108040e+00
3.179760e+05 2.09711859e+00
3.183510e+05 1.97810774e+00
3.186390e+05 1.91453287e+00
3.189070e+05 1.87478373e+00
3.189270e+05 1.87172541e+00
3.192150e+05 1.84088879e+00
3.194540e+05 1.82195003e+00
3.195030e+05 1.81769020e+00
3.200010e+05 1.78564560e+00
3.200780e+05 1.77951217e+00
3.202750e+05 1.76682519e+00
3.205480e+05 1.74086898e+00
3.206540e+05 1.72445398e+00
3.206850e+05 1.71987726e+00
3.208220e+05 1.68360565e+00
3.208900e+05 1.64983986e+00
3.209580e+05 1.58631074e+00
3.209920e+05 1.52635032e+00
3.210270e+05 1.41507630e+00
3.210610e+05 1.13865952e+00
3.210780e+05 7.77833108e-01
3.210860e+05 4.81262874e-01
3.210910e+05 4.29776923e-01
3.210950e+05 1.16826464e+00
3.210980e+05 3.07720947e+00
3.211000e+05 6.15061504e+00
3.211030e+05 7.51207775e+00
3.211050e+05 6.75747847e+00
3.211110e+05 4.64278236e+00
3.211170e+05 3.65224383e+00
3.211290e+05 2.84942656e+00
3.211410e+05 2.51994430e+00
3.211530e+05 2.34332573e+00
3.211770e+05 2.15866522e+00
3.212010e+05 2.06405473e+00
3.212300e+05 2.00552218e+00
3.212490e+05 1.96724655e+00
3.212970e+05 1.91798348e+00
3.213940e+05 1.86723207e+00
3.214900e+05 1.84071555e+00
3.216820e+05 1.81196438e+00
3.218060e+05 1.80127375e+00
3.218740e+05 1.79561274e+00
3.222590e+05 1.77583561e+00
3.226430e+05 1.76218350e+00
3.229570e+05 1.75411352e+00
3.241090e+05 1.72681981e+00
3.241820e+05 1.72516429e+00
3.252600e+05 1.70505866e+00
3.272580e+05 1.66938191e+00
3.275630e+05 1.66381876e+00
3.298660e+05 1.62309475e+00
3.300000e+05 1.62076262e+00
3.321690e+05 1.58296594e+00
3.334110e+05 1.56148593e+00
3.367760e+05 1.49149573e+00
3.395640e+05 1.43293582e+00
3.411030e+05 1.39317616e+00
3.413820e+05 1.38456642e+00
3.426410e+05 1.34508764e+00
3.434100e+05 1.31448544e+00
3.436850e+05 1.30099343e+00
3.437950e+05 1.29552839e+00
3.441790e+05 1.27185390e+00
3.445640e+05 1.23935984e+00
3.449480e+05 1.18584601e+00
3.451410e+05 1.13911183e+00
3.453330e+05 1.05554046e+00
3.454290e+05 9.80399504e-01
3.455250e+05 8.48931442e-01
3.455730e+05 7.37723526e-01
3.456210e+05 5.64472386e-01
3.456700e+05 2.95674735e-01
3.456940e+05 2.17250472e-01
3.457060e+05 3.67048870e-01
3.457180e+05 1.02834738e+00
3.457230e+05 1.73992306e+00
3.457290e+05 2.81745221e+00
3.457400e+05 5.61177525e+00
3.457460e+05 6.50578436e+00
3.457510e+05 6.68502085e+00
3.457630e+05 5.87199077e+00
3.457770e+05 4.59923188e+00
3.457920e+05 3.75094614e+00
3.458060e+05 3.21149789e+00
3.458210e+05 2.85429307e+00
3.458500e+05 2.41626908e+00
3.458790e+05 2.16520411e+00
3.459370e+05 1.89088296e+00
3.459880e+05 1.76513171e+00
3.459960e+05 1.74539836e+00
3.460540e+05 1.65500716e+00
3.461120e+05 1.59343881e+00
3.462290e+05 1.51422531e+00
3.463450e+05 1.46486522e+00
3.464620e+05 1.43061498e+00
3.466950e+05 1.38490945e+00
3.469280e+05 1.35445134e+00
3.471610e+05 1.33160269e+00
3.476270e+05 1.29721033e+00
3.482910e+05 1.26111188e+00
3.485590e+05 1.24628147e+00
3.494420e+05 1.20470000e+00
3.494910e+05 1.20235812e+00
3.504230e+05 1.15886920e+00
3.505940e+05 1.15032004e+00
3.513550e+05 1.11193779e+00
3.517460e+05 1.08914824e+00
3.518210e+05 1.08484268e+00
3.522870e+05 1.05099432e+00
3.525200e+05 1.02723017e+00
3.527530e+05 9.90375100e-01
3.528690e+05 9.59422883e-01
3.528970e+05 9.46429063e-01
3.529860e+05 9.05330130e-01
3.530440e+05 8.56893141e-01
3.531020e+05 7.71586846e-01
3.531610e+05 5.80582476e-01
3.531850e+05 4.19499920e-01
3.531900e+05 3.85950469e-01
3.532040e+05 3.16759213e-01
3.532120e+05 4.39183285e-01
3.532190e+05 1.06817959e+00
3.532240e+05 2.53934311e+00
3.532300e+05 4.69946035e+00
3.532360e+05 5.40690224e+00
3.532410e+05 4.66973588e+00
3.532510e+05 3.38589616e+00
3.532600e+05 2.66986059e+00
3.532790e+05 2.01552973e+00
3.532980e+05 1.72682344e+00
3.533170e+05 1.56794346e+00
3.533550e+05 1.39938973e+00
3.533930e+05 1.31186107e+00
3.534680e+05 1.22120296e+00
3.534730e+05 1.21809098e+00
3.535440e+05 1.17409368e+00
3.536960e+05 1.12387755e+00
3.537610e+05 1.11177686e+00
3.538470e+05 1.09609886e+00
3.540490e+05 1.07413619e+00
3.541500e+05 1.06370867e+00
3.543360e+05 1.05122358e+00
3.544530e+05 1.04425488e+00
3.546240e+05 1.03702574e+00
3.549120e+05 1.02786564e+00
3.550580e+05 1.02528767e+00
3.552000e+05 1.02389323e+00
3.554500e+05 1.02574891e+00
3.556640e+05 1.03158066e+00
3.557000e+05 1.03261509e+00
3.562000e+05 1.06474186e+00
3.572000e+05 1.17823699e+00
3.577000e+05 1.21299732e+00
3.580860e+05 1.20996926e+00
3.582000e+05 1.20840495e+00
3.592000e+05 1.12056575e+00
3.602590e+05 1.00606844e+00
3.605080e+05 9.81914250e-01
3.613190e+05 8.95838058e-01
3.623780e+05 7.95690928e-01
3.629310e+05 7.47872553e-01
3.634380e+05 6.99363833e-01
3.653530e+05 5.29826554e-01
3.655560e+05 5.11754152e-01
3.676750e+05 3.34193356e-01
3.677750e+05 3.26088919e-01
3.689870e+05 2.53030990e-01
3.695920e+05 2.34126988e-01
3.697940e+05 2.34555168e-01
3.701980e+05 2.36068495e-01
3.708030e+05 2.68333321e-01
3.714090e+05 3.44432744e-01
3.719130e+05 4.60134294e-01
3.720150e+05 4.83698638e-01
3.726200e+05 7.12311670e-01
3.731110e+05 9.84879622e-01
3.736030e+05 1.35585144e+00
3.745850e+05 2.45720941e+00
3.761500e+05 5.05649485e+00
3.765500e+05 5.72139185e+00
3.775310e+05 6.94101845e+00
3.780210e+05 7.20041709e+00
3.782670e+05 7.13502921e+00
3.783280e+05 7.04876785e+00
3.783890e+05 6.87080346e+00
3.784200e+05 6.70329895e+00
3.784500e+05 6.41475654e+00
3.784810e+05 5.86003407e+00
3.784960e+05 5.55805419e+00
3.785040e+05 5.89873368e+00
3.785080e+05 6.72233749e+00
3.785120e+05 8.86541785e+00
3.785160e+05 1.41823840e+01
3.785200e+05 2.13867622e+01
3.785240e+05 2.31138493e+01
3.785280e+05 2.00674015e+01
3.785320e+05 1.71616479e+01
3.785360e+05 1.50706100e+01
3.785440e+05 1.25745855e+01
3.785510e+05 1.12408807e+01
3.785590e+05 1.04407872e+01
3.785740e+05 9.54401550e+00
3.785890e+05 9.06798704e+00
3.786200e+05 8.57466274e+00
3.786500e+05 8.32457613e+00
3.787110e+05 8.07380413e+00
3.787720e+05 7.94788047e+00
3.790160e+05 7.74351026e+00
3.795040e+05 7.54433873e+00
3.803880e+05 7.14347342e+00
3.804800e+05 7.10185218e+00
3.812900e+05 6.68814262e+00
3.816950e+05 6.48216658e+00
3.818970e+05 6.38110700e+00
3.819980e+05 6.33098571e+00
3.820490e+05 6.30558787e+00
3.820740e+05 6.29195790e+00
3.820870e+05 6.28327623e+00
3.820930e+05 6.27578136e+00
3.820990e+05 6.26002153e+00
3.821000e+05 6.36079710e+00
3.821010e+05 6.38284658e+00
3.821050e+05 6.29396544e+00
3.821100e+05 6.28480798e+00
3.821190e+05 6.27661041e+00
3.821380e+05 6.26574434e+00
3.821750e+05 6.24692858e+00
3.822490e+05 6.21091206e+00
3.823970e+05 6.14049400e+00
3.825060e+05 6.09028848e+00
3.826940e+05 6.00389325e+00
3.832880e+05 5.74692850e+00
3.844760e+05 5.29718066e+00
3.846250e+05 5.25459050e+00
3.867440e+05 4.65260022e+00
3.868510e+05 4.62255945e+00
3.888630e+05 4.23487241e+00
3.892260e+05 4.16752824e+00
3.909810e+05 3.93974779e+00
3.916010e+05 3.86570862e+00
3.920410e+05 3.82891661e+00
3.931000e+05 3.75237109e+00
3.939760e+05 3.70410814e+00
3.948500e+05 3.67635443e+00
3.963510e+05 3.60988655e+00
3.966000e+05 3.60215697e+00
3.983500e+05 3.42779342e+00
3.987260e+05 3.38256695e+00
3.993200e+05 3.31060207e+00
3.999140e+05 3.23174973e+00
4.000000e+05 3.21805158e+00
4.001000e+05 3.20212378e+00
4.002110e+05 3.18590093e+00
4.005080e+05 3.12618242e+00
4.006560e+05 3.08005842e+00
4.008050e+05 3.00214925e+00
4.008790e+05 2.93248524e+00
4.009530e+05 2.80482404e+00
4.009900e+05 2.68710498e+00
4.010270e+05 2.47387342e+00
4.010460e+05 2.28490340e+00
4.010640e+05 1.97093138e+00
4.010830e+05 1.37202902e+00
4.010920e+05 9.20490408e-01
4.010970e+05 7.79898484e-01
4.011020e+05 1.12230587e+00
4.011060e+05 2.84567087e+00
4.011100e+05 6.42305467e+00
4.011140e+05 8.71305275e+00
4.011180e+05 8.47772661e+00
4.011290e+05 6.38553286e+00
4.011400e+05 5.31161024e+00
4.011510e+05 4.75199591e+00
4.011620e+05 4.41800540e+00
4.011840e+05 4.04152084e+00
4.012000e+05 3.89326522e+00
4.012060e+05 3.83773161e+00
4.012500e+05 3.62148159e+00
4.012930e+05 3.50815150e+00
4.013800e+05 3.38892879e+00
4.014680e+05 3.32520732e+00
4.016420e+05 3.25461651e+00
4.018170e+05 3.21285108e+00
4.021660e+05 3.15867253e+00
4.023000e+05 3.14362993e+00
4.025150e+05 3.12165219e+00
4.032140e+05 3.06608371e+00
4.039120e+05 3.01927111e+00
4.045000e+05 2.98615109e+00
4.067000e+05 2.87804679e+00
4.067060e+05 2.87777268e+00
4.081030e+05 2.82240617e+00
4.089000e+05 2.79204399e+00
4.095000e+05 2.77027062e+00
4.108970e+05 2.71698147e+00
4.111000e+05 2.70849384e+00
4.115950e+05 2.68830608e+00
4.117700e+05 2.68562463e+00
4.119440e+05 2.70158454e+00
4.120310e+05 2.73825909e+00
4.121190e+05 2.85434127e+00
4.121620e+05 3.00708982e+00
4.122060e+05 3.36002836e+00
4.122280e+05 3.72450639e+00
4.122500e+05 4.37889439e+00
4.122720e+05 5.66090609e+00
4.122930e+05 8.32682546e+00
4.123120e+05 1.22318662e+01
4.123300e+05 1.52501461e+01
4.123480e+05 1.32612874e+01
4.123670e+05 9.62494482e+00
4.123800e+05 7.73055635e+00
4.123930e+05 6.45184064e+00
4.124060e+05 5.58387427e+00
4.124190e+05 4.98129850e+00
4.124460e+05 4.23398510e+00
4.124720e+05 3.81011895e+00
4.124980e+05 3.54655496e+00
4.125240e+05 3.37234749e+00
4.125770e+05 3.16117589e+00
4.126290e+05 3.04119676e+00
4.126820e+05 2.96567494e+00
4.127860e+05 2.87725039e+00
4.129960e+05 2.79611786e+00
4.132060e+05 2.75744061e+00
4.133000e+05 2.74840515e+00
4.136260e+05 2.71733896e+00
4.140450e+05 2.69384656e+00
4.148840e+05 2.66191757e+00
4.157240e+05 2.63729240e+00
4.174020e+05 2.59593979e+00
4.177000e+05 2.58945631e+00
4.190800e+05 2.56021834e+00
4.220990e+05 2.50090364e+00
4.224370e+05 2.49434399e+00
4.232760e+05 2.47688818e+00
4.241150e+05 2.45587940e+00
4.242990e+05 2.44960630e+00
4.245350e+05 2.44158950e+00
4.249540e+05 2.41952355e+00
4.251640e+05 2.40071927e+00
4.253740e+05 2.36653457e+00
4.254790e+05 2.33434205e+00
4.255840e+05 2.27286119e+00
4.256360e+05 2.21387775e+00
4.256890e+05 2.10215940e+00
4.257150e+05 1.99763232e+00
4.257410e+05 1.80795720e+00
4.257670e+05 1.36752140e+00
4.257800e+05 8.68390661e-01
4.257870e+05 5.19437419e-01
4.257930e+05 7.18061991e-01
4.257970e+05 2.14388390e+00
4.258000e+05 5.17891633e+00
4.258030e+05 7.11609654e+00
4.258070e+05 6.91545481e+00
4.258150e+05 5.20120226e+00
4.258230e+05 4.28914448e+00
4.258400e+05 3.52812964e+00
4.258560e+05 3.20716268e+00
4.258730e+05 3.03255124e+00
4.259060e+05 2.84830521e+00
4.259390e+05 2.75249421e+00
4.260050e+05 2.65386723e+00
4.260710e+05 2.60336699e+00
4.262030e+05 2.55137675e+00
4.263350e+05 2.52429539e+00
4.264990e+05 2.50624646e+00
4.265990e+05 2.49525626e+00
4.268630e+05 2.47892457e+00
4.273910e+05 2.45906713e+00
4.279200e+05 2.44570710e+00
4.286990e+05 2.43231366e+00
4.297990e+05 2.41363861e+00
4.300330e+05 2.40974450e+00
4.308990e+05 2.39923811e+00
4.319990e+05 2.38680623e+00
4.325490e+05 2.38141636e+00
4.330990e+05 2.37730926e+00
4.336490e+05 2.37608056e+00
4.339240e+05 2.37776845e+00
4.341990e+05 2.38256510e+00
4.342590e+05 2.38489994e+00
4.344740e+05 2.39377151e+00
4.347490e+05 2.41745701e+00
4.348870e+05 2.43830343e+00
4.350240e+05 2.46988728e+00
4.351620e+05 2.51850895e+00
4.352990e+05 2.59302593e+00
4.355000e+05 2.75600738e+00
4.357000e+05 2.87743074e+00
4.359010e+05 2.78413835e+00
4.361010e+05 2.62543022e+00
4.363170e+05 2.51282581e+00
4.365330e+05 2.44971887e+00
4.367490e+05 2.41273717e+00
4.369650e+05 2.38931306e+00
4.371810e+05 2.37333186e+00
4.373970e+05 2.36170564e+00
4.378290e+05 2.34560073e+00
4.382610e+05 2.33445691e+00
4.386930e+05 2.32579279e+00
4.395570e+05 2.31205021e+00
4.404210e+05 2.30055271e+00
4.412850e+05 2.29008721e+00
4.427120e+05 2.27396224e+00
4.430130e+05 2.27080590e+00
4.447410e+05 2.25352143e+00
4.464690e+05 2.23659229e+00
4.469380e+05 2.23204903e+00
4.499250e+05 2.20110588e+00
4.511640e+05 2.18826053e+00
4.532770e+05 2.16146150e+00
4.533810e+05 2.15982012e+00
4.543340e+05 2.14468751e+00
4.551090e+05 2.12906554e+00
4.553900e+05 2.12336559e+00
4.564470e+05 2.09289072e+00
4.568370e+05 2.07663652e+00
4.569750e+05 2.07085693e+00
4.575030e+05 2.03984227e+00
4.580320e+05 1.99137505e+00
4.582960e+05 1.95440258e+00
4.585600e+05 1.90108069e+00
4.585650e+05 1.89948084e+00
4.588240e+05 1.81655043e+00
4.589560e+05 1.75233986e+00
4.590880e+05 1.66118743e+00
4.592200e+05 1.52151875e+00
4.592860e+05 1.41997833e+00
4.593520e+05 1.28285110e+00
4.594180e+05 1.08911366e+00
4.594290e+05 1.04169241e+00
4.594840e+05 8.04575466e-01
4.595500e+05 4.02725000e-01
4.595830e+05 2.37287780e-01
4.596000e+05 2.57731670e-01
4.596160e+05 4.75929984e-01
4.596300e+05 9.34480162e-01
4.596430e+05 1.79150351e+00
4.596700e+05 4.61074242e+00
4.596830e+05 5.83866661e+00
4.596970e+05 6.45474496e+00
4.597240e+05 6.30686449e+00
4.597710e+05 5.13337611e+00
4.597940e+05 4.68126600e+00
4.598170e+05 4.33059636e+00
4.598640e+05 3.84024939e+00
4.599110e+05 3.52223151e+00
4.599580e+05 3.30243362e+00
4.600050e+05 3.14249492e+00
4.600980e+05 2.92652952e+00
4.601920e+05 2.78809165e+00
4.602850e+05 2.69205363e+00
4.602930e+05 2.68677005e+00
4.604730e+05 2.56786222e+00
4.606600e+05 2.49132307e+00
4.608470e+05 2.43986379e+00
4.612210e+05 2.37689251e+00
4.615960e+05 2.34541184e+00
4.619700e+05 2.34482674e+00
4.620210e+05 2.35162265e+00
4.621580e+05 2.37004979e+00
4.622510e+05 2.39927586e+00
4.623450e+05 2.45329633e+00
4.624380e+05 2.56305347e+00
4.624530e+05 2.59523313e+00
4.624850e+05 2.66395741e+00
4.625320e+05 2.83048384e+00
4.625790e+05 3.13243206e+00
4.626020e+05 3.38390046e+00
4.626260e+05 3.76148256e+00
4.626490e+05 4.36113363e+00
4.626690e+05 5.24807785e+00
4.626720e+05 5.38113091e+00
4.626960e+05 7.25442901e+00
4.627190e+05 1.08630203e+01
4.627400e+05 1.59450425e+01
4.627600e+05 1.92204536e+01
4.627810e+05 1.56898212e+01
4.628010e+05 1.05786764e+01
4.628190e+05 7.59910003e+00
4.628370e+05 5.83237281e+00
4.628560e+05 4.76658606e+00
4.628740e+05 4.09663756e+00
4.628850e+05 3.86618861e+00
4.629100e+05 3.34265223e+00
4.629460e+05 2.96113888e+00
4.629830e+05 2.74323828e+00
4.630190e+05 2.60862863e+00
4.630920e+05 2.45816332e+00
4.631010e+05 2.44847216e+00
4.631640e+05 2.38195430e+00
4.632370e+05 2.33859180e+00
4.633170e+05 2.31407439e+00
4.633820e+05 2.29648150e+00
4.634250e+05 2.29349451e+00
4.635330e+05 2.29137548e+00
4.636410e+05 2.29927979e+00
4.636730e+05 2.30706777e+00
4.637490e+05 2.33145030e+00
4.638750e+05 2.40503790e+00
4.639630e+05 2.45130602e+00
4.640000e+05 2.47185779e+00
4.641260e+05 2.43984659e+00
4.642510e+05 2.36520838e+00
4.643460e+05 2.32127417e+00
4.644400e+05 2.28999142e+00
4.645350e+05 2.26751378e+00
4.645450e+05 2.26573610e+00
4.646290e+05 2.25184266e+00
4.648180e+05 2.23063427e+00
4.650070e+05 2.21644419e+00
4.651260e+05 2.20972023e+00
4.651960e+05 2.20618845e+00
4.653850e+05 2.19858021e+00
4.657630e+05 2.18634456e+00
4.661410e+05 2.17601394e+00
4.662880e+05 2.17230327e+00
4.665190e+05 2.16730162e+00
4.672750e+05 2.15139291e+00
4.674510e+05 2.14740540e+00
4.680310e+05 2.13567441e+00
4.684090e+05 2.12693574e+00
4.687870e+05 2.11704924e+00
4.691650e+05 2.10568564e+00
4.695430e+05 2.09293848e+00
4.697320e+05 2.08667061e+00
4.697760e+05 2.08554360e+00
4.699210e+05 2.08207311e+00
4.700160e+05 2.08116993e+00
4.701100e+05 2.08202613e+00
4.702050e+05 2.08569531e+00
4.702990e+05 2.09376729e+00
4.703620e+05 2.10257690e+00
4.704240e+05 2.11497663e+00
4.705500e+05 2.15315100e+00
4.708000e+05 2.27271269e+00
4.709250e+05 2.32135700e+00
4.710510e+05 2.34270734e+00
4.713010e+05 2.32785614e+00
4.715730e+05 2.29002657e+00
4.718450e+05 2.25843492e+00
4.721010e+05 2.23639038e+00
4.721170e+05 2.23503195e+00
4.723880e+05 2.21787127e+00
4.726600e+05 2.20469033e+00
4.729320e+05 2.19422669e+00
4.734760e+05 2.17844709e+00
4.740200e+05 2.16680146e+00
4.745630e+05 2.15756192e+00
4.756510e+05 2.14308816e+00
4.767380e+05 2.13153268e+00
4.767510e+05 2.13141314e+00
4.778250e+05 2.12244811e+00
4.800000e+05 2.11013819e+00
4.814010e+05 2.10332076e+00
4.907000e+05 2.06396511e+00
5.000000e+05 2.02821962e+00
5.066580e+05 1.99998707e+00
5.083230e+05 1.99116194e+00
5.099870e+05 1.97931583e+00
5.108200e+05 1.97037179e+00
5.116520e+05 1.95540479e+00
5.120680e+05 1.94195531e+00
5.124840e+05 1.91673540e+00
5.126920e+05 1.89257826e+00
5.129000e+05 1.84605823e+00
5.130040e+05 1.80123808e+00
5.131080e+05 1.71605264e+00
5.131600e+05 1.63622487e+00
5.132120e+05 1.49121794e+00
5.132640e+05 1.15395102e+00
5.132900e+05 7.69450198e-01
5.133030e+05 4.94054324e-01
5.133160e+05 5.57013419e-01
5.133230e+05 1.51450297e+00
5.133300e+05 3.68047261e+00
5.133370e+05 5.16475434e+00
5.133440e+05 5.10974967e+00
5.133630e+05 3.84458444e+00
5.133820e+05 3.20706191e+00
5.134200e+05 2.69225984e+00
5.134590e+05 2.47933769e+00
5.134970e+05 2.36430302e+00
5.135730e+05 2.24341661e+00
5.136500e+05 2.18071739e+00
5.138030e+05 2.11637514e+00
5.139560e+05 2.08343021e+00
5.142630e+05 2.04964070e+00
5.145690e+05 2.03209610e+00
5.151820e+05 2.01342282e+00
5.157950e+05 2.00301449e+00
5.170210e+05 1.99047230e+00
5.182460e+05 1.98206257e+00
5.206970e+05 1.96926161e+00
5.231490e+05 1.95814214e+00
5.250000e+05 1.94968013e+00
5.256000e+05 1.94693710e+00
5.280510e+05 1.93374634e+00
5.292770e+05 1.92480448e+00
5.305020e+05 1.91102714e+00
5.311150e+05 1.89928874e+00
5.317280e+05 1.87795540e+00
5.320340e+05 1.85782678e+00
5.323410e+05 1.81923976e+00
5.324940e+05 1.78205784e+00
5.326470e+05 1.71086610e+00
5.327240e+05 1.64341690e+00
5.328000e+05 1.51867349e+00
5.328390e+05 1.40634631e+00
5.328770e+05 1.21428604e+00
5.329150e+05 8.30455980e-01
5.329350e+05 5.04633461e-01
5.329540e+05 4.83915130e-01
5.329620e+05 1.40805701e+00
5.329700e+05 3.52365792e+00
5.329780e+05 5.00168869e+00
5.329860e+05 4.97264739e+00
5.330070e+05 3.83841048e+00
5.330280e+05 3.21600238e+00
5.330490e+05 2.88588874e+00
5.330700e+05 2.68725440e+00
5.331130e+05 2.46252383e+00
5.331550e+05 2.34024072e+00
5.332390e+05 2.21075689e+00
5.333230e+05 2.14338373e+00
5.334910e+05 2.07396857e+00
5.336590e+05 2.03840172e+00
5.339950e+05 2.00189536e+00
5.343320e+05 1.98297341e+00
5.350040e+05 1.96292290e+00
5.356770e+05 1.95183085e+00
5.370220e+05 1.93868120e+00
5.383670e+05 1.93006302e+00
5.410570e+05 1.91744365e+00
5.437480e+05 1.90716126e+00
5.545090e+05 1.87225418e+00
5.598890e+05 1.85618288e+00
5.652700e+05 1.84084308e+00
5.706500e+05 1.82647227e+00
5.733410e+05 1.81743438e+00
5.746860e+05 1.80467423e+00
5.750220e+05 1.79625922e+00
5.753580e+05 1.77929425e+00
5.755270e+05 1.76230932e+00
5.756950e+05 1.72866146e+00
5.758630e+05 1.63190545e+00
5.759470e+05 1.45832284e+00
5.759890e+05 1.18243504e+00
5.760310e+05 4.81939370e-01
5.760360e+05 1.28983225e+00
5.760400e+05 3.15130947e+00
5.760450e+05 4.49229394e+00
5.760490e+05 4.50334241e+00
5.760680e+05 3.12556477e+00
5.760880e+05 2.61979705e+00
5.761260e+05 2.26734912e+00
5.762030e+05 2.06129565e+00
5.762810e+05 1.98824149e+00
5.763580e+05 1.95102113e+00
5.765120e+05 1.91356372e+00
5.766670e+05 1.89499221e+00
5.769750e+05 1.87707709e+00
5.772840e+05 1.86904192e+00
5.785190e+05 1.86445108e+00
5.797540e+05 1.87785315e+00
5.809890e+05 1.90955213e+00
5.822240e+05 1.97667642e+00
5.828410e+05 2.03730867e+00
5.834590e+05 2.13355624e+00
5.840760e+05 2.29620845e+00
5.843850e+05 2.42133408e+00
5.846940e+05 2.59439645e+00
5.850020e+05 2.83942094e+00
5.853110e+05 3.19105388e+00
5.854650e+05 3.41948107e+00
5.856200e+05 3.68914754e+00
5.857740e+05 4.02883815e+00
5.858510e+05 4.29415320e+00
5.859280e+05 4.82975132e+00
5.860040e+05 6.15698028e+00
5.860800e+05 8.70582680e+00
5.861560e+05 1.08061902e+01
5.862320e+05 1.15810065e+01
5.862360e+05 1.16072264e+01
5.862460e+05 1.16646062e+01
5.862560e+05 1.17195160e+01
5.862760e+05 1.18260105e+01
5.863170e+05 1.20507796e+01
5.863970e+05 1.26212520e+01
5.865580e+05 1.41840897e+01
5.868800e+05 1.60833216e+01
5.875240e+05 8.51508565e+00
5.877510e+05 6.50898253e+00
5.879770e+05 5.19405775e+00
5.882030e+05 4.32624813e+00
5.884300e+05 3.73813604e+00
5.888830e+05 3.02899589e+00
5.893360e+05 2.64050756e+00
5.897880e+05 2.40667840e+00
5.902410e+05 2.25547982e+00
5.911470e+05 2.07800699e+00
5.920530e+05 1.98106524e+00
5.929580e+05 1.92162929e+00
5.947700e+05 1.85382912e+00
5.965810e+05 1.81623879e+00
5.983930e+05 1.79178690e+00
6.000000e+05 1.77766780e+00
6.020150e+05 1.75997953e+00
6.056380e+05 1.73810250e+00
6.092610e+05 1.72075694e+00
6.150000e+05 1.69981929e+00
6.165070e+05 1.69432005e+00
6.237520e+05 1.68237533e+00
6.273750e+05 1.68849167e+00
6.309980e+05 1.71316141e+00
6.346210e+05 1.77842443e+00
6.364320e+05 1.84239152e+00
6.382440e+05 1.94693291e+00
6.400550e+05 2.12526990e+00
6.418670e+05 2.45011513e+00
6.436780e+05 3.09965914e+00
6.445840e+05 3.66986711e+00
6.450370e+05 4.04077939e+00
6.452630e+05 4.21342485e+00
6.453760e+05 4.22050374e+00
6.454330e+05 4.08452218e+00
6.454610e+05 3.84299580e+00
6.454890e+05 3.50832242e+00
6.454950e+05 4.12990422e+00
6.455000e+05 5.62577591e+00
6.455050e+05 6.72520519e+00
6.455110e+05 6.75676410e+00
6.455320e+05 5.74256870e+00
6.455530e+05 5.36353046e+00
6.455960e+05 5.12852124e+00
6.456810e+05 5.07239662e+00
6.458500e+05 5.22841643e+00
6.461900e+05 5.75116499e+00
6.468700e+05 7.21618939e+00
6.480550e+05 1.09636402e+01
6.492400e+05 1.35952363e+01
6.500000e+05 1.19933892e+01
6.504250e+05 1.10976194e+01
6.516100e+05 7.40588717e+00
6.525060e+05 5.53086475e+00
6.534020e+05 4.32537031e+00
6.542980e+05 3.54118916e+00
6.551930e+05 3.01258514e+00
6.569850e+05 2.37127545e+00
6.587770e+05 2.00750680e+00
6.605680e+05 1.77252895e+00
6.623600e+05 1.60049779e+00
6.641520e+05 1.44797953e+00
6.646000e+05 1.40302187e+00
6.650470e+05 1.34311128e+00
6.652710e+05 1.29828382e+00
6.654950e+05 1.22567851e+00
6.656070e+05 1.16426273e+00
6.657190e+05 1.06065008e+00
6.658310e+05 8.43694475e-01
6.658870e+05 6.33815630e-01
6.659150e+05 5.18864686e-01
6.659430e+05 6.07932768e-01
6.659620e+05 1.19942649e+00
6.659800e+05 2.48197697e+00
6.659980e+05 3.32820424e+00
6.660170e+05 3.26587530e+00
6.660530e+05 2.68000434e+00
6.660890e+05 2.30508926e+00
6.661610e+05 1.94570705e+00
6.662330e+05 1.78036133e+00
6.663050e+05 1.68616072e+00
6.664490e+05 1.58123558e+00
6.665930e+05 1.52238519e+00
6.668810e+05 1.45421715e+00
6.671700e+05 1.41198399e+00
6.677460e+05 1.35443101e+00
6.683220e+05 1.31070045e+00
6.694750e+05 1.23689077e+00
6.706280e+05 1.16814456e+00
6.717800e+05 1.09746986e+00
6.729330e+05 1.01902515e+00
6.740860e+05 9.36238022e-01
6.743740e+05 9.32991694e-01
6.745180e+05 9.47577820e-01
6.746620e+05 9.89986449e-01
6.748060e+05 1.09794473e+00
6.748780e+05 1.20522857e+00
6.749500e+05 1.38361953e+00
6.750220e+05 1.69425930e+00
6.750940e+05 2.26585319e+00
6.751660e+05 3.39260516e+00
6.752380e+05 5.71864982e+00
6.753040e+05 9.53695605e+00
6.753700e+05 1.28961772e+01
6.754360e+05 1.14839155e+01
6.755020e+05 8.15538080e+00
6.755500e+05 6.30823012e+00
6.755980e+05 5.02717197e+00
6.756460e+05 4.14559621e+00
6.756940e+05 3.52582957e+00
6.757900e+05 2.74356689e+00
6.758860e+05 2.28866299e+00
6.759820e+05 1.99940971e+00
6.760780e+05 1.80237245e+00
6.762700e+05 1.55444516e+00
6.764620e+05 1.40587784e+00
6.766540e+05 1.30660577e+00
6.770380e+05 1.17987174e+00
6.774220e+05 1.09887998e+00
6.778060e+05 1.03948729e+00
6.785740e+05 9.50880425e-01
6.801090e+05 8.18148289e-01
6.816450e+05 7.02019227e-01
6.847170e+05 4.76327470e-01
6.862530e+05 3.69096062e-01
6.870210e+05 3.19945334e-01
6.874050e+05 2.95404170e-01
6.875970e+05 2.81976494e-01
6.876930e+05 2.82497343e-01
6.877410e+05 3.24669172e-01
6.877650e+05 4.65299132e-01
6.877770e+05 7.32531926e-01
6.877880e+05 1.64368937e+00
6.878000e+05 3.41956267e+00
6.878120e+05 2.06195347e+00
6.878210e+05 1.21580253e+00
6.878300e+05 8.39773725e-01
6.878480e+05 5.52846010e-01
6.878840e+05 3.97375979e-01
6.879570e+05 3.27681460e-01
6.881030e+05 2.95202009e-01
6.883940e+05 2.74726609e-01
6.889760e+05 2.59232826e-01
6.895580e+05 2.60695504e-01
6.901400e+05 2.80848383e-01
6.908780e+05 3.40857405e-01
6.916150e+05 4.51097401e-01
6.923530e+05 6.25483921e-01
6.930900e+05 8.76780124e-01
6.945650e+05 1.62724429e+00
6.960400e+05 2.59831914e+00
6.975150e+05 3.48294445e+00
6.989900e+05 4.02811754e+00
7.000000e+05 4.08704643e+00
7.019400e+05 4.20024469e+00
7.045150e+05 3.94726603e+00
7.070900e+05 3.65661058e+00
7.096650e+05 3.40834390e+00
7.122400e+05 3.21460693e+00
7.148150e+05 3.07864866e+00
7.173900e+05 3.02418096e+00
7.186780e+05 3.05508682e+00
7.199650e+05 3.16939271e+00
7.212530e+05 3.45944770e+00
7.225400e+05 4.13733813e+00
7.236650e+05 5.24623859e+00
7.247900e+05 6.21097731e+00
7.259160e+05 5.74343708e+00
7.270410e+05 4.71269229e+00
7.284090e+05 3.85314067e+00
7.297780e+05 3.37615205e+00
7.311460e+05 3.09479588e+00
7.325140e+05 2.91249569e+00
7.338830e+05 2.78447824e+00
7.352510e+05 2.68938759e+00
7.366190e+05 2.61508283e+00
7.373030e+05 2.56840201e+00
7.374740e+05 2.54415149e+00
7.376450e+05 2.49677810e+00
7.377310e+05 2.44969778e+00
7.378160e+05 2.35755918e+00
7.379020e+05 2.10707544e+00
7.379450e+05 1.72229018e+00
7.379870e+05 7.16485579e-01
7.379940e+05 1.35008296e+00
7.380000e+05 3.28656237e+00
7.380060e+05 4.97701207e+00
7.380130e+05 5.24400828e+00
7.380300e+05 4.36784718e+00
7.380480e+05 3.82375684e+00
7.380840e+05 3.35863039e+00
7.381550e+05 3.05573517e+00
7.382260e+05 2.94688593e+00
7.382970e+05 2.89458989e+00
7.384400e+05 2.85218450e+00
7.385820e+05 2.84583141e+00
7.388670e+05 2.88739845e+00
7.391510e+05 2.99240614e+00
7.394360e+05 3.18789138e+00
7.397210e+05 3.54495176e+00
7.400050e+05 4.21992795e+00
7.402900e+05 5.52629933e+00
7.405700e+05 7.71711598e+00
7.408500e+05 9.52332715e+00
7.411300e+05 8.53550803e+00
7.414100e+05 6.53737872e+00
7.416820e+05 5.17729442e+00
7.419540e+05 4.35892577e+00
7.422260e+05 3.85741846e+00
7.424970e+05 3.53361719e+00
7.430410e+05 3.15575627e+00
7.435850e+05 2.94916994e+00
7.441280e+05 2.82083469e+00
7.446720e+05 2.73338723e+00
7.457590e+05 2.62035599e+00
7.468460e+05 2.54812703e+00
7.479330e+05 2.49593346e+00
7.500000e+05 2.42485263e+00
7.501080e+05 2.42113859e+00
7.544570e+05 2.32084065e+00
7.588060e+05 2.24491957e+00
7.631550e+05 2.17574346e+00
7.675030e+05 2.10121887e+00
7.696780e+05 2.05606213e+00
7.707650e+05 2.02936552e+00
7.718520e+05 1.99807094e+00
7.729400e+05 1.95899591e+00
7.740270e+05 1.90274496e+00
7.745700e+05 1.85773331e+00
7.748420e+05 1.82477280e+00
7.751140e+05 1.77762887e+00
7.753860e+05 1.70232708e+00
7.756580e+05 1.56173214e+00
7.757940e+05 1.43573646e+00
7.759290e+05 1.22777520e+00
7.759970e+05 1.06966291e+00
7.760650e+05 8.57632706e-01
7.761330e+05 5.95766713e-01
7.762010e+05 4.63363189e-01
7.762260e+05 6.02532154e-01
7.762510e+05 9.85546784e-01
7.762750e+05 1.69434223e+00
7.763000e+05 2.64872661e+00
7.763490e+05 4.15777544e+00
7.763990e+05 4.45032720e+00
7.764950e+05 3.99122464e+00
7.765900e+05 3.60231719e+00
7.766860e+05 3.37545041e+00
7.767820e+05 3.24819060e+00
7.768770e+05 3.18352595e+00
7.769730e+05 3.16250408e+00
7.771640e+05 3.21869932e+00
7.773560e+05 3.39200046e+00
7.775470e+05 3.69733188e+00
7.779300e+05 4.88729220e+00
7.782900e+05 6.97629891e+00
7.786500e+05 8.86127521e+00
7.790100e+05 8.09960343e+00
7.793700e+05 6.23385696e+00
7.796390e+05 5.16147838e+00
7.799080e+05 4.41610707e+00
7.804460e+05 3.53298126e+00
7.809840e+05 3.05344182e+00
7.815220e+05 2.74725747e+00
7.825980e+05 2.26741307e+00
7.828670e+05 2.10739069e+00
7.830010e+05 2.00311186e+00
7.831360e+05 1.86991521e+00
7.832700e+05 1.68914278e+00
7.834050e+05 1.42680381e+00
7.835390e+05 1.03295701e+00
7.836060e+05 8.00757443e-01
7.836740e+05 6.94506332e-01
7.837050e+05 8.21399556e-01
7.837370e+05 1.19722379e+00
7.837680e+05 1.90772554e+00
7.838000e+05 2.87350046e+00
7.838630e+05 4.40878838e+00
7.839260e+05 4.70041885e+00
7.839940e+05 4.45190123e+00
7.840610e+05 4.14373342e+00
7.841960e+05 3.68510648e+00
7.843310e+05 3.40115511e+00
7.844660e+05 3.21452124e+00
7.846010e+05 3.08311057e+00
7.847350e+05 2.98534871e+00
7.850050e+05 2.84847772e+00
7.852750e+05 2.75583849e+00
7.855440e+05 2.68793712e+00
7.860830e+05 2.59289867e+00
7.866230e+05 2.52770909e+00
7.871620e+05 2.47908740e+00
7.882400e+05 2.40942238e+00
7.893190e+05 2.36044826e+00
7.903970e+05 2.32320656e+00
7.925540e+05 2.26870159e+00
7.968680e+05 2.19840393e+00
8.000000e+05 2.16392014e+00
8.011820e+05 2.15090925e+00
8.054960e+05 2.11388222e+00
8.098100e+05 2.08304917e+00
8.119670e+05 2.07066312e+00
8.141240e+05 2.06582004e+00
8.152030e+05 2.07438045e+00
8.157420e+05 2.08734835e+00
8.162810e+05 2.11437617e+00
8.168200e+05 2.17453032e+00
8.170900e+05 2.23255151e+00
8.173600e+05 2.33079549e+00
8.176290e+05 2.51157501e+00
8.178990e+05 2.88648603e+00
8.180340e+05 3.23598219e+00
8.181680e+05 3.81021864e+00
8.183030e+05 4.80623390e+00
8.184380e+05 6.57996256e+00
8.185790e+05 9.53347112e+00
8.187200e+05 1.16834169e+01
8.188610e+05 9.95670861e+00
8.190020e+05 7.11112469e+00
8.191160e+05 5.51792819e+00
8.192300e+05 4.50569162e+00
8.193450e+05 3.85847166e+00
8.194590e+05 3.43008302e+00
8.196870e+05 2.92495589e+00
8.199160e+05 2.65284356e+00
8.201440e+05 2.48990464e+00
8.203720e+05 2.38444991e+00
8.208290e+05 2.25962902e+00
8.212860e+05 2.19012633e+00
8.217420e+05 2.14645400e+00
8.226560e+05 2.09446817e+00
8.235690e+05 2.06343922e+00
8.244830e+05 2.04135924e+00
8.263100e+05 2.00721221e+00
8.281360e+05 1.97391065e+00
8.290500e+05 1.95363566e+00
8.299630e+05 1.92732819e+00
8.308770e+05 1.88850929e+00
8.313330e+05 1.85978038e+00
8.317900e+05 1.81896754e+00
8.322470e+05 1.75506983e+00
8.324750e+05 1.70676680e+00
8.327040e+05 1.63829540e+00
8.329320e+05 1.53340117e+00
8.331600e+05 1.35347633e+00
8.332740e+05 1.20649521e+00
8.333890e+05 9.86687496e-01
8.336170e+05 3.47035379e-01
8.336450e+05 4.39645210e-01
8.336740e+05 7.45616335e-01
8.337020e+05 1.34510740e+00
8.337300e+05 2.17470055e+00
8.337870e+05 3.53968292e+00
8.338430e+05 3.83858088e+00
8.339050e+05 3.64955202e+00
8.339670e+05 3.39679750e+00
8.340910e+05 3.01967078e+00
8.342150e+05 2.78915678e+00
8.343390e+05 2.64025686e+00
8.345870e+05 2.46253638e+00
8.348350e+05 2.36108150e+00
8.350830e+05 2.29552693e+00
8.353310e+05 2.24964676e+00
8.358280e+05 2.18935977e+00
8.363240e+05 2.15116014e+00
8.368200e+05 2.12449346e+00
8.378120e+05 2.08900099e+00
8.388040e+05 2.06573496e+00
8.397960e+05 2.04871989e+00
8.417810e+05 2.02426573e+00
8.437650e+05 2.00627152e+00
8.457490e+05 1.99150729e+00
8.497180e+05 1.96653882e+00
8.536870e+05 1.94360334e+00
8.576550e+05 1.91904335e+00
8.596400e+05 1.90420314e+00
8.616240e+05 1.88449894e+00
8.626160e+05 1.87023886e+00
8.636090e+05 1.84807484e+00
8.641050e+05 1.82969211e+00
8.646010e+05 1.79763895e+00
8.648490e+05 1.76858319e+00
8.650970e+05 1.71488456e+00
8.652210e+05 1.66476511e+00
8.653450e+05 1.57204789e+00
8.654690e+05 1.33987141e+00
8.655310e+05 1.02467467e+00
8.655930e+05 3.79209310e-01
8.656060e+05 7.01328155e-01
8.656200e+05 1.92910860e+00
8.656340e+05 3.13059604e+00
8.656470e+05 3.41342879e+00
8.656970e+05 2.82676980e+00
8.656980e+05 2.81989806e+00
8.657460e+05 2.49005448e+00
8.658450e+05 2.22203423e+00
8.659440e+05 2.11096265e+00
8.660420e+05 2.04999379e+00
8.662400e+05 1.98355482e+00
8.664370e+05 1.94629967e+00
8.668330e+05 1.90053627e+00
8.672280e+05 1.86555529e+00
8.676230e+05 1.82664132e+00
8.680180e+05 1.76576348e+00
8.682160e+05 1.71202594e+00
8.684130e+05 1.61437961e+00
8.685120e+05 1.52582291e+00
8.686110e+05 1.37057657e+00
8.687090e+05 1.03611935e+00
8.688080e+05 3.27043019e-01
8.688290e+05 6.69773105e-01
8.688500e+05 1.97369483e+00
8.688710e+05 3.25775596e+00
8.688920e+05 3.56149825e+00
8.689530e+05 3.05355606e+00
8.690140e+05 2.69443058e+00
8.690740e+05 2.49802023e+00
8.691350e+05 2.37798949e+00
8.692570e+05 2.24031848e+00
8.693780e+05 2.16390313e+00
8.696210e+05 2.08125808e+00
8.698640e+05 2.03684083e+00
8.703510e+05 1.98891312e+00
8.708370e+05 1.96240778e+00
8.718090e+05 1.93165549e+00
8.727820e+05 1.91225566e+00
8.747260e+05 1.88416240e+00
8.766710e+05 1.85897615e+00
8.786160e+05 1.82942941e+00
8.795890e+05 1.81004858e+00
8.805610e+05 1.78415077e+00
8.815330e+05 1.74533302e+00
8.820200e+05 1.71647171e+00
8.825060e+05 1.67546945e+00
8.829920e+05 1.61150581e+00
8.832350e+05 1.56342158e+00
8.834780e+05 1.49568194e+00
8.837210e+05 1.39304900e+00
8.839640e+05 1.22032542e+00
8.840860e+05 1.08272091e+00
8.842070e+05 8.83543401e-01
8.844510e+05 3.39888593e-01
8.844850e+05 4.03417290e-01
8.845200e+05 6.52214980e-01
8.845550e+05 1.16184520e+00
8.845900e+05 1.88524804e+00
8.846600e+05 3.11291838e+00
8.847300e+05 3.41471409e+00
8.847930e+05 3.30843932e+00
8.848570e+05 3.13360343e+00
8.849850e+05 2.83573487e+00
8.851120e+05 2.63475629e+00
8.852400e+05 2.49813038e+00
8.854950e+05 2.32839001e+00
8.857500e+05 2.22839827e+00
8.860050e+05 2.16265385e+00
8.862600e+05 2.11608033e+00
8.867700e+05 2.05418813e+00
8.872800e+05 2.01446880e+00
8.877900e+05 1.98641542e+00
8.888110e+05 1.94840608e+00
8.898310e+05 1.92266115e+00
8.908510e+05 1.90300569e+00
8.928920e+05 1.87195975e+00
8.949330e+05 1.84390629e+00
8.969730e+05 1.81050435e+00
8.979930e+05 1.78619391e+00
8.990140e+05 1.74604708e+00
8.995240e+05 1.71040324e+00
9.000000e+05 1.64935653e+00
9.000340e+05 1.64499609e+00
9.002890e+05 1.58422045e+00
9.005440e+05 1.47272457e+00
9.006720e+05 1.37233162e+00
9.007990e+05 1.20012854e+00
9.008630e+05 1.05950204e+00
9.009270e+05 8.49762458e-01
9.010540e+05 2.11405376e-01
9.010870e+05 5.24243180e-01
9.011200e+05 1.80438869e+00
9.011530e+05 3.09525205e+00
9.011860e+05 3.42422647e+00
9.013310e+05 2.74025193e+00
9.014040e+05 2.53487396e+00
9.014760e+05 2.40155308e+00
9.016220e+05 2.24159580e+00
9.017670e+05 2.14989565e+00
9.020580e+05 2.04895493e+00
9.023480e+05 1.99421244e+00
9.029290e+05 1.93516272e+00
9.035110e+05 1.90268438e+00
9.046730e+05 1.86526802e+00
9.058350e+05 1.84162659e+00
9.081600e+05 1.80414769e+00
9.093220e+05 1.77479679e+00
9.099030e+05 1.73145049e+00
9.101940e+05 1.65333814e+00
9.103390e+05 1.51190575e+00
9.104120e+05 1.27658393e+00
9.104480e+05 9.50394359e-01
9.104840e+05 2.30555359e-01
9.104920e+05 5.25094817e-01
9.105000e+05 1.76038962e+00
9.105080e+05 3.01559917e+00
9.105160e+05 3.33987062e+00
9.105510e+05 2.68096428e+00
9.105860e+05 2.35619968e+00
9.106550e+05 2.11750530e+00
9.107950e+05 1.97256733e+00
9.110750e+05 1.89283028e+00
9.116350e+05 1.85143105e+00
9.127530e+05 1.83600621e+00
9.138720e+05 1.84742824e+00
9.149910e+05 1.88813862e+00
9.161100e+05 1.98802419e+00
9.166700e+05 2.08383274e+00
9.172290e+05 2.24014645e+00
9.177890e+05 2.51012709e+00
9.183480e+05 3.02284093e+00
9.186280e+05 3.47174759e+00
9.189080e+05 4.19092783e+00
9.191870e+05 5.46917062e+00
9.193270e+05 6.51389238e+00
9.194670e+05 8.00658429e+00
9.194920e+05 8.33106507e+00
9.195870e+05 9.71330967e+00
9.196810e+05 1.12463185e+01
9.198700e+05 1.33689910e+01
9.202730e+05 1.03711948e+01
9.205770e+05 9.04397224e+00
9.208800e+05 8.65852725e+00
9.215740e+05 7.38966113e+00
9.222680e+05 5.64315653e+00
9.230330e+05 4.32565207e+00
9.237980e+05 3.56626967e+00
9.245630e+05 3.11430565e+00
9.253280e+05 2.82738427e+00
9.260930e+05 2.63384739e+00
9.268580e+05 2.49649322e+00
9.283870e+05 2.31700285e+00
9.299170e+05 2.20610214e+00
9.314470e+05 2.13101625e+00
9.345070e+05 2.03534567e+00
9.375660e+05 1.97692437e+00
9.390960e+05 1.95681468e+00
9.406260e+05 1.94370646e+00
9.421560e+05 1.94370817e+00
9.429210e+05 1.95472421e+00
9.436850e+05 1.98274515e+00
9.444500e+05 2.04954490e+00
9.448330e+05 2.11463662e+00
9.452150e+05 2.22350409e+00
9.455980e+05 2.41784263e+00
9.459800e+05 2.79724968e+00
9.461710e+05 3.12766171e+00
9.463630e+05 3.63233134e+00
9.465540e+05 4.42625543e+00
9.467450e+05 5.68230459e+00
9.470030e+05 8.26425360e+00
9.472600e+05 1.02359733e+01
9.475180e+05 8.85735514e+00
9.477750e+05 6.42559152e+00
9.480600e+05 4.66558891e+00
9.483450e+05 3.70473159e+00
9.486300e+05 3.15962059e+00
9.489150e+05 2.82781196e+00
9.492000e+05 2.61226372e+00
9.494850e+05 2.46441213e+00
9.500550e+05 2.27952586e+00
9.506250e+05 2.17142768e+00
9.511950e+05 2.10174730e+00
9.523350e+05 2.01810375e+00
9.534750e+05 1.96961951e+00
9.546150e+05 1.93752269e+00
9.568950e+05 1.89630942e+00
9.598870e+05 1.86323267e+00
9.628790e+05 1.84193586e+00
9.658710e+05 1.82968299e+00
9.688630e+05 1.82921007e+00
9.718540e+05 1.85042551e+00
9.748460e+05 1.92063222e+00
9.763420e+05 1.99479936e+00
9.778380e+05 2.11957274e+00
9.793340e+05 2.33149866e+00
9.808300e+05 2.68982831e+00
9.829100e+05 3.52877196e+00
9.849900e+05 4.33064681e+00
9.870700e+05 4.09140314e+00
9.891500e+05 3.37243099e+00
9.905060e+05 2.99019877e+00
9.918630e+05 2.70347908e+00
9.945750e+05 2.32451312e+00
9.972880e+05 2.08045596e+00
1.000000e+06 1.88060206e+00
1.001760e+06 1.73999208e+00
1.003510e+06 1.54999165e+00
1.004390e+06 1.41090227e+00
1.005270e+06 1.21070921e+00
1.005700e+06 1.07313707e+00
1.006140e+06 9.01792813e-01
1.006580e+06 7.03843949e-01
1.006800e+06 6.14693416e-01
1.007020e+06 5.67906959e-01
1.007190e+06 6.00501990e-01
1.007360e+06 7.50009105e-01
1.007440e+06 9.00219236e-01
1.007530e+06 1.14265129e+00
1.007610e+06 1.60926201e+00
1.007650e+06 2.05558949e+00
1.007700e+06 2.82521949e+00
1.007750e+06 4.58642576e+00
1.007800e+06 6.66582336e+00
1.007850e+06 7.03746245e+00
1.007910e+06 6.18527069e+00
1.007950e+06 5.52666849e+00
1.007990e+06 5.07767319e+00
1.008070e+06 4.58096048e+00
1.008160e+06 4.34821358e+00
1.008240e+06 4.22186592e+00
1.008580e+06 3.90721568e+00
1.008860e+06 3.65730635e+00
1.009150e+06 3.43193559e+00
1.009430e+06 3.24222744e+00
1.009710e+06 3.08625361e+00
1.010270e+06 2.85172105e+00
1.010840e+06 2.68775432e+00
1.011970e+06 2.47520705e+00
1.013100e+06 2.34284886e+00
1.015350e+06 2.18186222e+00
1.017610e+06 2.08196997e+00
1.022130e+06 1.94944512e+00
1.026640e+06 1.84654090e+00
1.031150e+06 1.74088170e+00
1.035670e+06 1.60017738e+00
1.037930e+06 1.49568716e+00
1.039060e+06 1.42628514e+00
1.040180e+06 1.33826300e+00
1.041310e+06 1.22109523e+00
1.041880e+06 1.14618104e+00
1.042440e+06 1.05555561e+00
1.043010e+06 9.43264816e-01
1.043570e+06 8.00983416e-01
1.044130e+06 6.15222645e-01
1.044420e+06 5.08400818e-01
1.044560e+06 4.84127571e-01
1.044630e+06 5.28735099e-01
1.044700e+06 7.24858279e-01
1.044800e+06 1.53843799e+00
1.044850e+06 1.54557349e+00
1.044900e+06 1.26491752e+00
1.044970e+06 9.49744837e-01
1.045040e+06 7.63100782e-01
1.045180e+06 5.66020595e-01
1.045310e+06 4.67948678e-01
1.045450e+06 4.19575958e-01
1.045580e+06 4.11088569e-01
1.045710e+06 4.44066561e-01
1.045840e+06 5.27405689e-01
1.045980e+06 6.72151753e-01
1.046240e+06 1.17948397e+00
1.046500e+06 1.93521042e+00
1.046880e+06 3.06159893e+00
1.047250e+06 3.85036851e+00
1.047550e+06 4.30414939e+00
1.048500e+06 5.53818425e+00
1.049130e+06 5.32937901e+00
1.049750e+06 4.57406994e+00
1.050360e+06 3.97043686e+00
1.050980e+06 3.57394091e+00
1.051590e+06 3.32617596e+00
1.052200e+06 3.19146041e+00
1.052810e+06 3.17117177e+00
1.053430e+06 3.33260787e+00
1.053730e+06 3.54692351e+00
1.054040e+06 3.93728293e+00
1.054340e+06 4.65398443e+00
1.054650e+06 5.96903099e+00
1.054980e+06 8.24477940e+00
1.055300e+06 9.96818152e+00
1.055630e+06 8.69538511e+00
1.055950e+06 6.48816392e+00
1.056330e+06 4.82850209e+00
1.056700e+06 3.93665452e+00
1.057080e+06 3.43101812e+00
1.057460e+06 3.11885771e+00
1.057840e+06 2.91056974e+00
1.058210e+06 2.76218825e+00
1.058970e+06 2.56250569e+00
1.059720e+06 2.42738457e+00
1.060470e+06 2.31865431e+00
1.061230e+06 2.20251431e+00
1.061600e+06 2.09864008e+00
1.061790e+06 1.96037228e+00
1.061890e+06 1.74963698e+00
1.061930e+06 1.45704886e+00
1.061980e+06 6.77941902e-01
1.061990e+06 8.28362419e-01
1.062000e+06 1.87457312e+00
1.062010e+06 3.05528411e+00
1.062020e+06 3.38349810e+00
1.062060e+06 2.91383090e+00
1.062110e+06 2.64089839e+00
1.062190e+06 2.43070416e+00
1.062360e+06 2.28633698e+00
1.062700e+06 2.17220218e+00
1.063380e+06 2.01177173e+00
1.063720e+06 1.90410641e+00
1.064070e+06 1.73296262e+00
1.064240e+06 1.59441890e+00
1.064410e+06 1.38337156e+00
1.064580e+06 1.03534065e+00
1.064750e+06 5.87798707e-01
1.064790e+06 5.99690630e-01
1.064820e+06 7.81125102e-01
1.064860e+06 1.22910178e+00
1.064900e+06 1.89935259e+00
1.064980e+06 3.15322416e+00
1.065050e+06 3.55042803e+00
1.065130e+06 3.50254046e+00
1.065200e+06 3.36023267e+00
1.065350e+06 3.09608969e+00
1.065500e+06 2.91252529e+00
1.065650e+06 2.78623609e+00
1.065950e+06 2.62505671e+00
1.066240e+06 2.52676679e+00
1.066540e+06 2.45956091e+00
1.066840e+06 2.41028144e+00
1.067430e+06 2.34094413e+00
1.068030e+06 2.29275392e+00
1.068620e+06 2.25618194e+00
1.069810e+06 2.20173409e+00
1.071000e+06 2.16089017e+00
1.072190e+06 2.12742772e+00
1.074570e+06 2.07183624e+00
1.076940e+06 2.02154553e+00
1.079320e+06 1.96520356e+00
1.080510e+06 1.92696262e+00
1.081700e+06 1.86742280e+00
1.082290e+06 1.81688590e+00
1.082890e+06 1.72778890e+00
1.083180e+06 1.64807138e+00
1.083480e+06 1.50823839e+00
1.083630e+06 1.38886515e+00
1.083780e+06 1.20043678e+00
1.083930e+06 8.71123193e-01
1.084080e+06 4.08379963e-01
1.084140e+06 5.70050416e-01
1.084170e+06 9.68270897e-01
1.084200e+06 1.58917401e+00
1.084260e+06 2.77286903e+00
1.084330e+06 3.15463548e+00
1.084430e+06 3.02851624e+00
1.084540e+06 2.81207167e+00
1.084760e+06 2.53547573e+00
1.084970e+06 2.38698640e+00
1.085180e+06 2.29680776e+00
1.085610e+06 2.19150980e+00
1.086040e+06 2.13103260e+00
1.086900e+06 2.05999095e+00
1.087760e+06 2.01494115e+00
1.089480e+06 1.94952244e+00
1.089910e+06 1.94092447e+00
1.090340e+06 1.95474638e+00
1.090550e+06 1.99199057e+00
1.090770e+06 2.09727362e+00
1.090870e+06 2.21543608e+00
1.090980e+06 2.43251224e+00
1.091090e+06 2.85833080e+00
1.091200e+06 3.72584003e+00
1.091300e+06 5.22924720e+00
1.091400e+06 6.59390761e+00
1.091500e+06 6.12050819e+00
1.091610e+06 4.85683664e+00
1.091720e+06 3.86599416e+00
1.091830e+06 3.29016649e+00
1.091940e+06 2.94208112e+00
1.092050e+06 2.72279607e+00
1.092270e+06 2.46895250e+00
1.092490e+06 2.33203432e+00
1.092710e+06 2.24808786e+00
1.092930e+06 2.19174825e+00
1.093370e+06 2.12084032e+00
1.093820e+06 2.07746345e+00
1.094260e+06 2.04748130e+00
1.095140e+06 2.00691590e+00
1.096910e+06 1.95617566e+00
1.098680e+06 1.91836484e+00
1.100450e+06 1.88241602e+00
1.102210e+06 1.84129901e+00
1.103100e+06 1.81556324e+00
1.103980e+06 1.78339580e+00
1.104870e+06 1.75167506e+00
1.105090e+06 1.75625864e+00
1.105310e+06 1.79068155e+00
1.105530e+06 1.92777993e+00
1.105640e+06 2.10985827e+00
1.105750e+06 2.47140966e+00
1.105880e+06 3.25798924e+00
1.106000e+06 4.11800322e+00
1.106130e+06 4.06840670e+00
1.106250e+06 3.48836126e+00
1.106350e+06 3.10244688e+00
1.106450e+06 2.82472743e+00
1.106540e+06 2.62895434e+00
1.106640e+06 2.48849967e+00
1.106830e+06 2.30638010e+00
1.107030e+06 2.19708735e+00
1.107410e+06 2.07430844e+00
1.107800e+06 2.00890943e+00
1.108580e+06 1.94386057e+00
1.109350e+06 1.92216928e+00
1.110130e+06 1.94096698e+00
1.110900e+06 2.03892755e+00
1.111290e+06 2.15364760e+00
1.111680e+06 2.35928216e+00
1.112060e+06 2.73496563e+00
1.112450e+06 3.42470814e+00
1.112930e+06 4.93028925e+00
1.113400e+06 6.46903447e+00
1.113880e+06 6.20486039e+00
1.114350e+06 5.01109700e+00
1.114660e+06 4.36648437e+00
1.114960e+06 3.88251568e+00
1.115570e+06 3.26195370e+00
1.116190e+06 2.90582303e+00
1.116800e+06 2.68476244e+00
1.117410e+06 2.53664246e+00
1.118020e+06 2.43166176e+00
1.119240e+06 2.29259848e+00
1.120470e+06 2.20314416e+00
1.121690e+06 2.13670800e+00
1.122910e+06 2.07353032e+00
1.123520e+06 2.02728781e+00
1.123830e+06 1.99424397e+00
1.123980e+06 2.00935202e+00
1.124060e+06 2.11565813e+00
1.124100e+06 2.28937505e+00
1.124130e+06 2.70894097e+00
1.124200e+06 4.29867357e+00
1.124230e+06 4.22389059e+00
1.124270e+06 3.65603191e+00
1.124320e+06 2.97801203e+00
1.124380e+06 2.66034445e+00
1.124490e+06 2.39477565e+00
1.124600e+06 2.28616502e+00
1.124710e+06 2.22850262e+00
1.124930e+06 2.16823004e+00
1.125150e+06 2.13613430e+00
1.125590e+06 2.10020518e+00
1.126030e+06 2.07843099e+00
1.126910e+06 2.04944603e+00
1.127790e+06 2.02834603e+00
1.129550e+06 1.99518998e+00
1.131310e+06 1.96695491e+00
1.134830e+06 1.90920227e+00
1.136590e+06 1.87403223e+00
1.137040e+06 1.86966215e+00
1.137480e+06 1.88266728e+00
1.137700e+06 1.91030723e+00
1.137920e+06 1.97827447e+00
1.138140e+06 2.15003816e+00
1.138250e+06 2.32300605e+00
1.138360e+06 2.60521386e+00
1.138530e+06 3.37015339e+00
1.138700e+06 4.19810608e+00
1.138870e+06 4.14752240e+00
1.139050e+06 3.59442007e+00
1.139150e+06 3.29043326e+00
1.139260e+06 3.06114477e+00
1.139480e+06 2.77578037e+00
1.139700e+06 2.63911868e+00
1.139920e+06 2.60530346e+00
1.140130e+06 2.68611442e+00
1.140240e+06 2.79821613e+00
1.140350e+06 2.99965537e+00
1.140460e+06 3.38002617e+00
1.140570e+06 4.16218785e+00
1.140620e+06 4.88857407e+00
1.140680e+06 6.04285725e+00
1.140730e+06 7.99898349e+00
1.140790e+06 1.13827054e+01
1.140840e+06 1.68541077e+01
1.140900e+06 2.04392001e+01
1.140960e+06 1.66987860e+01
1.141010e+06 1.11806461e+01
1.141050e+06 8.50596451e+00
1.141090e+06 6.76242053e+00
1.141130e+06 5.59050753e+00
1.141170e+06 4.78478911e+00
1.141250e+06 3.79118151e+00
1.141330e+06 3.24892603e+00
1.141410e+06 2.91667645e+00
1.141490e+06 2.70398375e+00
1.141640e+06 2.45312170e+00
1.141800e+06 2.31487227e+00
1.141950e+06 2.23064885e+00
1.142270e+06 2.13445904e+00
1.142580e+06 2.08181680e+00
1.142890e+06 2.04843095e+00
1.143520e+06 2.00747083e+00
1.144770e+06 1.96384468e+00
1.146020e+06 1.93749894e+00
1.148530e+06 1.90040658e+00
1.151030e+06 1.86913748e+00
1.153540e+06 1.83681410e+00
1.156040e+06 1.79975954e+00
1.157290e+06 1.78070976e+00
1.158550e+06 1.77107464e+00
1.159170e+06 1.78179403e+00
1.159800e+06 1.82665646e+00
1.160420e+06 1.96803817e+00
1.160740e+06 2.12553503e+00
1.161050e+06 2.39876957e+00
1.161530e+06 3.15745511e+00
1.162000e+06 4.04927273e+00
1.162480e+06 4.07416313e+00
1.162950e+06 3.53956327e+00
1.163370e+06 3.12672322e+00
1.163790e+06 2.83900701e+00
1.164200e+06 2.64253761e+00
1.164620e+06 2.50485411e+00
1.165460e+06 2.33000608e+00
1.166290e+06 2.22623647e+00
1.167130e+06 2.15821538e+00
1.167960e+06 2.11040048e+00
1.169640e+06 2.04727991e+00
1.171310e+06 2.00693052e+00
1.172980e+06 1.97836107e+00
1.176320e+06 1.93914857e+00
1.179660e+06 1.91199150e+00
1.183010e+06 1.89090511e+00
1.189690e+06 1.85789937e+00
1.196380e+06 1.83132530e+00
1.203060e+06 1.80997599e+00
1.206400e+06 1.80351932e+00
1.208070e+06 1.80317422e+00
1.209750e+06 1.80724680e+00
1.211420e+06 1.82147462e+00
1.212250e+06 1.83716688e+00
1.213090e+06 1.86536129e+00
1.213920e+06 1.92044984e+00
1.214340e+06 1.96880386e+00
1.214760e+06 2.04438474e+00
1.215180e+06 2.17146485e+00
1.215600e+06 2.40497289e+00
1.215800e+06 2.59933655e+00
1.216010e+06 2.88644843e+00
1.216220e+06 3.32149352e+00
1.216430e+06 3.97663346e+00
1.216720e+06 5.25878127e+00
1.217000e+06 6.06561788e+00
1.217290e+06 5.14957226e+00
1.217570e+06 3.84049450e+00
1.217850e+06 3.02947062e+00
1.218120e+06 2.57163567e+00
1.218400e+06 2.30608942e+00
1.218680e+06 2.14315213e+00
1.219230e+06 1.96555256e+00
1.219790e+06 1.87723372e+00
1.220340e+06 1.82693348e+00
1.220890e+06 1.79538614e+00
1.222000e+06 1.75864453e+00
1.223110e+06 1.73765383e+00
1.224220e+06 1.72347460e+00
1.226430e+06 1.70352338e+00
1.230860e+06 1.67361511e+00
1.235290e+06 1.64542633e+00
1.244150e+06 1.58475478e+00
1.246370e+06 1.57169124e+00
1.248580e+06 1.56915343e+00
1.249690e+06 1.58243855e+00
1.250000e+06 1.59204568e+00
1.250240e+06 1.59948335e+00
1.250800e+06 1.63165214e+00
1.251350e+06 1.69570255e+00
1.251630e+06 1.75159648e+00
1.251900e+06 1.83766205e+00
1.252180e+06 1.97714604e+00
1.252460e+06 2.21827950e+00
1.252730e+06 2.66708166e+00
1.253010e+06 3.53870780e+00
1.253260e+06 4.80892273e+00
1.253500e+06 5.67552258e+00
1.253750e+06 4.83008914e+00
1.253990e+06 3.56196472e+00
1.254280e+06 2.65390844e+00
1.254570e+06 2.19392679e+00
1.254850e+06 1.94547082e+00
1.255140e+06 1.79913953e+00
1.255430e+06 1.70602695e+00
1.255710e+06 1.64281051e+00
1.256290e+06 1.56356429e+00
1.256860e+06 1.51570570e+00
1.257440e+06 1.48277174e+00
1.258580e+06 1.43712879e+00
1.260880e+06 1.37276618e+00
1.263180e+06 1.31561402e+00
1.265470e+06 1.25914566e+00
1.266620e+06 1.23364282e+00
1.267770e+06 1.21569243e+00
1.268920e+06 1.21856594e+00
1.270060e+06 1.27994944e+00
1.270640e+06 1.36351336e+00
1.271210e+06 1.52245918e+00
1.271790e+06 1.82303046e+00
1.272360e+06 2.38567666e+00
1.273080e+06 3.66815614e+00
1.273800e+06 5.01542527e+00
1.274520e+06 4.81008908e+00
1.275240e+06 3.77012528e+00
1.275860e+06 3.03834731e+00
1.276470e+06 2.53130946e+00
1.277090e+06 2.17914000e+00
1.277710e+06 1.92424052e+00
1.278940e+06 1.57540851e+00
1.280170e+06 1.33506594e+00
1.282640e+06 9.80181228e-01
1.285100e+06 7.14274745e-01
1.286530e+06 6.34491114e-01
1.287950e+06 6.79410273e-01
1.289380e+06 9.23746886e-01
1.290800e+06 1.37474616e+00
1.293650e+06 2.33352991e+00
1.296500e+06 2.72199366e+00
1.298340e+06 2.75996459e+00
1.300170e+06 2.73371566e+00
1.302010e+06 2.68821054e+00
1.302930e+06 2.67603142e+00
1.303390e+06 2.70626017e+00
1.303620e+06 2.81661629e+00
1.303730e+06 3.07471318e+00
1.303790e+06 3.49207571e+00
1.303820e+06 3.95783988e+00
1.303850e+06 4.77229970e+00
1.303870e+06 5.96710882e+00
1.303900e+06 6.62728946e+00
1.303930e+06 5.68384054e+00
1.303950e+06 4.47736630e+00
1.303990e+06 3.52163415e+00
1.304030e+06 3.11356461e+00
1.304100e+06 2.80518817e+00
1.304250e+06 2.65594702e+00
1.304540e+06 2.60169874e+00
1.305120e+06 2.57539574e+00
1.306280e+06 2.54204615e+00
1.308610e+06 2.48226312e+00
1.310950e+06 2.43058375e+00
1.313280e+06 2.38781514e+00
1.315610e+06 2.35532547e+00
1.316770e+06 2.34437675e+00
1.317940e+06 2.33925171e+00
1.319100e+06 2.34502291e+00
1.319680e+06 2.35608321e+00
1.320270e+06 2.37831566e+00
1.320850e+06 2.42375629e+00
1.321140e+06 2.46414651e+00
1.321430e+06 2.52803010e+00
1.321720e+06 2.63750396e+00
1.322010e+06 2.84563479e+00
1.322160e+06 3.02821740e+00
1.322310e+06 3.31129998e+00
1.322450e+06 3.77821588e+00
1.322600e+06 4.54830390e+00
1.322750e+06 5.70085990e+00
1.322900e+06 6.26869398e+00
1.323050e+06 5.21518109e+00
1.323200e+06 3.94101287e+00
1.323310e+06 3.35426971e+00
1.323420e+06 2.98336541e+00
1.323530e+06 2.74746490e+00
1.323640e+06 2.59317846e+00
1.323860e+06 2.41633189e+00
1.324080e+06 2.32640037e+00
1.324510e+06 2.24516559e+00
1.324950e+06 2.21279876e+00
1.325820e+06 2.18931368e+00
1.326690e+06 2.18205451e+00
1.328430e+06 2.18143460e+00
1.330170e+06 2.19425713e+00
1.331910e+06 2.23131402e+00
1.332790e+06 2.26841033e+00
1.333660e+06 2.33011130e+00
1.334530e+06 2.43814352e+00
1.335400e+06 2.64315124e+00
1.335830e+06 2.81748412e+00
1.336270e+06 3.07803875e+00
1.336710e+06 3.47987663e+00
1.337140e+06 4.09733468e+00
1.337720e+06 5.28912477e+00
1.338300e+06 6.04564615e+00
1.338880e+06 5.18962702e+00
1.339460e+06 3.97075730e+00
1.340020e+06 3.22051970e+00
1.340580e+06 2.79549389e+00
1.341140e+06 2.54745215e+00
1.341700e+06 2.39417241e+00
1.342820e+06 2.22412722e+00
1.343950e+06 2.13680779e+00
1.345070e+06 2.08529347e+00
1.346190e+06 2.05192405e+00
1.348430e+06 2.01341907e+00
1.350670e+06 2.00122896e+00
1.351790e+06 2.00825333e+00
1.352920e+06 2.03203582e+00
1.354040e+06 2.08940042e+00
1.355160e+06 2.22391412e+00
1.355720e+06 2.35373289e+00
1.356280e+06 2.56591623e+00
1.356840e+06 2.92515880e+00
1.357400e+06 3.53731853e+00
1.358100e+06 4.78963525e+00
1.358800e+06 5.87193137e+00
1.359500e+06 5.36729885e+00
1.360200e+06 4.25350103e+00
1.360700e+06 3.65760789e+00
1.361190e+06 3.24205210e+00
1.361680e+06 2.95283615e+00
1.362180e+06 2.74802745e+00
1.363170e+06 2.48564008e+00
1.364160e+06 2.32969965e+00
1.365150e+06 2.22785194e+00
1.366130e+06 2.15609036e+00
1.368110e+06 2.05999137e+00
1.370090e+06 1.99570771e+00
1.372070e+06 1.94789696e+00
1.373060e+06 1.92973430e+00
1.374050e+06 1.92085310e+00
1.374180e+06 1.92267296e+00
1.374540e+06 1.92771179e+00
1.375040e+06 1.96412472e+00
1.375280e+06 2.01787981e+00
1.375530e+06 2.15051318e+00
1.375650e+06 2.29481961e+00
1.375780e+06 2.56709054e+00
1.375840e+06 2.80044841e+00
1.375900e+06 3.15030416e+00
1.375960e+06 3.68795493e+00
1.376020e+06 4.49966975e+00
1.376110e+06 6.28191901e+00
1.376200e+06 7.63312704e+00
1.376290e+06 6.69761161e+00
1.376380e+06 5.04652194e+00
1.376450e+06 4.07117285e+00
1.376530e+06 3.45287006e+00
1.376600e+06 3.05877541e+00
1.376670e+06 2.79852556e+00
1.376820e+06 2.49242091e+00
1.376970e+06 2.32832151e+00
1.377270e+06 2.16985832e+00
1.377560e+06 2.10213846e+00
1.378150e+06 2.06294293e+00
1.378740e+06 2.08567758e+00
1.379340e+06 2.16149812e+00
1.379930e+06 2.31206409e+00
1.380520e+06 2.58971089e+00
1.381110e+06 3.08655954e+00
1.381910e+06 4.27522688e+00
1.382700e+06 5.52856019e+00
1.383500e+06 5.36251566e+00
1.384290e+06 4.43150647e+00
1.384870e+06 3.86537703e+00
1.385440e+06 3.45379260e+00
1.386020e+06 3.15977022e+00
1.386600e+06 2.94663043e+00
1.387750e+06 2.66584238e+00
1.388900e+06 2.49389527e+00
1.390060e+06 2.37891953e+00
1.391210e+06 2.29676594e+00
1.393520e+06 2.18579167e+00
1.395830e+06 2.11202870e+00
1.398130e+06 2.05683794e+00
1.400000e+06 2.02248427e+00
1.402750e+06 1.97196262e+00
1.411970e+06 1.82708988e+00
1.414280e+06 1.79685437e+00
1.416590e+06 1.79384572e+00
1.417740e+06 1.82603288e+00
1.418890e+06 1.91929522e+00
1.420050e+06 2.15518999e+00
1.421200e+06 2.72783880e+00
1.422350e+06 3.94955270e+00
1.423500e+06 5.44313617e+00
1.424650e+06 5.57860679e+00
1.425800e+06 4.76314191e+00
1.426960e+06 4.02402831e+00
1.428120e+06 3.52827493e+00
1.429280e+06 3.20137365e+00
1.430440e+06 2.97834483e+00
1.432760e+06 2.70133881e+00
1.435080e+06 2.53973817e+00
1.437390e+06 2.43481406e+00
1.439710e+06 2.36135396e+00
1.444350e+06 2.26496399e+00
1.448990e+06 2.20390434e+00
1.453630e+06 2.16119859e+00
1.462900e+06 2.10415377e+00
1.472180e+06 2.06665053e+00
1.481450e+06 2.03934055e+00
1.500000e+06 2.00083268e+00
1.532930e+06 1.95766323e+00
1.565850e+06 2.43557537e+00
1.750000e+06 2.99016685e+00
2.000000e+06 3.04910201e+00
2.026140e+06 3.05213068e+00
2.026150e+06 3.05213182e+00
2.148920e+06 3.06632435e+00
2.190160e+06 3.07107458e+00
2.200000e+06 3.07217221e+00
2.242620e+06 3.07692258e+00
2.250000e+06 3.07774406e+00
2.295080e+06 3.07716125e+00
2.300350e+06 3.07709239e+00
2.347540e+06 3.07651230e+00
2.383760e+06 3.07606148e+00
2.400000e+06 3.07584919e+00
2.500000e+06 3.07460140e+00
2.750000e+06 3.06154559e+00
2.953680e+06 3.05191324e+00
3.000000e+06 3.04970392e+00
3.023760e+06 3.04705191e+00
3.059830e+06 3.04302459e+00
3.154910e+06 3.03239084e+00
3.250000e+06 3.02175657e+00
3.318510e+06 3.01409008e+00
3.400000e+06 3.00494013e+00
3.402110e+06 3.00470326e+00
3.500000e+06 2.99336364e+00
3.600000e+06 2.97957116e+00
3.710120e+06 2.96438542e+00
3.710130e+06 2.96438405e+00
3.750000e+06 2.95887319e+00
3.898220e+06 2.93792721e+00
4.000000e+06 2.92408117e+00
4.030220e+06 2.91874532e+00
4.032590e+06 2.91832533e+00
4.100000e+06 2.90638426e+00
4.192920e+06 2.88993442e+00
4.210000e+06 2.88690224e+00
4.237190e+06 2.88207645e+00
4.250000e+06 2.87978986e+00
4.300000e+06 2.87137853e+00
4.355060e+06 2.86212536e+00
4.415030e+06 2.85205358e+00
4.417090e+06 2.85171665e+00
4.444910e+06 2.84720599e+00
4.500000e+06 2.83828171e+00
4.599670e+06 2.81873056e+00
4.633610e+06 2.81225668e+00
4.633630e+06 2.81225298e+00
4.677530e+06 2.80381687e+00
4.700000e+06 2.79950099e+00
4.843120e+06 2.77292360e+00
4.900000e+06 2.76276348e+00
5.000000e+06 2.74495360e+00
5.163930e+06 2.70822335e+00
5.250000e+06 2.68954909e+00
5.375000e+06 2.66326866e+00
5.400000e+06 2.65803040e+00
5.570350e+06 2.62373655e+00
5.570360e+06 2.62373647e+00
5.575000e+06 2.62286412e+00
5.750000e+06 2.58999165e+00
5.969600e+06 2.54885365e+00
6.000000e+06 2.54343407e+00
6.125000e+06 2.51737383e+00
6.150000e+06 2.51217374e+00
6.368850e+06 2.46667669e+00
6.500000e+06 2.44095518e+00
6.725000e+06 2.39987979e+00
6.914520e+06 2.36530347e+00
7.000000e+06 2.34974062e+00
7.167340e+06 2.32178406e+00
7.200000e+06 2.31642984e+00
7.300000e+06 2.30128851e+00
7.329050e+06 2.29689121e+00
7.335380e+06 2.29593769e+00
8.000000e+06 2.19587625e+00
8.158100e+06 2.17788732e+00
8.200000e+06 2.17312472e+00
8.647640e+06 2.12246718e+00
8.907810e+06 2.09306034e+00
9.000000e+06 2.08263940e+00
9.002260e+06 2.08241520e+00
9.100000e+06 2.07287978e+00
9.143560e+06 2.06865001e+00
9.200000e+06 2.06325158e+00
9.500000e+06 2.03528294e+00
9.863820e+06 2.00317551e+00
1.000000e+07 1.99116473e+00
1.045990e+07 1.95122310e+00
1.097850e+07 1.90652089e+00
1.100000e+07 1.90483673e+00
1.120000e+07 1.88969088e+00
1.120450e+07 1.88935039e+00
1.120600e+07 1.88923691e+00
1.150000e+07 1.86701571e+00
1.175390e+07 1.84789089e+00
1.200000e+07 1.82936629e+00
1.250000e+07 1.80171459e+00
1.261880e+07 1.79515482e+00
1.300000e+07 1.77416427e+00
1.400000e+07 1.73900183e+00
1.450000e+07 1.72817429e+00
1.500000e+07 1.72189668e+00
1.550000e+07 1.72258683e+00
1.556400e+07 1.72267289e+00
1.600000e+07 1.72325798e+00
1.685230e+07 1.73901997e+00
1.700000e+07 1.74161092e+00
1.800000e+07 1.77285956e+00
1.850000e+07 1.79249729e+00
1.900000e+07 1.81213307e+00
