11-Na_n-tot
>  11-Na-23:1.000000
1.000000e-05 3.00100000e+01
1.250000e-05 2.72058000e+01
1.500000e-05 2.51358000e+01
2.000000e-05 2.22301000e+01
2.750000e-05 1.94650000e+01
3.500000e-05 1.76452000e+01
4.250000e-05 1.63312000e+01
5.000000e-05 1.53252000e+01
6.250000e-05 1.40703000e+01
7.500000e-05 1.31438000e+01
1.000000e-04 1.18427000e+01
1.250000e-04 1.09542000e+01
1.500000e-04 1.02979000e+01
2.000000e-04 9.37556000e+00
2.750000e-04 8.49606000e+00
3.500000e-04 7.91542000e+00
4.250000e-04 7.49478000e+00
5.000000e-04 7.17151000e+00
6.250000e-04 6.76612000e+00
7.500000e-04 6.46456000e+00
1.000000e-03 6.03600000e+00
1.250000e-03 5.75475000e+00
1.500000e-03 5.54694000e+00
2.000000e-03 5.25474000e+00
2.750000e-03 4.97583000e+00
3.500000e-03 4.79143000e+00
4.250000e-03 4.65764000e+00
5.000000e-03 4.55463000e+00
6.250000e-03 4.42515000e+00
7.500000e-03 4.32850000e+00
1.000000e-02 4.19040000e+00
1.250000e-02 4.09659000e+00
1.500000e-02 4.02598000e+00
2.000000e-02 3.92379000e+00
2.530000e-02 3.84700000e+00
3.265000e-02 3.77933000e+00
4.000000e-02 3.73000000e+00
5.000000e-02 3.68140000e+00
6.250000e-02 3.63640000e+00
7.500000e-02 3.60179000e+00
1.000000e-01 3.55000000e+00
1.250000e-01 3.51516000e+00
1.500000e-01 3.48766000e+00
2.000000e-01 3.44500000e+00
2.750000e-01 3.41087000e+00
3.500000e-01 3.38618000e+00
5.000000e-01 3.35000000e+00
7.500000e-01 3.30810000e+00
1.000000e+00 3.27500000e+00
1.500000e+00 3.25629000e+00
2.000000e+00 3.24377000e+00
2.750000e+00 3.22999000e+00
3.500000e+00 3.21918000e+00
5.000000e+00 3.20173000e+00
7.500000e+00 3.17795000e+00
1.000000e+01 3.15695000e+00
1.500000e+01 3.15340000e+00
2.000000e+01 3.15174000e+00
2.750000e+01 3.15082000e+00
3.500000e+01 3.15081000e+00
5.000000e+01 3.15210000e+00
7.500000e+01 3.15117000e+00
1.000000e+02 3.15103000e+00
1.500000e+02 3.16095000e+00
2.000000e+02 3.17088000e+00
3.000000e+02 3.19807000e+00
3.500000e+02 3.21407000e+00
4.000000e+02 3.22790000e+00
4.500000e+02 3.24782000e+00
5.000000e+02 3.26105000e+00
5.500000e+02 3.28034000e+00
6.000000e+02 3.30179000e+00
8.097500e+02 3.47014000e+00
9.896000e+02 3.70072000e+00
1.000000e+03 3.71719000e+00
1.130000e+03 3.97088000e+00
1.249200e+03 4.29144000e+00
1.369600e+03 4.72463000e+00
1.510200e+03 5.44228000e+00
1.629400e+03 6.32038000e+00
1.730700e+03 7.45460000e+00
1.865350e+03 9.80227000e+00
2.000000e+03 1.35537000e+01
2.155450e+03 2.12606000e+01
2.233180e+03 2.76415000e+01
2.310900e+03 3.70400000e+01
2.388630e+03 5.14185000e+01
2.466350e+03 7.43506000e+01
2.544080e+03 1.12350000e+02
2.621800e+03 1.75934000e+02
2.715900e+03 2.94852000e+02
2.810000e+03 3.79023000e+02
2.904100e+03 3.12465000e+02
2.998200e+03 2.05505000e+02
3.053510e+03 1.59202000e+02
3.108820e+03 1.25402000e+02
3.219440e+03 8.29051000e+01
3.330060e+03 5.92063000e+01
3.440680e+03 4.49268000e+01
3.551290e+03 3.57114000e+01
3.661910e+03 2.94222000e+01
3.883150e+03 2.16077000e+01
4.104390e+03 1.70857000e+01
4.325630e+03 1.42093000e+01
4.546860e+03 1.22502000e+01
4.768100e+03 1.08457000e+01
5.000000e+03 9.75435000e+00
5.006500e+03 9.72797000e+00
5.028100e+03 9.64343000e+00
5.049700e+03 9.56102000e+00
5.092900e+03 9.40226000e+00
5.179300e+03 9.10721000e+00
5.352100e+03 8.59424000e+00
5.912200e+03 7.49757000e+00
6.651100e+03 6.62310000e+00
7.104000e+03 6.25639000e+00
7.330450e+03 6.10840000e+00
7.443680e+03 6.04150000e+00
7.556900e+03 5.97886000e+00
7.586800e+03 5.96218000e+00
7.601750e+03 5.95452000e+00
7.609220e+03 5.95291000e+00
7.612960e+03 5.95999000e+00
7.614830e+03 5.98917000e+00
7.615760e+03 6.07235000e+00
7.616230e+03 6.24490000e+00
7.616460e+03 6.48576000e+00
7.616700e+03 7.06036000e+00
7.617000e+03 8.17421000e+00
7.617300e+03 7.05828000e+00
7.617540e+03 6.48366000e+00
7.617770e+03 6.24353000e+00
7.618230e+03 6.07076000e+00
7.619160e+03 5.98657000e+00
7.621030e+03 5.95538000e+00
7.624750e+03 5.94425000e+00
7.632190e+03 5.93769000e+00
7.647070e+03 5.92895000e+00
7.676840e+03 5.91278000e+00
7.736380e+03 5.88144000e+00
7.855450e+03 5.82162000e+00
8.093600e+03 5.71207000e+00
8.569900e+03 5.52669000e+00
9.946400e+03 5.13742000e+00
1.000000e+04 5.12545000e+00
1.017300e+04 5.08821000e+00
1.034600e+04 5.05295000e+00
1.069200e+04 4.98780000e+00
1.138400e+04 4.87562000e+00
1.333300e+04 4.63881000e+00
1.499980e+04 4.49719000e+00
1.666650e+04 4.39059000e+00
2.000000e+04 4.23899000e+00
2.080100e+04 4.21060000e+00
2.262440e+04 4.16924000e+00
2.444780e+04 4.13654000e+00
2.809460e+04 4.08950000e+00
3.174140e+04 4.05956000e+00
3.265320e+04 4.05415000e+00
3.356490e+04 4.04949000e+00
3.447660e+04 4.04559000e+00
3.493240e+04 4.04403000e+00
3.516030e+04 4.04381000e+00
3.527430e+04 4.04569000e+00
3.533130e+04 4.05438000e+00
3.535980e+04 4.08762000e+00
3.536690e+04 4.11986000e+00
3.537400e+04 4.20372000e+00
3.537760e+04 4.30778000e+00
3.538110e+04 4.55488000e+00
3.538290e+04 4.82860000e+00
3.538470e+04 5.38499000e+00
3.538650e+04 6.74847000e+00
3.538740e+04 8.23176000e+00
3.538830e+04 1.09076000e+01
3.538910e+04 1.50577000e+01
3.539000e+04 1.77866000e+01
3.539090e+04 1.50167000e+01
3.539180e+04 1.09195000e+01
3.539230e+04 9.03159000e+00
3.539290e+04 7.75330000e+00
3.539400e+04 6.24521000e+00
3.539510e+04 5.47347000e+00
3.539630e+04 5.03860000e+00
3.539850e+04 4.59976000e+00
3.540080e+04 4.39711000e+00
3.540530e+04 4.22139000e+00
3.540980e+04 4.14990000e+00
3.542780e+04 4.07215000e+00
3.546390e+04 4.05014000e+00
3.553610e+04 4.04405000e+00
3.568050e+04 4.04209000e+00
3.596920e+04 4.04091000e+00
3.654660e+04 4.03949000e+00
3.712400e+04 4.03849000e+00
3.770140e+04 4.03785000e+00
4.001100e+04 4.03955000e+00
4.250830e+04 4.02407000e+00
4.375690e+04 4.02431000e+00
4.500550e+04 4.03435000e+00
4.625410e+04 4.06185000e+00
4.750280e+04 4.12395000e+00
4.875140e+04 4.26514000e+00
4.937570e+04 4.40124000e+00
5.000000e+04 4.63037000e+00
5.042800e+04 4.88680000e+00
5.085600e+04 5.29419000e+00
5.123500e+04 5.83429000e+00
5.161400e+04 6.80191000e+00
5.195550e+04 8.14862000e+00
5.229700e+04 1.10868000e+01
5.244900e+04 1.32322000e+01
5.266400e+04 1.83659000e+01
5.275200e+04 2.12281000e+01
5.298600e+04 3.05918000e+01
5.322000e+04 3.61194000e+01
5.335900e+04 3.40287000e+01
5.377600e+04 1.91780000e+01
5.405080e+04 1.31532000e+01
5.432550e+04 9.87538000e+00
5.460030e+04 8.04376000e+00
5.487500e+04 6.97231000e+00
5.517850e+04 6.16071000e+00
5.548200e+04 5.63901000e+00
5.608900e+04 5.05047000e+00
5.663890e+04 4.70221000e+00
5.718880e+04 4.47901000e+00
5.828850e+04 4.21600000e+00
5.938830e+04 4.06859000e+00
6.048800e+04 3.97428000e+00
6.266830e+04 3.87548000e+00
6.484850e+04 3.81892000e+00
6.702880e+04 3.78105000e+00
6.920900e+04 3.75288000e+00
7.235630e+04 3.71846000e+00
7.550350e+04 3.69026000e+00
8.179800e+04 3.64348000e+00
8.998900e+04 3.60507000e+00
9.946900e+04 3.53902000e+00
1.000000e+05 3.53633000e+00
1.019730e+05 3.52644000e+00
1.039450e+05 3.51668000e+00
1.078900e+05 3.49754000e+00
1.126520e+05 3.47344000e+00
1.150330e+05 3.46203000e+00
1.162240e+05 3.45767000e+00
1.168190e+05 3.45967000e+00
1.169680e+05 3.46350000e+00
1.171170e+05 3.47465000e+00
1.171910e+05 3.48951000e+00
1.172660e+05 3.52818000e+00
1.173030e+05 3.57629000e+00
1.173400e+05 3.69208000e+00
1.173590e+05 3.82328000e+00
1.173770e+05 4.09957000e+00
1.173870e+05 4.36648000e+00
1.173960e+05 4.82746000e+00
1.174050e+05 5.69336000e+00
1.174100e+05 6.41706000e+00
1.174150e+05 7.41342000e+00
1.174220e+05 9.76628000e+00
1.174300e+05 1.12738000e+01
1.174380e+05 9.65431000e+00
1.174460e+05 7.31446000e+00
1.174520e+05 6.04816000e+00
1.174580e+05 5.25454000e+00
1.174640e+05 4.75328000e+00
1.174700e+05 4.42988000e+00
1.174830e+05 4.04824000e+00
1.174950e+05 3.84945000e+00
1.175200e+05 3.65991000e+00
1.175440e+05 3.57702000e+00
1.175940e+05 3.50876000e+00
1.176430e+05 3.48223000e+00
1.177420e+05 3.46203000e+00
1.178410e+05 3.45455000e+00
1.182360e+05 3.44615000e+00
1.190260e+05 3.44101000e+00
1.206070e+05 3.43315000e+00
1.237680e+05 3.41781000e+00
1.300900e+05 3.38746000e+00
1.366040e+05 3.36673000e+00
1.398610e+05 3.35675000e+00
1.414900e+05 3.35216000e+00
1.423040e+05 3.35066000e+00
1.427110e+05 3.35186000e+00
1.429150e+05 3.35779000e+00
1.430170e+05 3.37581000e+00
1.430670e+05 3.42486000e+00
1.430930e+05 3.53504000e+00
1.431060e+05 3.71411000e+00
1.431180e+05 4.26779000e+00
1.431240e+05 4.77977000e+00
1.431300e+05 5.08687000e+00
1.431420e+05 4.16515000e+00
1.431500e+05 3.75726000e+00
1.431580e+05 3.57657000e+00
1.431740e+05 3.43912000e+00
1.432050e+05 3.37205000e+00
1.432690e+05 3.34973000e+00
1.433960e+05 3.34440000e+00
1.436500e+05 3.34332000e+00
1.441580e+05 3.34227000e+00
1.451740e+05 3.33962000e+00
1.472060e+05 3.33384000e+00
1.512700e+05 3.32224000e+00
1.596050e+05 3.30426000e+00
1.679400e+05 3.29162000e+00
1.736950e+05 3.29910000e+00
1.794500e+05 3.31984000e+00
1.822900e+05 3.34508000e+00
1.851300e+05 3.38320000e+00
1.875880e+05 3.44243000e+00
1.882030e+05 3.46153000e+00
1.888170e+05 3.48304000e+00
1.894320e+05 3.50771000e+00
1.897390e+05 3.52274000e+00
1.898930e+05 3.53578000e+00
1.899700e+05 3.55893000e+00
1.900080e+05 3.61315000e+00
1.900270e+05 3.71698000e+00
1.900370e+05 3.85247000e+00
1.900460e+05 4.15341000e+00
1.900600e+05 4.77041000e+00
1.900740e+05 4.14908000e+00
1.900900e+05 3.75343000e+00
1.901060e+05 3.64013000e+00
1.901370e+05 3.57673000e+00
1.902010e+05 3.55380000e+00
1.903270e+05 3.55185000e+00
1.905810e+05 3.56287000e+00
1.910880e+05 3.59159000e+00
1.915950e+05 3.62480000e+00
1.921020e+05 3.66287000e+00
1.941300e+05 3.88831000e+00
1.958000e+05 4.19391000e+00
1.967500e+05 4.48146000e+00
1.977000e+05 4.96031000e+00
1.986900e+05 5.70743000e+00
1.990700e+05 6.11198000e+00
1.999350e+05 7.50075000e+00
2.008000e+05 8.66546000e+00
2.011500e+05 8.82698000e+00
2.015200e+05 8.76017000e+00
2.027700e+05 7.13288000e+00
2.036100e+05 6.05662000e+00
2.039600e+05 5.69817000e+00
2.048500e+05 5.11234000e+00
2.060050e+05 4.75351000e+00
2.071600e+05 4.63150000e+00
2.076500e+05 4.62674000e+00
2.089050e+05 4.62267000e+00
2.101600e+05 4.70771000e+00
2.135500e+05 4.79762000e+00
2.143000e+05 4.79547000e+00
2.159400e+05 4.66388000e+00
2.198100e+05 4.25241000e+00
2.214400e+05 4.08237000e+00
2.235000e+05 3.93769000e+00
2.265700e+05 3.79000000e+00
2.296400e+05 3.80618000e+00
2.314850e+05 3.96286000e+00
2.333300e+05 4.33960000e+00
2.347250e+05 4.90768000e+00
2.354230e+05 5.39684000e+00
2.357710e+05 5.72041000e+00
2.359460e+05 5.90765000e+00
2.361200e+05 6.11631000e+00
2.362450e+05 6.24993000e+00
2.363700e+05 6.41124000e+00
2.364470e+05 6.54108000e+00
2.365230e+05 6.73940000e+00
2.365620e+05 6.91055000e+00
2.366000e+05 7.21985000e+00
2.366190e+05 7.49644000e+00
2.366380e+05 7.95048000e+00
2.366580e+05 8.77462000e+00
2.366770e+05 1.03461000e+01
2.366930e+05 1.25668000e+01
2.367100e+05 1.40525000e+01
2.367270e+05 1.25854000e+01
2.367430e+05 1.04031000e+01
2.367550e+05 9.35487000e+00
2.367670e+05 8.66355000e+00
2.367790e+05 8.20905000e+00
2.367900e+05 7.90655000e+00
2.368130e+05 7.55071000e+00
2.368370e+05 7.36983000e+00
2.368830e+05 7.22432000e+00
2.369300e+05 7.19488000e+00
2.370090e+05 7.24804000e+00
2.370880e+05 7.34475000e+00
2.372450e+05 7.58556000e+00
2.375600e+05 8.13557000e+00
2.381900e+05 9.25752000e+00
2.390000e+05 1.03122000e+01
2.390500e+05 1.03375000e+01
2.392550e+05 1.03844000e+01
2.394600e+05 1.03415000e+01
2.398700e+05 1.00188000e+01
2.406900e+05 8.81219000e+00
2.412100e+05 7.89120000e+00
2.417300e+05 7.01097000e+00
2.419850e+05 6.58800000e+00
2.422400e+05 6.14955000e+00
2.424600e+05 5.92925000e+00
2.425700e+05 5.81000000e+00
2.426800e+05 5.72950000e+00
2.427430e+05 5.74839000e+00
2.428050e+05 5.94513000e+00
2.428880e+05 6.83886000e+00
2.429700e+05 8.55551000e+00
2.430450e+05 9.47671000e+00
2.431200e+05 9.32317000e+00
2.431350e+05 9.21628000e+00
2.431890e+05 8.80075000e+00
2.432440e+05 8.40864000e+00
2.433530e+05 7.77670000e+00
2.434610e+05 7.30823000e+00
2.435700e+05 6.94363000e+00
2.437500e+05 6.47492000e+00
2.439300e+05 6.09937000e+00
2.442250e+05 5.73811000e+00
2.445200e+05 5.45166000e+00
2.451100e+05 4.99914000e+00
2.458100e+05 4.65710000e+00
2.465100e+05 4.39025000e+00
2.484250e+05 3.96731000e+00
2.503400e+05 3.70886000e+00
2.539880e+05 3.43620000e+00
2.576350e+05 3.27863000e+00
2.649300e+05 3.08898000e+00
2.714150e+05 2.98061000e+00
2.779000e+05 2.87195000e+00
2.853050e+05 2.67997000e+00
2.890080e+05 2.50385000e+00
2.908590e+05 2.36277000e+00
2.927100e+05 2.14684000e+00
2.940650e+05 1.91601000e+00
2.947430e+05 1.75371000e+00
2.954200e+05 1.54904000e+00
2.961400e+05 1.32405000e+00
2.965000e+05 1.21830000e+00
2.968600e+05 1.16714000e+00
2.973000e+05 1.31926000e+00
2.974780e+05 1.54883000e+00
2.976550e+05 1.94113000e+00
2.980100e+05 3.35646000e+00
2.983200e+05 5.06018000e+00
2.987800e+05 6.82227000e+00
2.988950e+05 6.98909000e+00
2.990100e+05 7.07839000e+00
2.991250e+05 7.14302000e+00
2.991830e+05 7.20493000e+00
2.992400e+05 7.34908000e+00
2.992650e+05 7.53319000e+00
2.992900e+05 7.78605000e+00
2.993150e+05 8.15260000e+00
2.993400e+05 8.70062000e+00
2.993440e+05 8.80159000e+00
2.993520e+05 9.04812000e+00
2.993600e+05 9.32073000e+00
2.993770e+05 9.91301000e+00
2.994100e+05 1.06819000e+01
2.994430e+05 9.87465000e+00
2.994760e+05 8.70432000e+00
2.995000e+05 8.09887000e+00
2.995230e+05 7.66773000e+00
2.995700e+05 7.10647000e+00
2.996070e+05 6.90093000e+00
2.996440e+05 6.75634000e+00
2.997180e+05 6.55502000e+00
2.997910e+05 6.40707000e+00
2.998650e+05 6.28362000e+00
3.000130e+05 6.07164000e+00
3.001600e+05 5.88555000e+00
3.004550e+05 5.56225000e+00
3.007500e+05 5.28900000e+00
3.012630e+05 4.94702000e+00
3.017750e+05 4.69041000e+00
3.022880e+05 4.49384000e+00
3.028000e+05 4.34021000e+00
3.033900e+05 4.18643000e+00
3.039810e+05 4.06292000e+00
3.042760e+05 4.01028000e+00
3.045710e+05 3.96377000e+00
3.048660e+05 3.92931000e+00
3.050140e+05 3.93784000e+00
3.050870e+05 3.99441000e+00
3.051240e+05 4.09393000e+00
3.051610e+05 4.38511000e+00
3.051810e+05 4.68766000e+00
3.052000e+05 4.88628000e+00
3.052200e+05 4.67570000e+00
3.052390e+05 4.36648000e+00
3.052620e+05 4.14735000e+00
3.052840e+05 4.03439000e+00
3.053290e+05 3.93461000e+00
3.054190e+05 3.87043000e+00
3.055980e+05 3.82763000e+00
3.059570e+05 3.78029000e+00
3.066750e+05 3.70683000e+00
3.073920e+05 3.64537000e+00
3.081100e+05 3.59242000e+00
3.093350e+05 3.52540000e+00
3.105600e+05 3.47207000e+00
3.130100e+05 3.39282000e+00
3.179100e+05 3.29625000e+00
3.297000e+05 3.17384000e+00
3.437700e+05 3.13726000e+00
3.545300e+05 3.18498000e+00
3.620450e+05 3.27736000e+00
3.695600e+05 3.45528000e+00
3.751600e+05 3.70338000e+00
3.805200e+05 4.08932000e+00
3.809400e+05 4.12275000e+00
3.825500e+05 4.27330000e+00
3.884000e+05 4.96270000e+00
3.898600e+05 5.13086000e+00
3.912500e+05 5.27511000e+00
3.923200e+05 5.37874000e+00
3.935200e+05 5.43418000e+00
3.953900e+05 5.40667000e+00
3.971000e+05 5.37073000e+00
3.990500e+05 5.18304000e+00
4.029500e+05 4.65955000e+00
4.037100e+05 4.55107000e+00
4.065250e+05 4.19435000e+00
4.093400e+05 3.90277000e+00
4.149700e+05 3.46468000e+00
4.190750e+05 3.32175000e+00
4.231800e+05 3.23781000e+00
4.250500e+05 3.30224000e+00
4.269200e+05 3.41389000e+00
4.277700e+05 3.46704000e+00
4.286200e+05 3.56901000e+00
4.289000e+05 3.58053000e+00
4.299000e+05 3.69474000e+00
4.309000e+05 3.74129000e+00
4.309800e+05 3.72852000e+00
4.312200e+05 3.74030000e+00
4.314600e+05 3.72943000e+00
4.319400e+05 3.67031000e+00
4.329000e+05 3.56538000e+00
4.330100e+05 3.55983000e+00
4.334580e+05 3.49632000e+00
4.339050e+05 3.45174000e+00
4.348000e+05 3.40268000e+00
4.360600e+05 3.29321000e+00
4.373200e+05 3.22212000e+00
4.394300e+05 3.24400000e+00
4.417500e+05 3.40588000e+00
4.435300e+05 3.81277000e+00
4.453100e+05 4.57879000e+00
4.461500e+05 5.14512000e+00
4.474850e+05 6.09585000e+00
4.488200e+05 6.59356000e+00
4.492600e+05 6.47180000e+00
4.505500e+05 5.73654000e+00
4.518400e+05 4.88208000e+00
4.523300e+05 4.59266000e+00
4.534850e+05 4.08180000e+00
4.546400e+05 3.75037000e+00
4.563200e+05 3.41613000e+00
4.580000e+05 3.20525000e+00
4.593100e+05 3.08791000e+00
4.624000e+05 2.89586000e+00
4.654900e+05 2.76321000e+00
4.740950e+05 2.58375000e+00
4.827000e+05 2.45342000e+00
4.858100e+05 2.42483000e+00
4.903600e+05 2.38580000e+00
4.915000e+05 2.37657000e+00
4.936100e+05 2.34362000e+00
4.955600e+05 2.31411000e+00
4.977200e+05 2.28273000e+00
5.000000e+05 2.23882000e+00
5.001100e+05 2.22873000e+00
5.040100e+05 2.17975000e+00
5.078000e+05 2.13199000e+00
5.081700e+05 2.16467000e+00
5.083900e+05 2.50745000e+00
5.085200e+05 2.93005000e+00
5.086000e+05 3.15034000e+00
5.086700e+05 2.98434000e+00
5.088600e+05 2.38482000e+00
5.090100e+05 2.17161000e+00
5.092700e+05 2.10660000e+00
5.114000e+05 2.07415000e+00
5.194600e+05 1.93341000e+00
5.225600e+05 1.99350000e+00
5.269400e+05 2.14530000e+00
5.274100e+05 2.18407000e+00
5.298200e+05 2.38354000e+00
5.330900e+05 2.79526000e+00
5.367900e+05 3.33691000e+00
5.391300e+05 3.61864000e+00
5.410600e+05 3.77696000e+00
5.417700e+05 3.83532000e+00
5.437200e+05 3.92196000e+00
5.461500e+05 3.97978000e+00
5.485400e+05 3.99416000e+00
5.532200e+05 3.97256000e+00
5.581000e+05 3.93641000e+00
5.592600e+05 3.92702000e+00
5.629500e+05 3.89716000e+00
5.634000e+05 3.97080000e+00
5.636800e+05 4.21396000e+00
5.637900e+05 4.50794000e+00
5.639400e+05 4.91648000e+00
5.639900e+05 5.04096000e+00
5.640800e+05 4.89841000e+00
5.642800e+05 4.25664000e+00
5.644600e+05 4.00963000e+00
5.648000e+05 3.88409000e+00
5.658200e+05 3.89706000e+00
5.662600e+05 3.84068000e+00
5.699000e+05 3.84514000e+00
5.729100e+05 3.88496000e+00
5.745900e+05 3.90721000e+00
5.803100e+05 4.06915000e+00
5.834100e+05 4.16734000e+00
5.839700e+05 4.20372000e+00
5.875800e+05 4.43880000e+00
5.905600e+05 4.71044000e+00
5.924200e+05 4.87652000e+00
5.936000e+05 4.98190000e+00
5.963200e+05 5.13045000e+00
5.964600e+05 5.13809000e+00
5.975900e+05 5.21307000e+00
5.987900e+05 5.34632000e+00
5.989200e+05 5.41156000e+00
5.992600e+05 5.58312000e+00
5.995600e+05 6.05112000e+00
5.997400e+05 6.34554000e+00
5.999200e+05 6.00456000e+00
6.000000e+05 5.86988000e+00
6.001600e+05 5.60022000e+00
6.004000e+05 5.30548000e+00
6.007500e+05 5.16693000e+00
6.008700e+05 5.14791000e+00
6.014100e+05 5.06283000e+00
6.041200e+05 4.85156000e+00
6.053400e+05 4.75656000e+00
6.067200e+05 4.65442000e+00
6.073700e+05 4.60637000e+00
6.099700e+05 4.48937000e+00
6.114800e+05 4.42148000e+00
6.147000e+05 4.29433000e+00
6.158200e+05 4.27105000e+00
6.194600e+05 4.19614000e+00
6.216700e+05 4.20861000e+00
6.225600e+05 4.21357000e+00
6.246700e+05 4.29809000e+00
6.255700e+05 4.44116000e+00
6.266200e+05 4.60778000e+00
6.271100e+05 4.70191000e+00
6.275900e+05 4.59863000e+00
6.289800e+05 4.33583000e+00
6.301200e+05 4.31252000e+00
6.303600e+05 4.30751000e+00
6.333700e+05 4.33767000e+00
6.341000e+05 4.34513000e+00
6.359700e+05 4.37201000e+00
6.367000e+05 4.38264000e+00
6.392200e+05 4.45655000e+00
6.427900e+05 4.56100000e+00
6.489700e+05 4.79914000e+00
6.527800e+05 4.94597000e+00
6.574200e+05 5.18917000e+00
6.600000e+05 5.32440000e+00
6.633500e+05 5.49997000e+00
6.682200e+05 5.78173000e+00
6.697700e+05 5.90714000e+00
6.739100e+05 6.24183000e+00
6.813900e+05 6.84280000e+00
6.825200e+05 7.07751000e+00
6.830100e+05 7.99760000e+00
6.834200e+05 8.81439000e+00
6.835800e+05 8.42020000e+00
6.840700e+05 7.36869000e+00
6.848000e+05 7.19009000e+00
6.865100e+05 7.31218000e+00
6.879700e+05 7.45718000e+00
6.887800e+05 7.53762000e+00
6.939400e+05 7.96949000e+00
6.957700e+05 8.11652000e+00
6.983800e+05 8.32645000e+00
7.011300e+05 8.52353000e+00
7.022800e+05 8.57892000e+00
7.044400e+05 8.68306000e+00
7.074800e+05 8.76944000e+00
7.077500e+05 8.77700000e+00
7.103500e+05 8.81458000e+00
7.133300e+05 8.75062000e+00
7.138700e+05 8.73942000e+00
7.181700e+05 8.51435000e+00
7.185300e+05 8.48645000e+00
7.217800e+05 8.23480000e+00
7.225400e+05 8.17609000e+00
7.256800e+05 7.84935000e+00
7.260600e+05 7.80993000e+00
7.302800e+05 7.25594000e+00
7.334800e+05 6.82330000e+00
7.354900e+05 6.55158000e+00
7.386800e+05 6.11050000e+00
7.409900e+05 5.79110000e+00
7.448600e+05 5.25590000e+00
7.468300e+05 5.07755000e+00
7.471300e+05 5.07433000e+00
7.476800e+05 5.06816000e+00
7.481000e+05 5.53761000e+00
7.487300e+05 5.00228000e+00
7.493000e+05 4.85214000e+00
7.500000e+05 4.71949000e+00
7.500400e+05 4.71176000e+00
7.523300e+05 4.59628000e+00
7.549100e+05 4.46624000e+00
7.572600e+05 4.39402000e+00
7.575300e+05 4.39170000e+00
7.589400e+05 4.37957000e+00
7.616300e+05 4.53122000e+00
7.627300e+05 4.55709000e+00
7.634700e+05 4.57471000e+00
7.651500e+05 5.31130000e+00
7.656600e+05 5.80253000e+00
7.661600e+05 5.91795000e+00
7.665000e+05 6.19248000e+00
7.670000e+05 6.38750000e+00
7.688500e+05 6.30080000e+00
7.705300e+05 6.49239000e+00
7.717000e+05 6.62601000e+00
7.732100e+05 6.90033000e+00
7.760700e+05 7.08095000e+00
7.779100e+05 7.13146000e+00
7.795900e+05 7.08814000e+00
7.809300e+05 7.04201000e+00
7.829500e+05 6.97255000e+00
7.861400e+05 6.83532000e+00
7.867800e+05 6.79815000e+00
7.895000e+05 6.64025000e+00
7.960500e+05 6.16359000e+00
8.000000e+05 5.88852000e+00
8.017300e+05 5.76800000e+00
8.044500e+05 5.57848000e+00
8.101600e+05 5.22458000e+00
8.127800e+05 5.09080000e+00
8.182200e+05 4.81292000e+00
8.264400e+05 4.51182000e+00
8.272900e+05 4.48073000e+00
8.326600e+05 4.30006000e+00
8.405500e+05 4.11230000e+00
8.426900e+05 4.06714000e+00
8.504600e+05 3.90294000e+00
8.524400e+05 3.88157000e+00
8.578500e+05 3.82342000e+00
8.589400e+05 3.82039000e+00
8.657400e+05 3.80169000e+00
8.719400e+05 3.82945000e+00
8.738000e+05 3.83783000e+00
8.800000e+05 3.91988000e+00
8.803500e+05 3.92448000e+00
8.836400e+05 4.05438000e+00
8.865700e+05 4.17007000e+00
8.922800e+05 4.48068000e+00
8.933900e+05 4.58550000e+00
8.966400e+05 4.89235000e+00
8.972900e+05 4.95200000e+00
8.991600e+05 5.12351000e+00
9.022900e+05 5.46153000e+00
9.024900e+05 5.47756000e+00
9.045600e+05 5.64615000e+00
9.057000e+05 5.73285000e+00
9.075200e+05 5.90031000e+00
9.113900e+05 5.87699000e+00
9.115900e+05 5.86962000e+00
9.132100e+05 5.80794000e+00
9.150300e+05 5.68648000e+00
9.173000e+05 5.47851000e+00
9.227600e+05 4.98161000e+00
9.265400e+05 4.66434000e+00
9.286800e+05 4.48458000e+00
9.336900e+05 4.14376000e+00
9.364100e+05 3.95883000e+00
9.432400e+05 3.62948000e+00
9.441000e+05 3.60139000e+00
9.464200e+05 3.52548000e+00
9.496100e+05 3.35790000e+00
9.525700e+05 3.28865000e+00
9.532000e+05 3.27981000e+00
9.590500e+05 3.19837000e+00
9.621200e+05 3.15571000e+00
9.642500e+05 3.15078000e+00
9.646300e+05 3.14991000e+00
9.657600e+05 3.23650000e+00
9.664500e+05 3.72753000e+00
9.666700e+05 4.61180000e+00
9.671300e+05 4.98726000e+00
9.678100e+05 4.73319000e+00
9.682700e+05 4.21315000e+00
9.684900e+05 3.46772000e+00
9.691800e+05 3.21336000e+00
9.712200e+05 3.20195000e+00
9.733500e+05 3.27677000e+00
9.741800e+05 3.30592000e+00
9.764600e+05 3.46769000e+00
9.791900e+05 3.75655000e+00
9.805500e+05 3.92992000e+00
9.819200e+05 3.99931000e+00
9.824500e+05 4.00053000e+00
9.844200e+05 4.00519000e+00
9.857900e+05 3.91265000e+00
9.870000e+05 3.81588000e+00
9.889700e+05 3.65855000e+00
9.922000e+05 3.43251000e+00
9.926100e+05 3.40408000e+00
9.961000e+05 3.25520000e+00
9.976200e+05 3.19027000e+00
9.994400e+05 3.20187000e+00
1.000000e+06 3.17168000e+00
1.000100e+06 3.16629000e+00
1.001900e+06 3.06902000e+00
1.005600e+06 3.09795000e+00
1.007300e+06 3.09500000e+00
1.009000e+06 3.09211000e+00
1.012600e+06 3.16137000e+00
1.013200e+06 3.18220000e+00
1.017600e+06 3.33479000e+00
1.023600e+06 3.65260000e+00
1.025100e+06 3.71031000e+00
1.029000e+06 3.86058000e+00
1.031700e+06 3.91257000e+00
1.033500e+06 3.92100000e+00
1.035400e+06 3.92987000e+00
1.038200e+06 3.88007000e+00
1.039300e+06 3.86065000e+00
1.044000e+06 3.83735000e+00
1.049000e+06 3.91892000e+00
1.051100e+06 3.95309000e+00
1.056100e+06 4.15535000e+00
1.059700e+06 4.39062000e+00
1.062200e+06 4.55398000e+00
1.064500e+06 4.65124000e+00
1.066300e+06 4.72729000e+00
1.069500e+06 4.76776000e+00
1.072800e+06 4.70435000e+00
1.073400e+06 4.69272000e+00
1.078400e+06 4.48458000e+00
1.080000e+06 4.40645000e+00
1.082900e+06 4.26513000e+00
1.085200e+06 4.10913000e+00
1.086600e+06 3.97619000e+00
1.087700e+06 4.06862000e+00
1.088300e+06 4.19991000e+00
1.089100e+06 4.37492000e+00
1.090000e+06 4.44421000e+00
1.094200e+06 4.28242000e+00
1.098400e+06 4.14374000e+00
1.104200e+06 3.96748000e+00
1.108000e+06 3.84619000e+00
1.109600e+06 3.80282000e+00
1.110900e+06 3.96141000e+00
1.111200e+06 3.99777000e+00
1.113100e+06 3.73350000e+00
1.119900e+06 3.63378000e+00
1.124100e+06 3.56651000e+00
1.129900e+06 3.47354000e+00
1.133600e+06 3.43955000e+00
1.133700e+06 3.43881000e+00
1.139500e+06 3.43229000e+00
1.141500e+06 3.43008000e+00
1.145600e+06 3.54707000e+00
1.148900e+06 3.41280000e+00
1.155100e+06 3.26540000e+00
1.157400e+06 3.24354000e+00
1.159200e+06 3.22641000e+00
1.163800e+06 3.27413000e+00
1.167800e+06 3.34340000e+00
1.170800e+06 3.46478000e+00
1.171700e+06 3.48356000e+00
1.173500e+06 3.52108000e+00
1.176200e+06 3.48641000e+00
1.180100e+06 3.35552000e+00
1.183300e+06 3.24809000e+00
1.186800e+06 3.14844000e+00
1.192200e+06 3.06605000e+00
1.196300e+06 3.05307000e+00
1.199100e+06 3.07289000e+00
1.200600e+06 3.08339000e+00
1.204900e+06 3.20040000e+00
1.206300e+06 3.25255000e+00
1.210600e+06 3.41276000e+00
1.212800e+06 3.70306000e+00
1.214700e+06 3.61652000e+00
1.219800e+06 3.77665000e+00
1.224200e+06 3.86514000e+00
1.225200e+06 3.88524000e+00
1.229300e+06 3.91124000e+00
1.233700e+06 3.86531000e+00
1.233900e+06 3.86344000e+00
1.237700e+06 3.78113000e+00
1.242000e+06 3.58610000e+00
1.244400e+06 3.50128000e+00
1.254500e+06 3.14412000e+00
1.263200e+06 2.91009000e+00
1.268300e+06 2.83042000e+00
1.271800e+06 2.77566000e+00
1.278900e+06 2.71506000e+00
1.284600e+06 2.69337000e+00
1.289700e+06 2.73265000e+00
1.290200e+06 2.73669000e+00
1.295900e+06 2.80624000e+00
1.298100e+06 2.92309000e+00
1.301200e+06 3.05744000e+00
1.304800e+06 3.41283000e+00
1.306500e+06 3.49084000e+00
1.307600e+06 3.59231000e+00
1.309600e+06 3.77675000e+00
1.312200e+06 3.99783000e+00
1.314100e+06 4.08466000e+00
1.316200e+06 4.13221000e+00
1.317900e+06 4.08872000e+00
1.319300e+06 4.02832000e+00
1.321000e+06 3.91123000e+00
1.322000e+06 4.19280000e+00
1.323400e+06 3.81580000e+00
1.325300e+06 3.62083000e+00
1.329000e+06 3.38558000e+00
1.329800e+06 3.33478000e+00
1.333200e+06 3.18742000e+00
1.337000e+06 2.97512000e+00
1.343400e+06 2.79306000e+00
1.351300e+06 2.62841000e+00
1.354800e+06 2.60234000e+00
1.355300e+06 2.60117000e+00
1.363700e+06 2.58066000e+00
1.366000e+06 2.55083000e+00
1.368700e+06 2.51566000e+00
1.372200e+06 2.48105000e+00
1.376500e+06 2.49838000e+00
1.380600e+06 2.55901000e+00
1.383400e+06 2.62409000e+00
1.385000e+06 2.63120000e+00
1.387300e+06 2.64136000e+00
1.388900e+06 2.94912000e+00
1.390600e+06 3.55587000e+00
1.391100e+06 3.90260000e+00
1.392000e+06 4.12756000e+00
1.393000e+06 3.86352000e+00
1.394200e+06 3.45174000e+00
1.395600e+06 3.17443000e+00
1.397500e+06 3.01855000e+00
1.399300e+06 2.98298000e+00
1.403900e+06 2.89270000e+00
1.411300e+06 2.86576000e+00
1.419400e+06 2.83643000e+00
1.425600e+06 2.69843000e+00
1.426800e+06 2.67183000e+00
1.429400e+06 2.96213000e+00
1.431100e+06 2.63273000e+00
1.433500e+06 2.58073000e+00
1.438700e+06 2.56663000e+00
1.451100e+06 2.53302000e+00
1.455400e+06 2.53452000e+00
1.464000e+06 2.53736000e+00
1.470400e+06 2.57640000e+00
1.472800e+06 2.67169000e+00
1.473200e+06 2.66246000e+00
1.478300e+06 2.54585000e+00
1.485000e+06 2.45943000e+00
1.490200e+06 2.36845000e+00
1.493100e+06 2.32486000e+00
1.495700e+06 2.32937000e+00
1.497600e+06 2.48966000e+00
1.498300e+06 2.50818000e+00
1.500800e+06 2.57474000e+00
1.504300e+06 2.51675000e+00
1.508700e+06 2.41566000e+00
1.515400e+06 2.30731000e+00
1.525900e+06 2.24945000e+00
1.537000e+06 2.21341000e+00
1.537600e+06 2.21604000e+00
1.540300e+06 2.22799000e+00
1.543800e+06 2.32896000e+00
1.545500e+06 2.26402000e+00
1.549900e+06 2.19174000e+00
1.550700e+06 2.19756000e+00
1.556900e+06 2.24227000e+00
1.560200e+06 2.55286000e+00
1.562500e+06 2.28574000e+00
1.569500e+06 2.30007000e+00
1.575100e+06 2.40124000e+00
1.579300e+06 2.54674000e+00
1.582400e+06 2.65399000e+00
1.587900e+06 2.96451000e+00
1.592300e+06 3.37628000e+00
1.595800e+06 3.80251000e+00
1.599100e+06 4.30814000e+00
1.601100e+06 4.67634000e+00
1.601700e+06 4.81371000e+00
1.603200e+06 4.93643000e+00
1.604300e+06 4.82807000e+00
1.605500e+06 4.68841000e+00
1.606100e+06 4.61874000e+00
1.607800e+06 4.39464000e+00
1.610500e+06 3.97565000e+00
1.613100e+06 3.70869000e+00
1.615700e+06 3.39793000e+00
1.616300e+06 3.35585000e+00
1.619500e+06 3.13074000e+00
1.626000e+06 2.90682000e+00
1.630900e+06 2.75521000e+00
1.632100e+06 2.86351000e+00
1.633900e+06 2.92130000e+00
1.636200e+06 2.80569000e+00
1.638800e+06 2.58179000e+00
1.641500e+06 2.48068000e+00
1.650500e+06 2.35795000e+00
1.650800e+06 2.35585000e+00
1.662800e+06 2.27119000e+00
1.665100e+06 2.24210000e+00
1.674800e+06 2.11951000e+00
1.677500e+06 1.85951000e+00
1.679800e+06 1.72952000e+00
1.681000e+06 1.91726000e+00
1.683900e+06 2.47350000e+00
1.685400e+06 2.53195000e+00
1.688900e+06 2.66854000e+00
1.693800e+06 2.82738000e+00
1.696500e+06 2.87794000e+00
1.701100e+06 2.80572000e+00
1.705600e+06 2.78725000e+00
1.706400e+06 2.78398000e+00
1.711400e+06 2.98628000e+00
1.716400e+06 3.37629000e+00
1.719600e+06 3.59290000e+00
1.720700e+06 3.47023000e+00
1.723400e+06 3.41961000e+00
1.735700e+06 3.51354000e+00
1.739000e+06 3.51352000e+00
1.741500e+06 3.51353000e+00
1.746500e+06 3.37626000e+00
1.756400e+06 3.05780000e+00
1.758200e+06 3.05268000e+00
1.760300e+06 3.19928000e+00
1.762500e+06 2.96677000e+00
1.767900e+06 2.67862000e+00
1.769800e+06 2.85050000e+00
1.772400e+06 2.60102000e+00
1.773700e+06 2.47626000e+00
1.780700e+06 2.42070000e+00
1.783400e+06 2.40545000e+00
1.785200e+06 2.46604000e+00
1.787000e+06 2.64304000e+00
1.789200e+06 2.55723000e+00
1.791300e+06 2.69394000e+00
1.796100e+06 2.76450000e+00
1.798300e+06 2.91618000e+00
1.799500e+06 3.10815000e+00
1.800700e+06 3.56341000e+00
1.801900e+06 3.96278000e+00
1.802800e+06 3.76083000e+00
1.803400e+06 3.29526000e+00
1.804000e+06 3.06279000e+00
1.805700e+06 3.01052000e+00
1.808600e+06 2.92125000e+00
1.826000e+06 2.57966000e+00
1.835900e+06 2.38527000e+00
1.840300e+06 2.34036000e+00
1.848300e+06 2.25886000e+00
1.862900e+06 2.03988000e+00
1.879300e+06 1.79384000e+00
1.884400e+06 1.74833000e+00
1.889600e+06 1.80390000e+00
1.895600e+06 1.94039000e+00
1.901400e+06 1.95054000e+00
1.903500e+06 2.28932000e+00
1.906900e+06 2.00106000e+00
1.910600e+06 1.93884000e+00
1.911700e+06 1.92025000e+00
1.914100e+06 2.04155000e+00
1.918400e+06 1.96065000e+00
1.922600e+06 1.94535000e+00
1.928100e+06 2.28926000e+00
1.931400e+06 2.63786000e+00
1.932400e+06 3.02226000e+00
1.933300e+06 3.54296000e+00
1.933600e+06 3.82126000e+00
1.934800e+06 3.51786000e+00
1.936000e+06 2.93136000e+00
1.937500e+06 2.71907000e+00
1.939300e+06 2.66847000e+00
1.948800e+06 2.80527000e+00
1.953000e+06 2.86571000e+00
1.956900e+06 3.16398000e+00
1.961500e+06 3.32572000e+00
1.966600e+06 3.30054000e+00
1.969400e+06 3.64932000e+00
1.973300e+06 3.21450000e+00
1.973800e+06 3.18196000e+00
1.978200e+06 2.89604000e+00
1.988200e+06 2.77975000e+00
1.990000e+06 2.77599000e+00
1.996400e+06 2.76261000e+00
1.997900e+06 2.75951000e+00
2.011700e+06 2.88576000e+00
2.015000e+06 2.91599000e+00
2.018200e+06 3.17298000e+00
2.020000e+06 3.29427000e+00
2.025000e+06 3.11514000e+00
2.026900e+06 3.04008000e+00
2.030100e+06 3.04456000e+00
2.033200e+06 3.04877000e+00
2.041400e+06 3.14120000e+00
2.044600e+06 3.22206000e+00
2.047300e+06 3.12955000e+00
2.051900e+06 3.16429000e+00
2.055500e+06 3.29138000e+00
2.068300e+06 3.33484000e+00
2.079700e+06 3.30883000e+00
2.083200e+06 3.33116000e+00
2.084200e+06 3.33771000e+00
2.089700e+06 3.46768000e+00
2.096500e+06 3.47921000e+00
2.106000e+06 3.60058000e+00
2.109200e+06 3.67873000e+00
2.113800e+06 3.59775000e+00
2.122400e+06 3.33178000e+00
2.125600e+06 3.10653000e+00
2.128700e+06 3.07710000e+00
2.132000e+06 3.04588000e+00
2.136500e+06 2.79449000e+00
2.138500e+06 2.80445000e+00
2.142900e+06 2.82626000e+00
2.147900e+06 2.95906000e+00
2.150400e+06 3.06026000e+00
2.152900e+06 3.16139000e+00
2.156600e+06 3.22793000e+00
2.160000e+06 3.25616000e+00
2.161100e+06 3.26543000e+00
2.167900e+06 3.13829000e+00
2.169200e+06 3.11162000e+00
2.175000e+06 2.99268000e+00
2.177900e+06 2.93321000e+00
2.184000e+06 2.93754000e+00
2.190200e+06 2.94193000e+00
2.196100e+06 3.10076000e+00
2.200700e+06 3.58914000e+00
2.202500e+06 3.69028000e+00
2.203900e+06 3.57745000e+00
2.209300e+06 2.95079000e+00
2.210000e+06 2.93922000e+00
2.214300e+06 2.86929000e+00
2.216600e+06 2.83210000e+00
2.219300e+06 3.14119000e+00
2.220000e+06 3.22418000e+00
2.221200e+06 3.36645000e+00
2.225300e+06 2.99100000e+00
2.232500e+06 2.81469000e+00
2.233800e+06 2.80469000e+00
2.238500e+06 2.76852000e+00
2.240000e+06 2.80106000e+00
2.242100e+06 2.84649000e+00
2.245300e+06 3.14122000e+00
2.251200e+06 2.76851000e+00
2.255800e+06 2.81466000e+00
2.259800e+06 2.75237000e+00
2.260800e+06 2.73666000e+00
2.265300e+06 2.98233000e+00
2.268500e+06 3.06595000e+00
2.270800e+06 3.30589000e+00
2.274400e+06 3.12099000e+00
2.280000e+06 3.05007000e+00
2.285800e+06 2.97669000e+00
2.289000e+06 2.93607000e+00
2.290000e+06 2.93021000e+00
2.295300e+06 2.89851000e+00
2.310400e+06 2.87828000e+00
2.313500e+06 3.13255000e+00
2.319000e+06 2.88702000e+00
2.320000e+06 2.85549000e+00
2.324500e+06 2.71359000e+00
2.330000e+06 2.66262000e+00
2.335400e+06 2.61248000e+00
2.336700e+06 2.62456000e+00
2.342200e+06 2.67603000e+00
2.346300e+06 2.78580000e+00
2.360000e+06 2.80582000e+00
2.362200e+06 2.80899000e+00
2.375700e+06 2.92585000e+00
2.380000e+06 2.96316000e+00
2.386800e+06 3.02197000e+00
2.398800e+06 3.13040000e+00
2.405800e+06 3.29646000e+00
2.410000e+06 3.41792000e+00
2.411300e+06 3.45543000e+00
2.415300e+06 3.53491000e+00
2.418700e+06 3.45543000e+00
2.422700e+06 3.25681000e+00
2.426200e+06 3.37209000e+00
2.426700e+06 3.36960000e+00
2.436200e+06 3.31819000e+00
2.438700e+06 3.25678000e+00
2.443200e+06 3.32899000e+00
2.454100e+06 3.23511000e+00
2.455600e+06 3.40848000e+00
2.459600e+06 3.74794000e+00
2.462100e+06 3.52043000e+00
2.466600e+06 3.10874000e+00
2.476600e+06 3.00399000e+00
2.489500e+06 2.99763000e+00
2.491500e+06 2.99672000e+00
2.498000e+06 2.96135000e+00
2.500000e+06 2.95057000e+00
2.503500e+06 2.93173000e+00
2.510000e+06 2.96717000e+00
2.515400e+06 2.99667000e+00
2.520000e+06 3.28069000e+00
2.520900e+06 3.33623000e+00
2.524900e+06 3.75152000e+00
2.526900e+06 3.50597000e+00
2.529400e+06 3.37587000e+00
2.530000e+06 3.29793000e+00
2.533400e+06 2.85587000e+00
2.538400e+06 3.09795000e+00
2.542300e+06 2.87764000e+00
2.548300e+06 2.63920000e+00
2.550400e+06 2.62848000e+00
2.560000e+06 2.57941000e+00
2.560300e+06 2.57782000e+00
2.563300e+06 2.99312000e+00
2.565800e+06 3.30374000e+00
2.568300e+06 3.65036000e+00
2.570200e+06 3.14836000e+00
2.573200e+06 2.65006000e+00
2.579700e+06 2.45864000e+00
2.585000e+06 2.40989000e+00
2.585200e+06 2.40812000e+00
2.594200e+06 2.54173000e+00
2.599700e+06 2.98585000e+00
2.601100e+06 2.72228000e+00
2.606100e+06 2.48032000e+00
2.608900e+06 2.46299000e+00
2.610000e+06 2.45597000e+00
2.615400e+06 2.42242000e+00
2.620600e+06 2.38996000e+00
2.630000e+06 2.38585000e+00
2.637000e+06 2.38279000e+00
2.654000e+06 2.72951000e+00
2.671900e+06 2.42995000e+00
2.676400e+06 2.53812000e+00
2.680000e+06 2.52827000e+00
2.684400e+06 2.51642000e+00
2.697300e+06 2.20222000e+00
2.699900e+06 2.36335000e+00
2.703300e+06 2.57425000e+00
2.710000e+06 2.67987000e+00
2.714300e+06 2.74764000e+00
2.718800e+06 2.69700000e+00
2.720000e+06 2.72999000e+00
2.727200e+06 2.92814000e+00
2.731700e+06 2.93896000e+00
2.740700e+06 2.69339000e+00
2.750200e+06 2.57058000e+00
2.755800e+06 2.54854000e+00
2.755830e+06 2.54842000e+00
2.760000e+06 2.53202000e+00
2.785000e+06 2.43340000e+00
2.790900e+06 2.49309000e+00
2.797500e+06 2.55979000e+00
2.800000e+06 2.58515000e+00
2.811800e+06 2.70457000e+00
2.814700e+06 2.71632000e+00
2.819900e+06 2.73665000e+00
2.820000e+06 2.73640000e+00
2.823700e+06 2.70835000e+00
2.828000e+06 2.67572000e+00
2.830000e+06 2.64232000e+00
2.840000e+06 2.47569000e+00
2.841000e+06 2.45897000e+00
2.845900e+06 2.58178000e+00
2.860000e+06 2.47001000e+00
2.860500e+06 2.46619000e+00
2.880000e+06 2.50950000e+00
2.883300e+06 2.51677000e+00
2.894600e+06 2.43730000e+00
2.906800e+06 2.48790000e+00
2.907400e+06 2.49568000e+00
2.912700e+06 2.56414000e+00
2.920000e+06 2.65825000e+00
2.924700e+06 2.71899000e+00
2.941800e+06 2.22792000e+00
2.943700e+06 2.25474000e+00
2.950000e+06 2.34352000e+00
2.952300e+06 2.37588000e+00
2.972600e+06 2.43015000e+00
2.980300e+06 2.30961000e+00
2.981600e+06 2.28931000e+00
2.994600e+06 2.30643000e+00
3.000000e+06 2.31364000e+00
3.003500e+06 2.31820000e+00
3.020000e+06 2.11480000e+00
3.032800e+06 1.95698000e+00
3.043300e+06 1.94259000e+00
3.064500e+06 1.66814000e+00
3.066100e+06 1.65959000e+00
3.070000e+06 1.63880000e+00
3.076700e+06 1.60311000e+00
3.083400e+06 1.60940000e+00
3.092100e+06 1.61759000e+00
3.098600e+06 1.69733000e+00
3.099700e+06 1.71076000e+00
3.100000e+06 1.71450000e+00
3.112400e+06 1.86671000e+00
3.113900e+06 1.87951000e+00
3.120000e+06 1.93158000e+00
3.144100e+06 2.13760000e+00
3.153800e+06 2.38038000e+00
3.155500e+06 2.42288000e+00
3.157500e+06 2.38517000e+00
3.166800e+06 2.20979000e+00
3.176600e+06 2.52025000e+00
3.180000e+06 2.55694000e+00
3.182300e+06 2.58182000e+00
3.185000e+06 2.50591000e+00
3.194500e+06 2.23869000e+00
3.197200e+06 2.21535000e+00
3.201500e+06 2.17826000e+00
3.208300e+06 2.11946000e+00
3.213400e+06 2.18764000e+00
3.215600e+06 2.21707000e+00
3.224500e+06 2.33619000e+00
3.230000e+06 2.32857000e+00
3.243200e+06 2.31015000e+00
3.253000e+06 2.29650000e+00
3.261900e+06 2.43369000e+00
3.267600e+06 2.43731000e+00
3.270000e+06 2.39624000e+00
3.279000e+06 2.24235000e+00
3.292300e+06 2.14072000e+00
3.296300e+06 2.11022000e+00
3.301700e+06 2.06898000e+00
3.312300e+06 2.01484000e+00
3.320000e+06 2.06829000e+00
3.325300e+06 2.10512000e+00
3.332600e+06 2.25773000e+00
3.336700e+06 2.34355000e+00
3.347200e+06 2.54933000e+00
3.360200e+06 2.48069000e+00
3.371600e+06 2.74431000e+00
3.376800e+06 2.73741000e+00
3.379700e+06 2.73347000e+00
3.389800e+06 2.46737000e+00
3.391100e+06 2.43304000e+00
3.391900e+06 2.41206000e+00
3.393300e+06 2.39549000e+00
3.397300e+06 2.34803000e+00
3.400000e+06 2.31615000e+00
3.404100e+06 2.26759000e+00
3.416300e+06 2.31818000e+00
3.446400e+06 2.16647000e+00
3.483700e+06 2.48791000e+00
3.490000e+06 2.46861000e+00
3.494300e+06 2.45543000e+00
3.495800e+06 2.45647000e+00
3.497100e+06 2.45764000e+00
3.500000e+06 2.45998000e+00
3.506000e+06 2.46473000e+00
3.517000e+06 2.47349000e+00
3.535400e+06 2.65559000e+00
3.545200e+06 2.73934000e+00
3.556000e+06 2.75077000e+00
3.568600e+06 2.54402000e+00
3.576600e+06 2.41281000e+00
3.588500e+06 2.28282000e+00
3.600000e+06 2.31125000e+00
3.617000e+06 2.35351000e+00
3.636200e+06 2.40144000e+00
3.636600e+06 2.40672000e+00
3.638500e+06 2.43325000e+00
3.650300e+06 2.59767000e+00
3.662200e+06 2.38388000e+00
3.677400e+06 2.45609000e+00
3.684600e+06 2.57051000e+00
3.686900e+06 2.60704000e+00
3.691400e+06 2.67865000e+00
3.705500e+06 2.74502000e+00
3.712000e+06 2.49659000e+00
3.717200e+06 2.54053000e+00
3.731500e+06 2.66123000e+00
3.743800e+06 2.29070000e+00
3.745600e+06 2.23654000e+00
3.750000e+06 2.21820000e+00
3.753200e+06 2.20477000e+00
3.754800e+06 2.22646000e+00
3.754820e+06 2.22673000e+00
3.762000e+06 2.32370000e+00
3.763800e+06 2.34796000e+00
3.767300e+06 2.39541000e+00
3.770000e+06 2.37058000e+00
3.774100e+06 2.33299000e+00
3.784600e+06 2.23690000e+00
3.784700e+06 2.23678000e+00
3.786600e+06 2.23951000e+00
3.789600e+06 2.24383000e+00
3.796500e+06 2.25390000e+00
3.800700e+06 2.20723000e+00
3.809500e+06 2.10935000e+00
3.838800e+06 2.13528000e+00
3.840000e+06 2.09595000e+00
3.841500e+06 2.04662000e+00
3.847500e+06 1.84938000e+00
3.850000e+06 1.85285000e+00
3.856100e+06 1.86106000e+00
3.871300e+06 2.12377000e+00
3.888600e+06 1.75981000e+00
3.900000e+06 1.82420000e+00
3.901400e+06 1.83211000e+00
3.906000e+06 1.85819000e+00
3.907000e+06 1.86381000e+00
3.914600e+06 2.14991000e+00
3.930900e+06 1.99965000e+00
3.963400e+06 2.31169000e+00
3.986100e+06 2.27409000e+00
4.000000e+06 2.30298000e+00
4.001000e+06 2.30503000e+00
4.005600e+06 2.31456000e+00
4.007600e+06 2.28633000e+00
4.015400e+06 2.17591000e+00
4.025100e+06 2.25975000e+00
4.035600e+06 2.16142000e+00
4.035620e+06 2.16122000e+00
4.040000e+06 2.12031000e+00
4.050000e+06 2.02664000e+00
4.050200e+06 2.02480000e+00
4.050240e+06 2.02445000e+00
4.056600e+06 1.96500000e+00
4.062000e+06 1.95231000e+00
4.065200e+06 1.94466000e+00
4.088000e+06 2.36667000e+00
4.097700e+06 2.39275000e+00
4.100000e+06 2.36364000e+00
4.104000e+06 2.31344000e+00
4.104200e+06 2.31074000e+00
4.125200e+06 2.04645000e+00
4.153000e+06 1.69630000e+00
4.173600e+06 1.82050000e+00
4.187600e+06 2.04303000e+00
4.200000e+06 2.33934000e+00
4.206100e+06 2.48499000e+00
4.212600e+06 2.52835000e+00
4.232900e+06 2.22523000e+00
4.236400e+06 2.17298000e+00
4.254800e+06 2.22214000e+00
4.272200e+06 2.17010000e+00
4.284100e+06 2.35501000e+00
4.287300e+06 2.35885000e+00
4.298200e+06 2.37215000e+00
4.300000e+06 2.39175000e+00
4.316600e+06 2.57169000e+00
4.342600e+06 2.21051000e+00
4.352300e+06 2.19028000e+00
4.361000e+06 2.32609000e+00
4.370700e+06 2.22206000e+00
4.395700e+06 2.22211000e+00
4.425100e+06 2.01992000e+00
4.456900e+06 1.88994000e+00
4.486300e+06 1.87245000e+00
4.500000e+06 1.81999000e+00
4.530400e+06 1.70351000e+00
4.535300e+06 1.68471000e+00
4.570800e+06 2.02561000e+00
4.583000e+06 2.16430000e+00
4.594000e+06 2.14412000e+00
4.600000e+06 2.09371000e+00
4.602600e+06 2.07189000e+00
4.624400e+06 2.07439000e+00
4.628300e+06 2.07479000e+00
4.640600e+06 2.22210000e+00
4.668700e+06 2.11523000e+00
4.698100e+06 1.87832000e+00
4.700000e+06 1.87718000e+00
4.707900e+06 1.87248000e+00
4.722600e+06 1.97067000e+00
4.750000e+06 1.98072000e+00
4.754400e+06 1.98230000e+00
4.777700e+06 2.09498000e+00
4.809500e+06 2.08050000e+00
4.847800e+06 2.01584000e+00
4.854600e+06 2.00433000e+00
4.858600e+06 1.99761000e+00
4.861500e+06 1.99266000e+00
4.883000e+06 1.95615000e+00
4.952800e+06 1.91866000e+00
4.971100e+06 1.80901000e+00
4.979300e+06 1.79636000e+00
4.980000e+06 1.79520000e+00
5.000000e+06 1.76432000e+00
5.002900e+06 1.75981000e+00
5.016400e+06 1.82920000e+00
5.056800e+06 1.84651000e+00
5.074000e+06 1.93611000e+00
5.104600e+06 1.89849000e+00
5.119700e+06 1.91501000e+00
5.130000e+06 1.92622000e+00
5.136400e+06 1.93321000e+00
5.160900e+06 2.10938000e+00
5.171900e+06 2.08344000e+00
5.182900e+06 1.98521000e+00
5.200000e+06 2.04583000e+00
5.244100e+06 2.20206000e+00
5.250000e+06 2.20380000e+00
5.270000e+06 2.21021000e+00
5.271100e+06 2.21048000e+00
5.290700e+06 1.96206000e+00
5.300000e+06 1.93733000e+00
5.310200e+06 1.91009000e+00
5.329800e+06 2.02284000e+00
5.349400e+06 1.98829000e+00
5.349800e+06 1.99013000e+00
5.350000e+06 1.99125000e+00
5.362900e+06 2.06034000e+00
5.398000e+06 2.07682000e+00
5.399600e+06 2.07798000e+00
5.400000e+06 2.07480000e+00
5.404700e+06 2.04143000e+00
5.421600e+06 1.92163000e+00
5.443700e+06 1.88120000e+00
5.459600e+06 2.24515000e+00
5.465700e+06 2.34919000e+00
5.484100e+06 1.95920000e+00
5.496300e+06 1.97937000e+00
5.500000e+06 1.92930000e+00
5.513800e+06 1.74250000e+00
5.528900e+06 1.84071000e+00
5.542400e+06 2.02558000e+00
5.564200e+06 1.98810000e+00
5.572300e+06 2.03542000e+00
5.586000e+06 2.11524000e+00
5.600000e+06 2.13116000e+00
5.606200e+06 2.13831000e+00
5.616000e+06 2.07810000e+00
5.616050e+06 2.07780000e+00
5.630000e+06 1.99199000e+00
5.633000e+06 1.97372000e+00
5.659900e+06 1.90430000e+00
5.721600e+06 1.88350000e+00
5.737200e+06 1.87830000e+00
5.750000e+06 1.87550000e+00
5.770000e+06 1.87121000e+00
5.772600e+06 1.87060000e+00
5.772630e+06 1.87059000e+00
5.800000e+06 1.86481000e+00
5.850000e+06 1.85411000e+00
5.880000e+06 1.84761000e+00
5.905000e+06 1.84211000e+00
5.905600e+06 1.84209000e+00
5.908100e+06 1.84158000e+00
5.912800e+06 1.84061000e+00
5.930000e+06 1.83680000e+00
5.952100e+06 1.83208000e+00
5.955000e+06 1.84410000e+00
5.968900e+06 1.90141000e+00
5.987400e+06 1.74250000e+00
6.000000e+06 1.73581000e+00
6.009200e+06 1.73093000e+00
6.012700e+06 1.74840000e+00
6.012720e+06 1.74850000e+00
6.025000e+06 1.81010000e+00
6.047800e+06 1.92452000e+00
6.050000e+06 1.92574000e+00
6.064600e+06 1.93319000e+00
6.078100e+06 1.75120000e+00
6.100000e+06 1.82292000e+00
6.125000e+06 1.90478000e+00
6.128400e+06 1.91590000e+00
6.140200e+06 2.11230000e+00
6.150000e+06 2.13525000e+00
6.158700e+06 2.15575000e+00
6.175000e+06 2.10448000e+00
6.177100e+06 2.09788000e+00
6.200000e+06 1.92440000e+00
6.205700e+06 1.88119000e+00
6.216300e+06 1.92292000e+00
6.229200e+06 1.97359000e+00
6.250000e+06 1.98041000e+00
6.264500e+06 1.98521000e+00
6.300000e+06 1.86299000e+00
6.304800e+06 1.84650000e+00
6.330000e+06 1.95379000e+00
6.333300e+06 1.96789000e+00
6.345200e+06 1.87839000e+00
6.350000e+06 1.84231000e+00
6.360000e+06 1.76659000e+00
6.360200e+06 1.76560000e+00
6.370000e+06 1.73571000e+00
6.380000e+06 1.70532000e+00
6.382000e+06 1.69920000e+00
6.400000e+06 1.69920000e+00
6.405500e+06 1.69919000e+00
6.412800e+06 1.75540000e+00
6.418200e+06 1.79699000e+00
6.419000e+06 1.80321000e+00
6.425100e+06 1.80402000e+00
6.426900e+06 1.80422000e+00
6.430000e+06 1.80460000e+00
6.442000e+06 1.80611000e+00
6.449100e+06 1.80701000e+00
6.464300e+06 1.80899000e+00
6.487800e+06 1.71650000e+00
6.500000e+06 1.79760000e+00
6.513000e+06 1.88410000e+00
6.530000e+06 1.96880000e+00
6.544900e+06 2.04315000e+00
6.545100e+06 2.04305000e+00
6.565100e+06 2.05738000e+00
6.580000e+06 1.95280000e+00
6.590200e+06 1.88121000e+00
6.600000e+06 1.87331000e+00
6.620000e+06 1.85720000e+00
6.650000e+06 1.83310000e+00
6.669200e+06 1.81761000e+00
6.717900e+06 1.67610000e+00
6.725000e+06 1.67771000e+00
6.769900e+06 1.68761000e+00
6.780000e+06 1.74760000e+00
6.791800e+06 1.81759000e+00
6.800000e+06 1.83920000e+00
6.820000e+06 1.89201000e+00
6.820300e+06 1.89269000e+00
6.825000e+06 1.87550000e+00
6.833700e+06 1.84360000e+00
6.850000e+06 1.70490000e+00
6.867300e+06 1.55759000e+00
6.875000e+06 1.59940000e+00
6.899200e+06 1.73074000e+00
6.900000e+06 1.72990000e+00
6.925000e+06 1.70018000e+00
6.930000e+06 1.69430000e+00
6.933400e+06 1.69021000e+00
6.942900e+06 1.67889000e+00
6.950000e+06 1.68019000e+00
6.960000e+06 1.68209000e+00
6.975000e+06 1.68478000e+00
6.989900e+06 1.68756000e+00
7.000000e+06 1.71420000e+00
7.001100e+06 1.71719000e+00
7.009800e+06 1.74021000e+00
7.010000e+06 1.74073000e+00
7.018300e+06 1.76270000e+00
7.025000e+06 1.76210000e+00
7.050000e+06 1.76000000e+00
7.050200e+06 1.75980000e+00
7.075000e+06 1.60879000e+00
7.075200e+06 1.60669000e+00
7.100000e+06 1.79601000e+00
7.100200e+06 1.79738000e+00
7.116100e+06 1.82339000e+00
7.125000e+06 1.73490000e+00
7.143400e+06 1.55181000e+00
7.150000e+06 1.57940000e+00
7.166200e+06 1.64719000e+00
7.175000e+06 1.61230000e+00
7.184400e+06 1.57491000e+00
7.200000e+06 1.72912000e+00
7.207200e+06 1.80032000e+00
7.220800e+06 1.74541000e+00
7.225000e+06 1.72622000e+00
7.230000e+06 1.70336000e+00
7.243600e+06 1.64138000e+00
7.250000e+06 1.67811000e+00
7.266300e+06 1.77139000e+00
7.275000e+06 1.76280000e+00
7.300000e+06 1.73819000e+00
7.325000e+06 1.71348000e+00
7.350000e+06 1.68887000e+00
7.375000e+06 1.66432000e+00
7.400000e+06 1.63966000e+00
7.418700e+06 1.62119000e+00
7.422000e+06 1.62907000e+00
7.425000e+06 1.63630000e+00
7.440000e+06 1.67244000e+00
7.450000e+06 1.69637000e+00
7.470000e+06 1.74456000e+00
7.475000e+06 1.75647000e+00
7.482400e+06 1.77430000e+00
7.500000e+06 1.80184000e+00
7.512000e+06 1.82051000e+00
7.525000e+06 1.80197000e+00
7.550000e+06 1.76652000e+00
7.568900e+06 1.73961000e+00
7.575000e+06 1.74791000e+00
7.599100e+06 1.78097000e+00
7.600000e+06 1.78207000e+00
7.625000e+06 1.81627000e+00
7.628100e+06 1.82046000e+00
7.650000e+06 1.82046000e+00
7.657600e+06 1.82048000e+00
7.675000e+06 1.78739000e+00
7.700000e+06 1.73981000e+00
7.716800e+06 1.70779000e+00
7.725000e+06 1.70259000e+00
7.750000e+06 1.68669000e+00
7.753000e+06 1.68483000e+00
7.775000e+06 1.67098000e+00
7.775900e+06 1.67027000e+00
7.790900e+06 1.63985000e+00
7.800000e+06 1.62145000e+00
7.810100e+06 1.60092000e+00
7.825000e+06 1.65768000e+00
7.850000e+06 1.75292000e+00
7.867000e+06 1.81761000e+00
7.875000e+06 1.80000000e+00
7.900000e+06 1.74490000e+00
7.901100e+06 1.74249000e+00
7.925000e+06 1.71449000e+00
7.950000e+06 1.68520000e+00
7.960000e+06 1.67339000e+00
7.975000e+06 1.65585000e+00
7.989800e+06 1.63849000e+00
8.000000e+06 1.67406000e+00
8.020000e+06 1.74378000e+00
8.025000e+06 1.76122000e+00
8.026200e+06 1.76558000e+00
8.050000e+06 1.77289000e+00
8.075000e+06 1.78044000e+00
8.092200e+06 1.78579000e+00
8.100000e+06 1.77020000e+00
8.125000e+06 1.72035000e+00
8.131800e+06 1.70679000e+00
8.148600e+06 1.67329000e+00
8.150000e+06 1.67057000e+00
8.175000e+06 1.62069000e+00
8.187800e+06 1.59520000e+00
8.200000e+06 1.58630000e+00
8.219600e+06 1.57199000e+00
8.225000e+06 1.58439000e+00
8.230000e+06 1.59578000e+00
8.250000e+06 1.64159000e+00
8.253700e+06 1.65011000e+00
8.270000e+06 1.61768000e+00
8.275000e+06 1.60783000e+00
8.300000e+06 1.55798000e+00
8.322000e+06 1.51430000e+00
8.325000e+06 1.52604000e+00
8.350000e+06 1.62343000e+00
8.356100e+06 1.64724000e+00
8.375000e+06 1.64844000e+00
8.400000e+06 1.64995000e+00
8.420000e+06 1.65112000e+00
8.425000e+06 1.65143000e+00
8.450000e+06 1.65299000e+00
8.475000e+06 1.65446000e+00
8.500000e+06 1.65612000e+00
8.520000e+06 1.65727000e+00
8.525000e+06 1.65759000e+00
8.550000e+06 1.65920000e+00
8.575000e+06 1.66070000e+00
8.600000e+06 1.66220000e+00
8.625000e+06 1.66378000e+00
8.650000e+06 1.66526000e+00
8.675000e+06 1.66690000e+00
8.683700e+06 1.66741000e+00
8.700000e+06 1.66902000e+00
8.725000e+06 1.67140000e+00
8.750000e+06 1.67378000e+00
8.775000e+06 1.67626000e+00
8.790000e+06 1.67778000e+00
8.800000e+06 1.67874000e+00
8.820000e+06 1.68069000e+00
8.825000e+06 1.68124000e+00
8.831600e+06 1.68185000e+00
8.850000e+06 1.66225000e+00
8.860000e+06 1.65157000e+00
8.875000e+06 1.63563000e+00
8.900000e+06 1.60906000e+00
8.902200e+06 1.60667000e+00
8.910000e+06 1.60413000e+00
8.925000e+06 1.59901000e+00
8.950000e+06 1.59057000e+00
8.975000e+06 1.58225000e+00
8.979500e+06 1.58066000e+00
8.980000e+06 1.58076000e+00
9.000000e+06 1.58652000e+00
9.010000e+06 1.58934000e+00
9.034700e+06 1.59630000e+00
9.050000e+06 1.60061000e+00
9.070000e+06 1.60624000e+00
9.082000e+06 1.60963000e+00
9.125000e+06 1.59325000e+00
9.150000e+06 1.58366000e+00
9.200000e+06 1.56468000e+00
9.230800e+06 1.55290000e+00
9.264000e+06 1.54031000e+00
9.350000e+06 1.60023000e+00
9.433900e+06 1.65872000e+00
9.497300e+06 1.65587000e+00
9.500000e+06 1.65578000e+00
9.580000e+06 1.65220000e+00
9.600000e+06 1.65129000e+00
9.625000e+06 1.65022000e+00
9.650000e+06 1.64913000e+00
9.750000e+06 1.64465000e+00
9.765500e+06 1.64398000e+00
9.850000e+06 1.64029000e+00
9.900000e+06 1.63811000e+00
9.950000e+06 1.63592000e+00
9.955700e+06 1.63564000e+00
9.980000e+06 1.63235000e+00
1.000000e+07 1.62965000e+00
1.005000e+07 1.62286000e+00
1.010000e+07 1.61617000e+00
1.015000e+07 1.60939000e+00
1.023500e+07 1.59802000e+00
1.025000e+07 1.59973000e+00
1.040000e+07 1.61668000e+00
1.050000e+07 1.62787000e+00
1.075000e+07 1.65620000e+00
1.092600e+07 1.67613000e+00
1.100000e+07 1.67635000e+00
1.150000e+07 1.67765000e+00
1.175000e+07 1.67820000e+00
1.190000e+07 1.67855000e+00
1.200000e+07 1.67893000e+00
1.201900e+07 1.67891000e+00
1.203000e+07 1.67911000e+00
1.210000e+07 1.68039000e+00
1.220000e+07 1.68216000e+00
1.230000e+07 1.68403000e+00
1.250000e+07 1.68756000e+00
1.260000e+07 1.68943000e+00
1.295000e+07 1.69570000e+00
1.295870e+07 1.69556000e+00
1.300000e+07 1.69650000e+00
1.320000e+07 1.70010000e+00
1.324000e+07 1.70090000e+00
1.330000e+07 1.70190000e+00
1.346000e+07 1.70481000e+00
1.379000e+07 1.71080000e+00
1.394800e+07 1.71361000e+00
1.400000e+07 1.71510000e+00
1.402000e+07 1.71565000e+00
1.411900e+07 1.71839000e+00
1.440000e+07 1.72640000e+00
1.471000e+07 1.73520000e+00
1.500000e+07 1.74340000e+00
1.568300e+07 1.76270000e+00
1.600000e+07 1.76909000e+00
1.700000e+07 1.78931000e+00
1.704000e+07 1.79011000e+00
1.749500e+07 1.79930000e+00
1.800000e+07 1.80951000e+00
1.840100e+07 1.81760000e+00
1.900000e+07 1.83170000e+00
1.994700e+07 1.85402000e+00
