16-S_n-g
>   16-S-32:0.949995
>   16-S-33:0.007501
>   16-S-34:0.042504
1.000000e-05 2.58487989e+01
1.250000e-05 2.31198410e+01
1.500000e-05 2.11054276e+01
2.000000e-05 1.82778144e+01
2.750000e-05 1.55873880e+01
3.500000e-05 1.38167955e+01
4.250000e-05 1.25385227e+01
5.000000e-05 1.15599211e+01
6.250000e-05 1.03395378e+01
7.500000e-05 9.43863684e+00
1.000000e-04 8.17409181e+00
1.250000e-04 7.31113523e+00
1.500000e-04 6.67411988e+00
2.000000e-04 5.77996071e+00
2.750000e-04 4.92916610e+00
3.500000e-04 4.36923788e+00
4.250000e-04 3.96502206e+00
5.000000e-04 3.65556287e+00
6.250000e-04 3.26963866e+00
7.500000e-04 2.98475628e+00
1.000000e-03 2.58487989e+00
1.250000e-03 2.31198410e+00
1.500000e-03 2.11054276e+00
2.000000e-03 1.82778144e+00
2.750000e-03 1.55873880e+00
3.500000e-03 1.38167005e+00
4.250000e-03 1.25385221e+00
5.000000e-03 1.15599209e+00
6.250000e-03 1.03395372e+00
7.500000e-03 9.43862677e-01
1.000000e-02 8.17408166e-01
1.250000e-02 7.31112551e-01
1.500000e-02 6.67410973e-01
2.000000e-02 5.77994106e-01
2.530000e-02 5.13899409e-01
3.147500e-02 4.60738899e-01
3.765000e-02 4.21264962e-01
5.000000e-02 3.65554307e-01
6.250000e-02 3.26960894e-01
7.500000e-02 2.98472648e-01
1.000000e-01 2.58484009e-01
1.250000e-01 2.31194465e-01
1.500000e-01 2.11050301e-01
2.000000e-01 1.82773187e-01
2.750000e-01 1.55867933e-01
3.500000e-01 1.38161029e-01
5.000000e-01 1.15591277e-01
7.500000e-01 9.43764599e-02
1.000000e+00 8.17296181e-02
1.500000e+00 6.67272233e-02
2.000000e+00 5.77834541e-02
2.750000e+00 4.92727338e-02
3.500000e+00 4.36710753e-02
5.000000e+00 3.65302567e-02
7.500000e+00 2.98164416e-02
1.000000e+01 2.58128232e-02
1.500000e+01 2.10614257e-02
2.000000e+01 1.82270732e-02
2.750000e+01 1.55279273e-02
3.500000e+01 1.37497097e-02
5.000000e+01 1.14800497e-02
7.500000e+01 9.34116396e-03
1.000000e+02 8.06199056e-03
1.500000e+02 6.53789885e-03
2.000000e+02 5.62388521e-03
2.750000e+02 4.74827745e-03
3.500000e+02 4.16750426e-03
5.000000e+02 3.41988440e-03
7.500000e+02 2.70664187e-03
1.000000e+03 2.27515772e-03
1.500000e+03 1.75675965e-03
2.000000e+03 1.44552278e-03
2.750000e+03 1.15079628e-03
3.500000e+03 9.60418066e-04
5.000000e+03 7.28023781e-04
6.250000e+03 6.29279590e-04
7.500000e+03 5.30700318e-04
8.750000e+03 4.80377124e-04
1.000000e+04 4.30145599e-04
1.086040e+04 4.14228412e-04
1.129060e+04 4.06328216e-04
1.172090e+04 3.98517300e-04
1.215110e+04 3.90932781e-04
1.236620e+04 3.87348442e-04
1.250000e+04 3.85332460e-04
1.258130e+04 3.84120914e-04
1.268880e+04 3.82780181e-04
1.279640e+04 3.81777093e-04
1.290390e+04 3.81406896e-04
1.301150e+04 3.82354446e-04
1.306530e+04 3.83827110e-04
1.311910e+04 3.86591554e-04
1.317280e+04 3.91742025e-04
1.322660e+04 4.01820600e-04
1.325350e+04 4.10548794e-04
1.328040e+04 4.23982884e-04
1.330730e+04 4.45966178e-04
1.333420e+04 4.85218149e-04
1.334760e+04 5.17468817e-04
1.336100e+04 5.65324794e-04
1.337450e+04 6.40727689e-04
1.338790e+04 7.69161974e-04
1.340140e+04 1.01457762e-03
1.340810e+04 1.23012127e-03
1.341480e+04 1.57184479e-03
1.342150e+04 2.15735019e-03
1.342490e+04 2.61774373e-03
1.342830e+04 3.27088405e-03
1.343160e+04 4.23154946e-03
1.343500e+04 5.70060637e-03
1.343830e+04 8.02670832e-03
1.344170e+04 1.17362918e-02
1.344590e+04 1.85021162e-02
1.345000e+04 2.29837390e-02
1.345420e+04 1.84877122e-02
1.345830e+04 1.17221852e-02
1.346150e+04 8.15581979e-03
1.346470e+04 5.87445283e-03
1.346790e+04 4.39992656e-03
1.347110e+04 3.42371262e-03
1.347750e+04 2.27204981e-03
1.348390e+04 1.65722319e-03
1.349030e+04 1.29481181e-03
1.349660e+04 1.06462324e-03
1.350940e+04 8.00977342e-04
1.352220e+04 6.61715637e-04
1.353500e+04 5.79523389e-04
1.354780e+04 5.27016859e-04
1.356050e+04 4.91464613e-04
1.358610e+04 4.47665174e-04
1.361160e+04 4.22686131e-04
1.363720e+04 4.07017356e-04
1.366270e+04 3.96482883e-04
1.371380e+04 3.83462052e-04
1.376500e+04 3.75826947e-04
1.381610e+04 3.70797341e-04
1.386720e+04 3.67178326e-04
1.396940e+04 3.62117905e-04
1.407160e+04 3.58495161e-04
1.417380e+04 3.55558248e-04
1.427600e+04 3.52989644e-04
1.448050e+04 3.48414948e-04
1.468490e+04 3.44211876e-04
1.500000e+04 3.38075109e-04
1.509370e+04 3.37392411e-04
1.550260e+04 3.34650524e-04
1.591140e+04 3.32003489e-04
1.672920e+04 3.26823476e-04
1.836460e+04 3.16628808e-04
2.000000e+04 3.06550931e-04
2.097580e+04 3.11046760e-04
2.146360e+04 3.13370842e-04
2.195150e+04 3.15819836e-04
2.219540e+04 3.17138105e-04
2.243940e+04 3.18578513e-04
2.268330e+04 3.20243685e-04
2.292730e+04 3.22377545e-04
2.304920e+04 3.23796360e-04
2.317120e+04 3.25668421e-04
2.329320e+04 3.28370147e-04
2.341510e+04 3.32770428e-04
2.347610e+04 3.36227468e-04
2.353710e+04 3.41267091e-04
2.365910e+04 3.62637592e-04
2.372010e+04 3.89002223e-04
2.375000e+04 4.12435906e-04
2.375060e+04 4.12906166e-04
2.378100e+04 4.52218686e-04
2.381150e+04 5.23493103e-04
2.382680e+04 5.82931917e-04
2.384200e+04 6.72190263e-04
2.385730e+04 8.14122326e-04
2.387250e+04 1.05532862e-03
2.388010e+04 1.24165371e-03
2.388780e+04 1.49786899e-03
2.389540e+04 1.85443636e-03
2.390300e+04 2.34705233e-03
2.391650e+04 3.55946684e-03
2.393000e+04 4.36520568e-03
2.394350e+04 3.55488541e-03
2.395700e+04 2.34276497e-03
2.396970e+04 1.59986535e-03
2.398240e+04 1.16988201e-03
2.399520e+04 9.15515693e-04
2.400790e+04 7.57223031e-04
2.403330e+04 5.82180609e-04
2.405870e+04 4.94275902e-04
2.408420e+04 4.44440201e-04
2.410960e+04 4.13662706e-04
2.416050e+04 3.79365892e-04
2.421130e+04 3.61804302e-04
2.426220e+04 3.51703333e-04
2.431310e+04 3.45411019e-04
2.436390e+04 3.41265196e-04
2.446570e+04 3.36403566e-04
2.456740e+04 3.33874992e-04
2.466910e+04 3.32491693e-04
2.477090e+04 3.31735802e-04
2.497430e+04 3.31200759e-04
2.517390e+04 3.31314345e-04
2.517780e+04 3.31410898e-04
2.538120e+04 3.36758837e-04
2.558470e+04 3.42278390e-04
2.599160e+04 3.53574437e-04
2.639850e+04 3.65041398e-04
2.646730e+04 3.66997712e-04
2.721240e+04 4.29083305e-04
2.750000e+04 4.53086659e-04
2.776080e+04 4.74859475e-04
2.802620e+04 5.36667971e-04
2.840750e+04 6.25488795e-04
2.873090e+04 7.75751925e-04
2.884010e+04 8.68193167e-04
2.905420e+04 1.04944262e-03
2.937760e+04 1.63004894e-03
2.953930e+04 2.20192587e-03
2.970100e+04 3.22948690e-03
2.978180e+04 4.08201664e-03
2.986270e+04 5.36337411e-03
2.994350e+04 7.41714402e-03
3.002430e+04 1.10130123e-02
3.010520e+04 1.81795793e-02
3.014560e+04 2.47766269e-02
3.018600e+04 3.57713914e-02
3.022640e+04 5.60673670e-02
3.024670e+04 7.32886850e-02
3.026690e+04 9.96220701e-02
3.028710e+04 1.42480143e-01
3.030730e+04 2.17914495e-01
3.032750e+04 3.63485077e-01
3.033760e+04 4.86791577e-01
3.034770e+04 6.63838345e-01
3.036390e+04 1.06552473e+00
3.038000e+04 1.33355632e+00
3.039620e+04 1.06344424e+00
3.041230e+04 6.62473198e-01
3.042470e+04 4.53907495e-01
3.043710e+04 3.20684945e-01
3.044950e+04 2.34950746e-01
3.046190e+04 1.78115394e-01
3.046780e+04 1.62196374e-01
3.048670e+04 1.11201545e-01
3.051150e+04 7.54978821e-02
3.053620e+04 5.44412418e-02
3.056100e+04 4.10694912e-02
3.061060e+04 2.57396097e-02
3.066020e+04 1.76501152e-02
3.070970e+04 1.28773382e-02
3.075930e+04 9.83079710e-03
3.080890e+04 7.76943883e-03
3.090800e+04 5.24030090e-03
3.100720e+04 3.80714371e-03
3.110630e+04 2.91747865e-03
3.120540e+04 2.32760351e-03
3.140370e+04 1.61863276e-03
3.160200e+04 1.22502235e-03
3.199860e+04 8.26021737e-04
3.239510e+04 6.38161314e-04
3.279170e+04 5.35200991e-04
3.358480e+04 4.32582804e-04
3.372310e+04 4.26369389e-04
3.500000e+04 3.69016484e-04
3.517100e+04 3.61338607e-04
3.675730e+04 3.40100522e-04
3.697850e+04 3.39817754e-04
3.992980e+04 3.36073166e-04
4.023390e+04 3.37911750e-04
4.151600e+04 3.45678484e-04
4.186160e+04 3.55975056e-04
4.230910e+04 3.69314385e-04
4.250000e+04 4.09460933e-04
4.270570e+04 4.52721531e-04
4.290400e+04 7.79591065e-04
4.300310e+04 2.07504795e-03
4.305270e+04 7.17118355e-03
4.307750e+04 2.68766645e-02
4.308370e+04 4.66178458e-02
4.308990e+04 1.00383763e-01
4.309300e+04 1.71414889e-01
4.309610e+04 3.56654414e-01
4.309760e+04 5.87275200e-01
4.309920e+04 1.13828465e+00
4.310000e+04 1.75884038e+00
4.310070e+04 3.01685226e+00
4.310110e+04 4.21024548e+00
4.310150e+04 6.13982782e+00
4.310190e+04 9.65156984e+00
4.310230e+04 1.60393362e+01
4.310260e+04 2.56123408e+01
4.310300e+04 3.21193316e+01
4.310340e+04 2.56126258e+01
4.310370e+04 1.60398112e+01
4.310400e+04 1.18514733e+01
4.310420e+04 8.96250997e+00
4.310460e+04 5.41645413e+00
4.310510e+04 3.55798841e+00
4.310550e+04 2.49454501e+00
4.310640e+04 1.40720923e+00
4.310730e+04 8.97820966e-01
4.310910e+04 4.54525749e-01
4.311090e+04 2.73311353e-01
4.311450e+04 1.30063507e-01
4.311810e+04 7.58156581e-02
4.313250e+04 2.02026663e-02
4.316130e+04 5.44516926e-03
4.321890e+04 1.64073544e-03
4.333410e+04 6.74785739e-04
4.348930e+04 5.11228056e-04
4.356440e+04 4.32086070e-04
4.402510e+04 3.73625598e-04
4.494650e+04 3.66195380e-04
4.511690e+04 3.69351552e-04
4.586780e+04 3.83311040e-04
4.632850e+04 4.41571776e-04
4.655880e+04 6.65387463e-04
4.667400e+04 1.55020649e-03
4.673160e+04 5.03345595e-03
4.674460e+04 1.11192740e-02
4.676040e+04 1.85158855e-02
4.677480e+04 6.90232281e-02
4.677840e+04 1.17970391e-01
4.678200e+04 2.46127568e-01
4.678380e+04 4.06490524e-01
4.678560e+04 7.92472543e-01
4.678650e+04 1.22723300e+00
4.678740e+04 2.13075425e+00
4.678780e+04 2.98823874e+00
4.678830e+04 4.43703811e+00
4.678870e+04 7.06646277e+00
4.678920e+04 1.19218682e+01
4.678960e+04 1.90693456e+01
4.679000e+04 2.38710003e+01
4.679040e+04 1.90694406e+01
4.679080e+04 1.19221532e+01
4.679120e+04 7.47623361e+00
4.679160e+04 4.93794197e+00
4.679240e+04 2.51725972e+00
4.679320e+04 1.48755064e+00
4.679400e+04 9.79939808e-01
4.679550e+04 5.12239220e-01
4.679710e+04 3.14174763e-01
4.680020e+04 1.52022017e-01
4.680340e+04 8.94903073e-02
4.681590e+04 2.41413893e-02
4.684100e+04 6.51607171e-03
4.689110e+04 1.93565449e-03
4.699140e+04 7.67815791e-04
4.719200e+04 4.73783107e-04
4.755850e+04 4.08516079e-04
4.759310e+04 4.02360469e-04
4.837230e+04 3.90688262e-04
4.839540e+04 3.90351171e-04
4.918620e+04 3.95780794e-04
4.959310e+04 3.98832019e-04
5.000000e+04 4.02249664e-04
5.046790e+04 4.09802653e-04
5.070190e+04 4.14463117e-04
5.093590e+04 4.20447786e-04
5.116980e+04 4.29359100e-04
5.128680e+04 4.36170652e-04
5.140380e+04 4.46237829e-04
5.146230e+04 4.53363714e-04
5.152080e+04 4.62752200e-04
5.157930e+04 4.75570855e-04
5.163770e+04 4.93806209e-04
5.169620e+04 5.21001701e-04
5.175470e+04 5.63740248e-04
5.178400e+04 5.94484167e-04
5.181320e+04 6.34395836e-04
5.184250e+04 6.86449386e-04
5.187170e+04 7.53674286e-04
5.193590e+04 9.52269170e-04
5.200000e+04 1.08410621e-03
5.203210e+04 1.04532310e-03
5.206420e+04 9.52596086e-04
5.212830e+04 7.56090793e-04
5.220540e+04 6.13220536e-04
5.228240e+04 5.42535581e-04
5.235940e+04 5.05874028e-04
5.243650e+04 4.85537524e-04
5.251350e+04 4.73734731e-04
5.259060e+04 4.66842722e-04
5.274470e+04 4.61513432e-04
5.289870e+04 4.63899597e-04
5.305280e+04 4.75499049e-04
5.312990e+04 4.87780457e-04
5.320690e+04 5.09009843e-04
5.328400e+04 5.47876085e-04
5.332250e+04 5.78996628e-04
5.336100e+04 6.21726083e-04
5.343050e+04 7.28464867e-04
5.350000e+04 7.99299810e-04
5.356950e+04 7.28251316e-04
5.363900e+04 6.22271078e-04
5.368560e+04 5.72743560e-04
5.373230e+04 5.39262813e-04
5.382550e+04 5.01244005e-04
5.391870e+04 4.82571882e-04
5.401200e+04 4.72573594e-04
5.410520e+04 4.66875143e-04
5.419850e+04 4.63519519e-04
5.438500e+04 4.60411888e-04
5.457150e+04 4.59669702e-04
5.475790e+04 4.60050846e-04
5.513090e+04 4.62380544e-04
5.550390e+04 4.65662216e-04
5.565080e+04 4.67123180e-04
5.587690e+04 4.70711398e-04
5.662280e+04 4.83124589e-04
5.736880e+04 4.95882256e-04
5.811480e+04 5.08791398e-04
5.960670e+04 5.34808880e-04
6.109860e+04 5.60944424e-04
6.130150e+04 5.64505979e-04
6.250000e+04 5.96213391e-04
6.259050e+04 5.98608075e-04
6.557440e+04 6.77638530e-04
6.695230e+04 7.14163892e-04
6.855820e+04 7.73160683e-04
6.977760e+04 8.17986401e-04
7.005010e+04 8.29936444e-04
7.119030e+04 8.79974737e-04
7.154200e+04 8.96899024e-04
7.189670e+04 9.13984220e-04
7.228800e+04 9.34065015e-04
7.260300e+04 9.50248821e-04
7.303400e+04 9.73861503e-04
7.330940e+04 9.88979035e-04
7.377990e+04 1.01656152e-03
7.401570e+04 1.03043632e-03
7.452590e+04 1.06252277e-03
7.472200e+04 1.07491817e-03
7.489890e+04 1.08687870e-03
7.500000e+04 1.09375472e-03
7.527180e+04 1.11224156e-03
7.542840e+04 1.12300418e-03
7.564480e+04 1.13892946e-03
7.601780e+04 1.16689913e-03
7.613470e+04 1.17603209e-03
7.639080e+04 1.19739118e-03
7.657730e+04 1.21390398e-03
7.676380e+04 1.23176357e-03
7.684110e+04 1.24029305e-03
7.695020e+04 1.25296800e-03
7.704350e+04 1.26576216e-03
7.713670e+04 1.28092008e-03
7.723000e+04 1.30009827e-03
7.732320e+04 1.32643080e-03
7.736980e+04 1.34404569e-03
7.741650e+04 1.36615663e-03
7.746310e+04 1.39433977e-03
7.750970e+04 1.43033120e-03
7.754740e+04 1.46647224e-03
7.755730e+04 1.47602611e-03
7.760490e+04 1.52784176e-03
7.770000e+04 1.59542978e-03
7.774760e+04 1.58192890e-03
7.779520e+04 1.54405358e-03
7.789030e+04 1.46329852e-03
7.798490e+04 1.41484361e-03
7.807950e+04 1.39132809e-03
7.817410e+04 1.38130515e-03
7.825380e+04 1.37889351e-03
7.826870e+04 1.37860587e-03
7.836330e+04 1.38076241e-03
7.845800e+04 1.38527527e-03
7.864720e+04 1.39813732e-03
7.883640e+04 1.41366365e-03
7.902560e+04 1.43050671e-03
7.940400e+04 1.46606052e-03
7.966640e+04 1.49150453e-03
7.978250e+04 1.50476723e-03
8.016090e+04 1.54849690e-03
8.053930e+04 1.59248263e-03
8.091770e+04 1.63661208e-03
8.107910e+04 1.65548359e-03
8.125000e+04 1.67910325e-03
8.167460e+04 1.73778829e-03
8.243140e+04 1.84254287e-03
8.249180e+04 1.85090937e-03
8.318830e+04 1.96580852e-03
8.390450e+04 2.08399684e-03
8.394520e+04 2.09206088e-03
8.531720e+04 2.36395901e-03
8.545890e+04 2.39796376e-03
8.672990e+04 2.70301078e-03
8.697260e+04 2.77415191e-03
8.750000e+04 2.92875261e-03
8.814260e+04 3.11712928e-03
8.848630e+04 3.24119329e-03
8.955530e+04 3.62707389e-03
9.000000e+04 3.82615097e-03
9.096790e+04 4.25945210e-03
9.238060e+04 5.04764137e-03
9.250000e+04 5.13089738e-03
9.375000e+04 6.00251015e-03
9.379330e+04 6.03270349e-03
9.500000e+04 7.09469886e-03
9.520600e+04 7.27599638e-03
9.632370e+04 8.63984653e-03
9.687500e+04 1.01659240e-02
9.688250e+04 1.01866852e-02
9.702220e+04 1.12107873e-02
9.716190e+04 1.34869828e-02
9.723180e+04 1.59898434e-02
9.730160e+04 2.12045597e-02
9.733650e+04 2.62254752e-02
9.737150e+04 3.48853465e-02
9.740640e+04 5.11504027e-02
9.744130e+04 8.34727495e-02
9.747070e+04 1.28063806e-01
9.750000e+04 1.57793901e-01
9.752940e+04 1.27998260e-01
9.755870e+04 8.35159805e-02
9.757780e+04 6.32418533e-02
9.759690e+04 4.93327875e-02
9.763500e+04 3.31771746e-02
9.767320e+04 2.49641849e-02
9.771130e+04 2.03678261e-02
9.778760e+04 1.57816344e-02
9.786390e+04 1.37077994e-02
9.816900e+04 1.14355227e-02
9.877940e+04 1.12989463e-02
1.000000e+05 1.23095215e-02
1.022810e+05 1.31847314e-02
1.027100e+05 1.33493570e-02
1.045620e+05 1.22673215e-02
1.045850e+05 1.22538857e-02
1.064600e+05 1.02465803e-02
1.067950e+05 9.94612088e-03
1.068430e+05 9.90307009e-03
1.091250e+05 7.85677814e-03
1.101930e+05 6.89938548e-03
1.102100e+05 6.88414613e-03
1.102650e+05 6.92648926e-03
1.110560e+05 7.53573953e-03
1.112670e+05 8.33220576e-03
1.114060e+05 9.40583539e-03
1.114780e+05 9.96200693e-03
1.116900e+05 1.35931502e-02
1.117950e+05 1.70343041e-02
1.119010e+05 2.24219994e-02
1.120410e+05 3.29195851e-02
1.121800e+05 3.98535479e-02
1.123200e+05 3.26160570e-02
1.124590e+05 2.19841373e-02
1.125460e+05 1.76630031e-02
1.125870e+05 1.56266611e-02
1.127140e+05 1.18708589e-02
1.129700e+05 8.14137119e-03
1.132250e+05 6.46036418e-03
1.134800e+05 5.54520514e-03
1.135900e+05 5.38212923e-03
1.136870e+05 5.23832661e-03
1.142570e+05 4.39442890e-03
1.145020e+05 4.03231205e-03
1.148270e+05 3.85730579e-03
1.153980e+05 3.55237621e-03
1.159680e+05 3.25305250e-03
1.165380e+05 2.96534461e-03
1.165440e+05 2.96252040e-03
1.168230e+05 2.91016815e-03
1.169880e+05 2.88721615e-03
1.171090e+05 2.87038620e-03
1.173940e+05 2.85992979e-03
1.175360e+05 2.87650510e-03
1.176790e+05 2.92005126e-03
1.178210e+05 3.01212644e-03
1.179640e+05 3.19529992e-03
1.181070e+05 3.56503305e-03
1.182490e+05 4.31553987e-03
1.183750e+05 5.40837004e-03
1.185000e+05 6.12331128e-03
1.186260e+05 5.33089092e-03
1.186860e+05 4.77645251e-03
1.187510e+05 4.17581221e-03
1.188380e+05 3.61463025e-03
1.189250e+05 3.23239117e-03
1.190130e+05 2.96923691e-03
1.191000e+05 2.78223262e-03
1.192740e+05 2.53718786e-03
1.194490e+05 2.38152681e-03
1.196230e+05 2.26977156e-03
1.197970e+05 2.18149481e-03
1.201460e+05 2.04033908e-03
1.203850e+05 1.95941561e-03
1.204950e+05 1.92217378e-03
1.206290e+05 1.88091700e-03
1.208440e+05 1.84095628e-03
1.211920e+05 1.78185538e-03
1.212340e+05 1.77511512e-03
1.215410e+05 1.72585859e-03
1.220840e+05 1.64282288e-03
1.222380e+05 1.61928365e-03
1.229330e+05 1.51669164e-03
1.229360e+05 1.51624921e-03
1.236330e+05 1.41526536e-03
1.237830e+05 1.39374997e-03
1.243310e+05 1.31532049e-03
1.246320e+05 1.27258280e-03
1.247140e+05 1.26098382e-03
1.250570e+05 1.23163533e-03
1.254810e+05 1.19569149e-03
1.257260e+05 1.17533192e-03
1.259060e+05 1.16051133e-03
1.261180e+05 1.14360587e-03
1.263310e+05 1.12732779e-03
1.265430e+05 1.11245046e-03
1.267550e+05 1.10021422e-03
1.268620e+05 1.09587497e-03
1.269680e+05 1.09375707e-03
1.270740e+05 1.09493178e-03
1.271210e+05 1.09756705e-03
1.271800e+05 1.10089704e-03
1.272600e+05 1.10915161e-03
1.273400e+05 1.11953069e-03
1.275000e+05 1.12722059e-03
1.275800e+05 1.11395220e-03
1.276600e+05 1.09185843e-03
1.278200e+05 1.04584409e-03
1.280010e+05 1.00772933e-03
1.281820e+05 9.80463504e-04
1.283620e+05 9.58638287e-04
1.285160e+05 9.42247392e-04
1.285430e+05 9.39379102e-04
1.287240e+05 9.21550692e-04
1.287990e+05 9.14492526e-04
1.289050e+05 9.07713714e-04
1.292660e+05 8.85884022e-04
1.296280e+05 8.64848342e-04
1.299100e+05 8.48779206e-04
1.299890e+05 8.44289953e-04
1.307130e+05 8.03720631e-04
1.314360e+05 7.63547673e-04
1.321590e+05 7.23523638e-04
1.327000e+05 6.93630947e-04
1.328820e+05 6.83593517e-04
1.328830e+05 6.83538424e-04
1.336050e+05 6.56524556e-04
1.350510e+05 6.02488277e-04
1.354900e+05 5.86096669e-04
1.364980e+05 5.48523268e-04
1.369680e+05 5.31010994e-04
1.379440e+05 5.05466595e-04
1.393900e+05 4.67632973e-04
1.410530e+05 4.24132293e-04
1.410700e+05 4.23804659e-04
1.422830e+05 4.00468587e-04
1.430960e+05 3.84831272e-04
1.441170e+05 3.77166429e-04
1.446270e+05 4.12406844e-04
1.447550e+05 4.55766824e-04
1.448830e+05 5.82742513e-04
1.449470e+05 7.61307052e-04
1.450100e+05 1.26641626e-03
1.450420e+05 1.96297048e-03
1.450740e+05 3.90387565e-03
1.450900e+05 6.54612469e-03
1.451060e+05 1.36739271e-02
1.451140e+05 2.30777373e-02
1.451220e+05 4.74513788e-02
1.451260e+05 7.75562452e-02
1.451300e+05 1.48635821e-01
1.451340e+05 3.84256431e-01
1.451360e+05 7.62894987e-01
1.451370e+05 1.16489392e+00
1.451380e+05 1.80611205e+00
1.451390e+05 2.92988963e+00
1.451400e+05 3.61460803e+00
1.451410e+05 2.92984213e+00
1.451420e+05 1.80606455e+00
1.451440e+05 7.93778375e-01
1.451460e+05 4.20886337e-01
1.451480e+05 2.49586089e-01
1.451490e+05 1.67256672e-01
1.451530e+05 8.82540429e-02
1.451570e+05 5.49483581e-02
1.451640e+05 2.67706512e-02
1.451710e+05 1.59580928e-02
1.451750e+05 1.37304228e-02
1.451860e+05 7.60433031e-03
1.452010e+05 4.52115905e-03
1.452300e+05 2.24237660e-03
1.452600e+05 1.42317593e-03
1.453180e+05 8.27466369e-04
1.453770e+05 6.15611756e-04
1.454950e+05 4.61817010e-04
1.456120e+05 4.06434179e-04
1.460830e+05 3.47242651e-04
1.466490e+05 3.30994388e-04
1.470240e+05 3.20234382e-04
1.480680e+05 3.04329118e-04
1.489050e+05 2.91578402e-04
1.509600e+05 2.68186128e-04
1.522290e+05 2.53742057e-04
1.526680e+05 2.48749010e-04
1.564320e+05 2.17424816e-04
1.567450e+05 2.16619162e-04
1.583130e+05 2.12584082e-04
1.592540e+05 2.42981380e-04
1.594890e+05 2.79394767e-04
1.597240e+05 3.85404788e-04
1.598420e+05 5.33534693e-04
1.599010e+05 6.81411408e-04
1.599600e+05 9.50887482e-04
1.600180e+05 1.52303102e-03
1.600480e+05 2.08730882e-03
1.600770e+05 3.10305275e-03
1.601070e+05 5.21947987e-03
1.601360e+05 1.08643879e-02
1.601510e+05 1.80969847e-02
1.601650e+05 3.61273197e-02
1.601730e+05 5.75377370e-02
1.601800e+05 1.04065642e-01
1.601870e+05 2.36182397e-01
1.601910e+05 4.11659773e-01
1.601930e+05 5.63229575e-01
1.601950e+05 7.88188391e-01
1.601960e+05 1.02431345e+00
1.601970e+05 1.27490313e+00
1.602000e+05 1.58513350e+00
1.602010e+05 1.48064355e+00
1.602030e+05 1.25558023e+00
1.602050e+05 7.88138991e-01
1.602080e+05 4.47819432e-01
1.602110e+05 2.79245670e-01
1.602150e+05 1.85111615e-01
1.602180e+05 1.31962245e-01
1.602240e+05 7.54612922e-02
1.602300e+05 4.85619938e-02
1.602360e+05 3.38004014e-02
1.602420e+05 2.48665534e-02
1.602540e+05 1.50830298e-02
1.602660e+05 1.01361208e-02
1.602790e+05 7.29644311e-03
1.603030e+05 4.33186003e-03
1.603270e+05 2.89725339e-03
1.603520e+05 2.09608442e-03
1.604010e+05 1.27975333e-03
1.604490e+05 8.93293096e-04
1.604980e+05 6.80332337e-04
1.605960e+05 4.65721057e-04
1.606930e+05 3.64977136e-04
1.607910e+05 3.09612568e-04
1.609860e+05 2.53651601e-04
1.613770e+05 2.11942840e-04
1.617670e+05 1.95815553e-04
1.625300e+05 1.85059071e-04
1.633280e+05 1.73809497e-04
1.633880e+05 1.73459319e-04
1.664510e+05 1.55600213e-04
1.695740e+05 1.43836037e-04
1.711360e+05 1.43685268e-04
1.719170e+05 1.62371335e-04
1.721120e+05 1.83648052e-04
1.723070e+05 2.45238757e-04
1.724050e+05 3.31434492e-04
1.725020e+05 5.75782547e-04
1.725510e+05 9.13762187e-04
1.726000e+05 1.86061832e-03
1.726240e+05 3.15278248e-03
1.726490e+05 6.70039627e-03
1.726610e+05 1.14180999e-02
1.726730e+05 2.38626544e-02
1.726790e+05 3.95824116e-02
1.726850e+05 7.79445397e-02
1.726910e+05 2.15229267e-01
1.726940e+05 4.56637246e-01
1.726960e+05 7.40405503e-01
1.726970e+05 1.31264639e+00
1.726990e+05 2.09109129e+00
1.727000e+05 2.62675547e+00
1.727010e+05 2.26809436e+00
1.727030e+05 1.31260839e+00
1.727040e+05 7.15030186e-01
1.727060e+05 4.18584247e-01
1.727090e+05 1.90040150e-01
1.727130e+05 1.04913948e-01
1.727160e+05 6.69235527e-02
1.727230e+05 3.36210029e-02
1.727290e+05 2.02956131e-02
1.727430e+05 9.64369912e-03
1.727560e+05 5.66397055e-03
1.727830e+05 2.66800927e-03
1.728090e+05 1.58318144e-03
1.728630e+05 7.86937341e-04
1.729160e+05 5.02865949e-04
1.730230e+05 2.97208956e-04
1.731290e+05 2.24461014e-04
1.733420e+05 1.71791041e-04
1.735560e+05 1.52909538e-04
1.741000e+05 1.40200156e-04
1.744090e+05 1.32981131e-04
1.761150e+05 1.24630269e-04
1.795270e+05 1.17968092e-04
1.805750e+05 1.18238188e-04
1.816940e+05 1.18526864e-04
1.863510e+05 1.19742823e-04
1.870500e+05 1.22766400e-04
1.897640e+05 1.34507182e-04
1.931760e+05 1.76403698e-04
1.935250e+05 1.86001964e-04
1.948820e+05 2.23323760e-04
1.965880e+05 3.14903425e-04
1.974410e+05 3.95604624e-04
1.982940e+05 5.22454680e-04
1.991470e+05 7.34793836e-04
2.000000e+05 1.11740725e-03
2.005500e+05 1.53369878e-03
2.011000e+05 2.17029416e-03
2.018650e+05 3.46638703e-03
2.025480e+05 4.22582206e-03
2.026300e+05 4.31699888e-03
2.033950e+05 3.41927910e-03
2.041600e+05 2.13631735e-03
2.050490e+05 1.23955811e-03
2.050950e+05 1.21608269e-03
2.059390e+05 7.85362383e-04
2.068280e+05 5.41486177e-04
2.076430e+05 4.11137523e-04
2.077170e+05 3.99302654e-04
2.080260e+05 3.73533686e-04
2.094960e+05 2.50948121e-04
2.101900e+05 2.23160338e-04
2.112740e+05 1.79767045e-04
2.114640e+05 1.75545964e-04
2.127380e+05 1.47257402e-04
2.130530e+05 1.40269554e-04
2.140110e+05 1.27221576e-04
2.148310e+05 1.16086729e-04
2.152850e+05 1.12647550e-04
2.165590e+05 1.03114939e-04
2.171960e+05 9.84460184e-05
2.178330e+05 9.39149221e-05
2.183880e+05 9.02125851e-05
2.184690e+05 9.00372170e-05
2.191060e+05 8.93170395e-05
2.194250e+05 8.95110042e-05
2.197430e+05 9.04900963e-05
2.199020e+05 9.14748719e-05
2.200620e+05 9.29658043e-05
2.202210e+05 9.51618985e-05
2.203800e+05 9.82747343e-05
2.205350e+05 1.02286601e-04
2.206900e+05 1.06932655e-04
2.210000e+05 1.12325725e-04
2.211550e+05 1.09915899e-04
2.213100e+05 1.04875485e-04
2.216200e+05 9.42577528e-05
2.219200e+05 8.72876493e-05
2.222200e+05 8.29044421e-05
2.225200e+05 7.99458448e-05
2.228190e+05 7.77590011e-05
2.231190e+05 7.60008088e-05
2.234190e+05 7.44993973e-05
2.240190e+05 7.19211316e-05
2.246190e+05 6.96382605e-05
2.252180e+05 6.75053599e-05
2.255020e+05 6.65438033e-05
2.264180e+05 6.53502570e-05
2.276170e+05 6.39156572e-05
2.288160e+05 6.25378366e-05
2.300160e+05 6.11878684e-05
2.303440e+05 6.08233155e-05
2.312150e+05 5.98607691e-05
2.326160e+05 5.83276831e-05
2.336140e+05 5.82718595e-05
2.360130e+05 5.81552881e-05
2.384110e+05 5.80473848e-05
2.397300e+05 5.79906301e-05
2.408100e+05 5.91973321e-05
2.415040e+05 5.99738120e-05
2.456080e+05 6.46039765e-05
2.468440e+05 6.59996977e-05
2.504010e+05 7.54962520e-05
2.504050e+05 7.55153579e-05
2.526630e+05 8.63017436e-05
2.539580e+05 9.25151786e-05
2.552030e+05 1.04544514e-04
2.575150e+05 1.27786619e-04
2.592930e+05 1.69704337e-04
2.597380e+05 1.94111622e-04
2.600000e+05 2.26429524e-04
2.601820e+05 2.48812020e-04
2.604050e+05 3.16820144e-04
2.606270e+05 4.99561951e-04
2.607380e+05 7.46298836e-04
2.608490e+05 1.42541740e-03
2.609050e+05 2.33937313e-03
2.609610e+05 4.80077573e-03
2.609880e+05 7.99695961e-03
2.610160e+05 1.61305431e-02
2.610300e+05 2.59489323e-02
2.610440e+05 4.83856301e-02
2.610580e+05 1.17668576e-01
2.610650e+05 2.17336352e-01
2.610680e+05 3.15350186e-01
2.610720e+05 4.68364931e-01
2.610760e+05 7.48195458e-01
2.610800e+05 9.34291879e-01
2.610820e+05 8.79580717e-01
2.610840e+05 7.48166009e-01
2.610880e+05 4.68336432e-01
2.610930e+05 2.64593855e-01
2.610980e+05 1.61919346e-01
2.611080e+05 7.61486680e-02
2.611180e+05 4.34661807e-02
2.611280e+05 2.79597929e-02
2.611480e+05 1.42940211e-02
2.611680e+05 8.70175331e-03
2.612080e+05 4.24699180e-03
2.612470e+05 2.55515767e-03
2.613270e+05 1.28253994e-03
2.614060e+05 8.20365730e-04
2.615650e+05 4.84037676e-04
2.617230e+05 3.67317054e-04
2.620410e+05 2.90002863e-04
2.623580e+05 2.70749454e-04
2.636280e+05 3.01984073e-04
2.638220e+05 3.15790061e-04
2.648980e+05 3.92401155e-04
2.661680e+05 5.52610713e-04
2.674380e+05 8.58011806e-04
2.680730e+05 1.12442913e-03
2.687080e+05 1.54340140e-03
2.693430e+05 2.25352814e-03
2.694020e+05 2.37698364e-03
2.699780e+05 3.58227340e-03
2.702960e+05 4.70990791e-03
2.706130e+05 6.40710228e-03
2.709310e+05 9.04093487e-03
2.712480e+05 1.31458061e-02
2.716640e+05 2.10444116e-02
2.720800e+05 2.62655512e-02
2.724960e+05 2.09354763e-02
2.729120e+05 1.30744247e-02
2.733780e+05 7.64049437e-03
2.738440e+05 4.80578833e-03
2.743100e+05 3.25636852e-03
2.747750e+05 2.34501270e-03
2.749810e+05 2.09175606e-03
2.752410e+05 1.77213977e-03
2.757070e+05 1.39234702e-03
2.766390e+05 9.41509885e-04
2.775710e+05 7.00367999e-04
2.785020e+05 5.63094510e-04
2.803660e+05 4.47592409e-04
2.805610e+05 4.50133983e-04
2.822290e+05 4.72150216e-04
2.831610e+05 5.48295578e-04
2.833510e+05 5.80074071e-04
2.840920e+05 7.04170617e-04
2.850240e+05 1.02671180e-03
2.854900e+05 1.31893350e-03
2.859560e+05 1.78889927e-03
2.861410e+05 2.11261451e-03
2.864220e+05 2.60442450e-03
2.868870e+05 4.17532596e-03
2.871200e+05 5.54586014e-03
2.873530e+05 7.66385987e-03
2.875860e+05 1.10632224e-02
2.878190e+05 1.65752407e-02
2.881000e+05 2.64931959e-02
2.883800e+05 3.30688775e-02
2.886610e+05 2.63989699e-02
2.889310e+05 1.68568598e-02
2.889410e+05 1.65034536e-02
2.892560e+05 9.62788403e-03
2.895720e+05 6.04312721e-03
2.898870e+05 4.08453226e-03
2.902020e+05 2.93100107e-03
2.903260e+05 2.64575953e-03
2.905180e+05 2.20417322e-03
2.908330e+05 1.71999401e-03
2.910230e+05 1.54463201e-03
2.914630e+05 1.13868579e-03
2.917200e+05 1.00796850e-03
2.920940e+05 8.17903941e-04
2.924180e+05 7.17840405e-04
2.927250e+05 6.23147341e-04
2.927670e+05 6.16029477e-04
2.931150e+05 5.57161768e-04
2.934640e+05 4.98240125e-04
2.938130e+05 4.39450627e-04
2.939860e+05 4.10424601e-04
2.945100e+05 3.66445640e-04
2.952080e+05 3.08605208e-04
2.952470e+05 3.05425595e-04
2.959050e+05 2.76055984e-04
2.965080e+05 2.50108502e-04
2.966030e+05 2.48311718e-04
2.973000e+05 2.36443223e-04
2.983000e+05 2.21774096e-04
2.990300e+05 2.12354540e-04
2.993000e+05 2.12654509e-04
3.013000e+05 2.03256265e-04
3.015520e+05 1.98357648e-04
3.023000e+05 1.88728187e-04
3.033000e+05 1.68466913e-04
3.040750e+05 1.52359583e-04
3.053000e+05 1.35903923e-04
3.065970e+05 1.24293928e-04
3.067440e+05 1.25594636e-04
3.072280e+05 1.31529392e-04
3.078580e+05 1.64797576e-04
3.081730e+05 2.16143535e-04
3.081870e+05 2.22779765e-04
3.084890e+05 3.66665481e-04
3.086460e+05 5.75638087e-04
3.088040e+05 1.15823190e-03
3.088830e+05 1.94686781e-03
3.089620e+05 4.08285313e-03
3.090010e+05 6.87348761e-03
3.090400e+05 1.40378896e-02
3.090600e+05 2.27823380e-02
3.090800e+05 4.30850906e-02
3.090990e+05 1.08016807e-01
3.091090e+05 2.08136747e-01
3.091140e+05 3.09076549e-01
3.091190e+05 4.79073388e-01
3.091250e+05 7.68925392e-01
3.091300e+05 9.57326484e-01
3.091330e+05 8.98141786e-01
3.091360e+05 7.63277636e-01
3.091410e+05 4.79041966e-01
3.091470e+05 2.74641022e-01
3.091530e+05 1.70953798e-01
3.091660e+05 8.09849542e-02
3.091780e+05 4.63523722e-02
3.091910e+05 2.98379015e-02
3.092160e+05 1.52742062e-02
3.092410e+05 9.27231235e-03
3.092910e+05 4.46887875e-03
3.093410e+05 2.64286248e-03
3.094410e+05 1.26313247e-03
3.095400e+05 7.59422735e-04
3.096310e+05 5.90778244e-04
3.097400e+05 3.88983328e-04
3.099400e+05 2.56530625e-04
3.103390e+05 1.60673450e-04
3.107390e+05 1.27859423e-04
3.110750e+05 1.25226702e-04
3.115380e+05 1.22588131e-04
3.119370e+05 1.99775762e-04
3.121370e+05 5.23376535e-04
3.122370e+05 1.78005043e-03
3.122870e+05 6.45516611e-03
3.123120e+05 2.27114142e-02
3.123250e+05 7.19917497e-02
3.123310e+05 1.87299677e-01
3.123370e+05 9.57057830e-01
3.123390e+05 1.54167525e+00
3.123400e+05 1.91090031e+00
3.123420e+05 1.54166576e+00
3.123430e+05 9.53922851e-01
3.123470e+05 2.86445918e-01
3.123520e+05 1.24778623e-01
3.123600e+05 4.35049415e-02
3.123770e+05 1.29681252e-02
3.124110e+05 3.59880658e-03
3.124800e+05 1.00187708e-03
3.125180e+05 8.12133159e-04
3.126170e+05 3.18052927e-04
3.128900e+05 1.41793011e-04
3.132400e+05 1.12746116e-04
3.134370e+05 9.70248289e-05
3.139620e+05 9.32533147e-05
3.145310e+05 9.26639496e-05
3.146840e+05 9.41175480e-05
3.154050e+05 1.11015228e-04
3.157660e+05 1.27653348e-04
3.161270e+05 1.55473910e-04
3.164880e+05 2.03996168e-04
3.167190e+05 2.59005396e-04
3.168490e+05 2.90365551e-04
3.172250e+05 4.30649350e-04
3.176000e+05 5.23481015e-04
3.179760e+05 4.28652553e-04
3.183510e+05 2.88354780e-04
3.186390e+05 2.15314578e-04
3.189070e+05 1.71745799e-04
3.189270e+05 1.68596749e-04
3.192150e+05 1.39880638e-04
3.194540e+05 1.24431736e-04
3.195030e+05 1.21829716e-04
3.200010e+05 1.09549352e-04
3.200780e+05 1.10071904e-04
3.202750e+05 1.15175837e-04
3.205480e+05 1.46951400e-04
3.206540e+05 1.85386711e-04
3.206850e+05 1.96905367e-04
3.208220e+05 3.43664895e-04
3.208900e+05 5.47241880e-04
3.209580e+05 1.11311656e-03
3.209920e+05 1.87828893e-03
3.210270e+05 3.94437130e-03
3.210610e+05 1.34918959e-02
3.210780e+05 4.08575131e-02
3.210860e+05 9.96133635e-02
3.210910e+05 1.86990988e-01
3.210950e+05 4.08067121e-01
3.210980e+05 6.56586724e-01
3.211000e+05 8.16307457e-01
3.211030e+05 6.56574308e-01
3.211050e+05 4.08054640e-01
3.211110e+05 1.40887467e-01
3.211170e+05 6.59843674e-02
3.211290e+05 2.41001649e-02
3.211410e+05 1.22950841e-02
3.211530e+05 7.43746867e-03
3.211770e+05 3.57106257e-03
3.212010e+05 2.10994881e-03
3.212300e+05 1.44341155e-03
3.212490e+05 1.00680435e-03
3.212970e+05 6.05120059e-04
3.213940e+05 3.09331052e-04
3.214900e+05 2.03254994e-04
3.216820e+05 1.25328621e-04
3.218060e+05 1.06808967e-04
3.218740e+05 9.68925930e-05
3.222590e+05 7.54007379e-05
3.226430e+05 6.64810056e-05
3.229570e+05 6.34433983e-05
3.241090e+05 5.49035167e-05
3.241820e+05 5.44390278e-05
3.252600e+05 5.18709734e-05
3.272580e+05 4.85618687e-05
3.275630e+05 4.83364861e-05
3.298660e+05 4.76617780e-05
3.300000e+05 4.76510032e-05
3.321690e+05 4.74228294e-05
3.334110e+05 4.75091495e-05
3.367760e+05 5.12473734e-05
3.395640e+05 5.48785394e-05
3.411030e+05 6.00619531e-05
3.413820e+05 6.21413843e-05
3.426410e+05 7.17900490e-05
3.434100e+05 8.59100041e-05
3.436850e+05 9.54647585e-05
3.437950e+05 9.93162660e-05
3.441790e+05 1.23193264e-04
3.445640e+05 1.73090079e-04
3.449480e+05 3.10566339e-04
3.451410e+05 4.96594770e-04
3.453330e+05 1.00355467e-03
3.454290e+05 1.67308255e-03
3.455250e+05 3.41834677e-03
3.455730e+05 5.59588727e-03
3.456210e+05 1.07939274e-02
3.456700e+05 2.86212776e-02
3.456940e+05 5.86933835e-02
3.457060e+05 9.23241636e-02
3.457180e+05 1.54773992e-01
3.457230e+05 1.98838563e-01
3.457290e+05 2.48334256e-01
3.457400e+05 3.10085838e-01
3.457460e+05 2.91312040e-01
3.457510e+05 2.47429874e-01
3.457630e+05 1.54754069e-01
3.457770e+05 8.31784138e-02
3.457920e+05 4.92611312e-02
3.458060e+05 3.19628706e-02
3.458210e+05 2.22880354e-02
3.458500e+05 1.24639643e-02
3.458790e+05 7.93619134e-03
3.459370e+05 4.02336732e-03
3.459880e+05 2.65282818e-03
3.459960e+05 2.43784596e-03
3.460540e+05 1.64223385e-03
3.461120e+05 1.18908543e-03
3.462290e+05 7.18209487e-04
3.463450e+05 4.91703424e-04
3.464620e+05 3.65821964e-04
3.466950e+05 2.38430306e-04
3.469280e+05 1.78866392e-04
3.471610e+05 1.46629084e-04
3.476270e+05 1.15471742e-04
3.482910e+05 1.02163117e-04
3.485590e+05 9.70049807e-05
3.494420e+05 9.67310946e-05
3.494910e+05 9.67647085e-05
3.504230e+05 1.06636775e-04
3.505940e+05 1.11586315e-04
3.513550e+05 1.34954413e-04
3.517460e+05 1.64613995e-04
3.518210e+05 1.70554946e-04
3.522870e+05 2.66377241e-04
3.525200e+05 3.94463216e-04
3.527530e+05 7.48838951e-04
3.528690e+05 1.23073939e-03
3.528970e+05 1.54748251e-03
3.529860e+05 2.55458063e-03
3.530440e+05 4.32103180e-03
3.531020e+05 8.99229219e-03
3.531610e+05 2.95972602e-02
3.531850e+05 7.39628792e-02
3.531900e+05 8.32057264e-02
3.532040e+05 1.84563921e-01
3.532120e+05 3.11766460e-01
3.532190e+05 5.74644420e-01
3.532240e+05 9.24838294e-01
3.532300e+05 1.15374822e+00
3.532360e+05 9.18239791e-01
3.532410e+05 5.74611467e-01
3.532510e+05 2.61381150e-01
3.532600e+05 1.39982360e-01
3.532790e+05 5.74794456e-02
3.532980e+05 3.07856021e-02
3.533170e+05 1.91027245e-02
3.533550e+05 9.40700790e-03
3.533930e+05 5.61008575e-03
3.534680e+05 2.68310693e-03
3.534730e+05 2.61174840e-03
3.535440e+05 1.59862627e-03
3.536960e+05 7.96607114e-04
3.537610e+05 6.73091071e-04
3.538470e+05 5.09915883e-04
3.540490e+05 3.73989666e-04
3.541500e+05 3.06382740e-04
3.543360e+05 2.65479135e-04
3.544530e+05 2.40218199e-04
3.546240e+05 2.30390620e-04
3.549120e+05 2.15205845e-04
3.550580e+05 2.08280477e-04
3.552000e+05 2.09842293e-04
3.554500e+05 2.13892166e-04
3.556640e+05 2.18319022e-04
3.557000e+05 2.19983053e-04
3.562000e+05 2.45018323e-04
3.572000e+05 2.75975128e-04
3.577000e+05 2.66646988e-04
3.580860e+05 2.49646961e-04
3.582000e+05 2.45771331e-04
3.592000e+05 2.09341208e-04
3.602590e+05 1.89100562e-04
3.605080e+05 1.87709816e-04
3.613190e+05 1.89062966e-04
3.623780e+05 1.98214649e-04
3.629310e+05 2.04977417e-04
3.634380e+05 2.17077022e-04
3.653530e+05 2.67575406e-04
3.655560e+05 2.77450098e-04
3.676750e+05 3.83668755e-04
3.677750e+05 3.88744995e-04
3.689870e+05 4.86937720e-04
3.695920e+05 5.50262859e-04
3.697940e+05 5.75482267e-04
3.701980e+05 6.26052451e-04
3.708030e+05 7.16959824e-04
3.714090e+05 8.25992725e-04
3.719130e+05 9.34457009e-04
3.720150e+05 9.56435309e-04
3.726200e+05 1.11118215e-03
3.731110e+05 1.25541363e-03
3.736030e+05 1.41516791e-03
3.745850e+05 1.76121957e-03
3.761500e+05 2.10063827e-03
3.765500e+05 2.18749727e-03
3.775310e+05 2.07368990e-03
3.780210e+05 2.01354665e-03
3.782670e+05 2.24569756e-03
3.783280e+05 2.53696610e-03
3.783890e+05 3.36239784e-03
3.784200e+05 4.46216442e-03
3.784500e+05 7.29950969e-03
3.784810e+05 1.89594492e-02
3.784960e+05 4.52828630e-02
3.785040e+05 8.65402921e-02
3.785080e+05 1.28592391e-01
3.785120e+05 2.01556758e-01
3.785160e+05 3.22102574e-01
3.785200e+05 4.01123159e-01
3.785240e+05 3.22091175e-01
3.785280e+05 2.01300262e-01
3.785320e+05 1.28577195e-01
3.785360e+05 8.65239572e-02
3.785440e+05 4.55934239e-02
3.785510e+05 2.80087325e-02
3.785590e+05 1.91006307e-02
3.785740e+05 1.08343466e-02
3.785890e+05 7.31257495e-03
3.786200e+05 4.41746055e-03
3.786500e+05 3.28630622e-03
3.787110e+05 2.40857742e-03
3.787720e+05 2.07109177e-03
3.790160e+05 1.66687871e-03
3.795040e+05 1.41470316e-03
3.803880e+05 1.12443274e-03
3.804800e+05 1.09424708e-03
3.812900e+05 8.92032553e-04
3.816950e+05 8.07926399e-04
3.818970e+05 7.69953820e-04
3.819980e+05 7.53197643e-04
3.820490e+05 7.50388632e-04
3.820740e+05 7.69842485e-04
3.820870e+05 8.58917476e-04
3.820930e+05 1.18369854e-03
3.820990e+05 3.34213728e-02
3.821000e+05 6.61195361e-02
3.821010e+05 3.34210886e-02
3.821050e+05 1.51924172e-03
3.821100e+05 9.55046501e-04
3.821190e+05 7.88952135e-04
3.821380e+05 7.41936165e-04
3.821750e+05 7.24338510e-04
3.822490e+05 7.09075046e-04
3.823970e+05 6.84405786e-04
3.825060e+05 6.67907212e-04
3.826940e+05 6.39504508e-04
3.832880e+05 5.61288441e-04
3.844760e+05 4.40711018e-04
3.846250e+05 4.31357010e-04
3.867440e+05 2.99372466e-04
3.868510e+05 2.92808739e-04
3.888630e+05 2.25712982e-04
3.892260e+05 2.14328530e-04
3.909810e+05 1.83945618e-04
3.916010e+05 1.74943086e-04
3.920410e+05 1.71947982e-04
3.931000e+05 1.67852863e-04
3.939760e+05 1.68004147e-04
3.948500e+05 1.72312227e-04
3.963510e+05 1.72387577e-04
3.966000e+05 1.73573110e-04
3.983500e+05 1.49323958e-04
3.987260e+05 1.42546936e-04
3.993200e+05 1.36954406e-04
3.999140e+05 1.42189634e-04
4.000000e+05 1.47178451e-04
4.001000e+05 1.52979525e-04
4.002110e+05 1.59881166e-04
4.005080e+05 2.19812149e-04
4.006560e+05 3.06262971e-04
4.008050e+05 5.51404652e-04
4.008790e+05 8.86693676e-04
4.009530e+05 1.80473338e-03
4.009900e+05 3.01925053e-03
4.010270e+05 6.19545036e-03
4.010460e+05 1.01789484e-02
4.010640e+05 1.96926904e-02
4.010830e+05 5.27565138e-02
4.010920e+05 1.09674333e-01
4.010970e+05 1.73582348e-01
4.011020e+05 2.95740257e-01
4.011060e+05 4.73850031e-01
4.011100e+05 5.91022376e-01
4.011140e+05 4.73838555e-01
4.011180e+05 2.95378155e-01
4.011290e+05 9.42306686e-02
4.011400e+05 4.26880142e-02
4.011510e+05 2.39201873e-02
4.011620e+05 1.52220224e-02
4.011840e+05 7.69069720e-03
4.012000e+05 5.47929368e-03
4.012060e+05 4.65003504e-03
4.012500e+05 2.25088109e-03
4.012930e+05 1.34717794e-03
4.013800e+05 6.67801393e-04
4.014680e+05 4.20297308e-04
4.016420e+05 2.38048414e-04
4.018170e+05 1.71905998e-04
4.021660e+05 1.21864144e-04
4.023000e+05 1.14228149e-04
4.025150e+05 1.02564394e-04
4.032140e+05 8.59544595e-05
4.039120e+05 7.72828091e-05
4.045000e+05 7.33865709e-05
4.067000e+05 6.29773282e-05
4.067060e+05 6.29542295e-05
4.081030e+05 6.34186494e-05
4.089000e+05 6.98940448e-05
4.095000e+05 7.50394656e-05
4.108970e+05 1.55129992e-04
4.111000e+05 2.46125163e-04
4.115950e+05 4.68135590e-04
4.117700e+05 7.73958127e-04
4.119440e+05 1.57992023e-03
4.120310e+05 2.59622422e-03
4.121190e+05 5.06978210e-03
4.121620e+05 7.89874361e-03
4.122060e+05 1.38725681e-02
4.122280e+05 1.96899477e-02
4.122500e+05 2.97099152e-02
4.122720e+05 4.85221814e-02
4.122930e+05 8.58288557e-02
4.123120e+05 1.37345366e-01
4.123300e+05 1.71386529e-01
4.123480e+05 1.37026152e-01
4.123670e+05 8.55805891e-02
4.123800e+05 6.01263223e-02
4.123930e+05 4.34303444e-02
4.124060e+05 3.23669819e-02
4.124190e+05 2.48510907e-02
4.124460e+05 1.57889814e-02
4.124720e+05 1.08366459e-02
4.124980e+05 7.86305501e-03
4.125240e+05 5.96255946e-03
4.125770e+05 3.76166350e-03
4.126290e+05 2.58730407e-03
4.126820e+05 1.89176069e-03
4.127860e+05 1.14270992e-03
4.129960e+05 5.58389643e-04
4.132060e+05 3.39218943e-04
4.133000e+05 3.02505263e-04
4.136260e+05 1.75247957e-04
4.140450e+05 1.15474461e-04
4.148840e+05 7.10790601e-05
4.157240e+05 5.45646395e-05
4.174020e+05 4.13885951e-05
4.177000e+05 4.03751777e-05
4.190800e+05 3.59363703e-05
4.220990e+05 3.21595549e-05
4.224370e+05 3.17890521e-05
4.232760e+05 3.24250684e-05
4.241150e+05 3.58346901e-05
4.242990e+05 3.82099819e-05
4.245350e+05 4.13016225e-05
4.249540e+05 5.73921371e-05
4.251640e+05 7.99508539e-05
4.253740e+05 1.43827418e-04
4.254790e+05 2.31971585e-04
4.255840e+05 4.77907070e-04
4.256360e+05 8.12231452e-04
4.256890e+05 1.72074736e-03
4.257150e+05 2.91504129e-03
4.257410e+05 6.01039872e-03
4.257670e+05 1.88695293e-02
4.257800e+05 4.89189199e-02
4.257870e+05 9.82026676e-02
4.257930e+05 2.44305250e-01
4.257970e+05 3.90213084e-01
4.258000e+05 4.88695266e-01
4.258030e+05 3.90205485e-01
4.258070e+05 2.44298605e-01
4.258150e+05 8.04389094e-02
4.258230e+05 3.65810627e-02
4.258400e+05 1.31113462e-02
4.258560e+05 6.63538708e-03
4.258730e+05 3.99463403e-03
4.259060e+05 1.91053530e-03
4.259390e+05 1.12228675e-03
4.260050e+05 5.29899915e-04
4.260710e+05 3.14810246e-04
4.262030e+05 1.57150274e-04
4.263350e+05 1.00905308e-04
4.264990e+05 7.55779812e-05
4.265990e+05 6.01773483e-05
4.268630e+05 4.58287438e-05
4.273910e+05 3.55452879e-05
4.279200e+05 3.19720872e-05
4.286990e+05 3.08120304e-05
4.297990e+05 2.99971688e-05
4.300330e+05 3.00966170e-05
4.308990e+05 3.18330296e-05
4.319990e+05 3.70226453e-05
4.325490e+05 4.21564871e-05
4.330990e+05 5.10339757e-05
4.336490e+05 6.79516958e-05
4.339240e+05 8.26275889e-05
4.341990e+05 1.05472374e-04
4.342590e+05 1.13765160e-04
4.344740e+05 1.43562657e-04
4.347490e+05 2.12605228e-04
4.348870e+05 2.69250272e-04
4.350240e+05 3.51748359e-04
4.351620e+05 4.74567420e-04
4.352990e+05 6.57019778e-04
4.355000e+05 1.03940410e-03
4.357000e+05 1.29363411e-03
4.359010e+05 1.03769385e-03
4.361010e+05 6.55626730e-04
4.363170e+05 3.97462170e-04
4.365330e+05 2.59152371e-04
4.367490e+05 1.82064419e-04
4.369650e+05 1.36038998e-04
4.371810e+05 1.06755576e-04
4.373970e+05 8.71061682e-05
4.378290e+05 6.33260785e-05
4.382610e+05 5.00807523e-05
4.386930e+05 4.19606736e-05
4.395570e+05 3.29044147e-05
4.404210e+05 2.81839718e-05
4.412850e+05 2.53677618e-05
4.427120e+05 2.27579640e-05
4.430130e+05 2.22916933e-05
4.447410e+05 2.10224333e-05
4.464690e+05 2.03487387e-05
4.469380e+05 2.02732471e-05
4.499250e+05 2.13238744e-05
4.511640e+05 2.19651450e-05
4.532770e+05 2.57331989e-05
4.533810e+05 2.61147766e-05
4.543340e+05 2.97289797e-05
4.551090e+05 3.50320512e-05
4.553900e+05 3.69949034e-05
4.564470e+05 5.22767551e-05
4.568370e+05 6.32573159e-05
4.569750e+05 6.71847821e-05
4.575030e+05 9.39467077e-05
4.580320e+05 1.49609267e-04
4.582960e+05 2.03788382e-04
4.585600e+05 3.00356274e-04
4.585650e+05 3.04129769e-04
4.588240e+05 4.99730223e-04
4.589560e+05 6.90770480e-04
4.590880e+05 1.02393664e-03
4.592200e+05 1.68624281e-03
4.592860e+05 2.29386345e-03
4.593520e+05 3.30389246e-03
4.594180e+05 5.16562999e-03
4.594290e+05 5.82726890e-03
4.594840e+05 9.13550685e-03
4.595500e+05 1.98091556e-02
4.595830e+05 3.27788336e-02
4.596000e+05 4.36468079e-02
4.596160e+05 5.91298561e-02
4.596300e+05 7.56640700e-02
4.596430e+05 9.45528447e-02
4.596700e+05 1.18148111e-01
4.596830e+05 1.11202721e-01
4.596970e+05 9.45393600e-02
4.597240e+05 5.91175165e-02
4.597710e+05 2.62102519e-02
4.597940e+05 1.86695193e-02
4.598170e+05 1.38572673e-02
4.598640e+05 8.41155562e-03
4.599110e+05 5.61257754e-03
4.599580e+05 4.00255621e-03
4.600050e+05 2.99711169e-03
4.600980e+05 1.86388319e-03
4.601920e+05 1.27591566e-03
4.602850e+05 9.33377495e-04
4.602930e+05 9.18028613e-04
4.604730e+05 5.73503914e-04
4.606600e+05 4.00754483e-04
4.608470e+05 3.08034530e-04
4.612210e+05 2.29373113e-04
4.615960e+05 2.30204216e-04
4.619700e+05 3.36402326e-04
4.620210e+05 3.81388768e-04
4.621580e+05 5.04364841e-04
4.622510e+05 6.69072599e-04
4.623450e+05 9.57746292e-04
4.624380e+05 1.53014535e-03
4.624530e+05 1.69705983e-03
4.624850e+05 2.05367938e-03
4.625320e+05 2.91840805e-03
4.625790e+05 4.49224149e-03
4.626020e+05 5.80832407e-03
4.626260e+05 7.79148435e-03
4.626490e+05 1.09539202e-02
4.626690e+05 1.56532872e-02
4.626720e+05 1.63582612e-02
4.626960e+05 2.63368741e-02
4.627190e+05 4.56855111e-02
4.627400e+05 7.31835568e-02
4.627600e+05 9.14135796e-02
4.627810e+05 7.30266768e-02
4.628010e+05 4.56807845e-02
4.628190e+05 2.96050345e-02
4.628370e+05 2.00210753e-02
4.628560e+05 1.42130280e-02
4.628740e+05 1.05471576e-02
4.628850e+05 9.27966860e-03
4.629100e+05 6.40013708e-03
4.629460e+05 4.28798798e-03
4.629830e+05 3.07498285e-03
4.630190e+05 2.32225759e-03
4.630920e+05 1.47747380e-03
4.631010e+05 1.42299716e-03
4.631640e+05 1.04794312e-03
4.632370e+05 8.04158342e-04
4.633170e+05 6.68760018e-04
4.633820e+05 5.68929071e-04
4.634250e+05 5.53065174e-04
4.635330e+05 5.35173565e-04
4.636410e+05 5.55573609e-04
4.636730e+05 5.80705057e-04
4.637490e+05 6.74978478e-04
4.638750e+05 9.26526337e-04
4.639630e+05 1.03642139e-03
4.640000e+05 1.08895827e-03
4.641260e+05 8.84398740e-04
4.642510e+05 5.85109512e-04
4.643460e+05 4.27871736e-04
4.644400e+05 3.22818500e-04
4.645350e+05 2.51100126e-04
4.645450e+05 2.45663725e-04
4.646290e+05 2.05472961e-04
4.648180e+05 1.49128813e-04
4.650070e+05 1.15423278e-04
4.651260e+05 1.00960269e-04
4.651960e+05 9.41623905e-05
4.653850e+05 8.14719794e-05
4.657630e+05 6.46017407e-05
4.661410e+05 5.32412005e-05
4.662880e+05 4.98614427e-05
4.665190e+05 4.67789283e-05
4.672750e+05 4.09956149e-05
4.674510e+05 4.07129163e-05
4.680310e+05 4.19843904e-05
4.684090e+05 4.52365693e-05
4.687870e+05 5.14166111e-05
4.691650e+05 6.30000907e-05
4.695430e+05 8.58657710e-05
4.697320e+05 1.05659410e-04
4.697760e+05 1.12639325e-04
4.699210e+05 1.35869952e-04
4.700160e+05 1.56710854e-04
4.701100e+05 1.82761383e-04
4.702050e+05 2.15292654e-04
4.702990e+05 2.55520051e-04
4.703620e+05 2.86784300e-04
4.704240e+05 3.21419443e-04
4.705500e+05 3.96666487e-04
4.708000e+05 4.90383162e-04
4.709250e+05 4.62241049e-04
4.710510e+05 3.95366206e-04
4.713010e+05 2.53458018e-04
4.715730e+05 1.56822866e-04
4.718450e+05 1.05117683e-04
4.721010e+05 7.79277283e-05
4.721170e+05 7.62387281e-05
4.723880e+05 5.90759118e-05
4.726600e+05 4.81119172e-05
4.729320e+05 4.07157293e-05
4.734760e+05 3.16551368e-05
4.740200e+05 2.64859360e-05
4.745630e+05 2.32113178e-05
4.756510e+05 1.93215759e-05
4.767380e+05 1.70442438e-05
4.767510e+05 1.70255367e-05
4.778250e+05 1.57774365e-05
4.800000e+05 1.95891919e-05
4.814010e+05 1.96306321e-05
4.907000e+05 2.10731655e-05
5.000000e+05 2.33507548e-05
5.066580e+05 2.47633952e-05
5.083230e+05 2.64056764e-05
5.099870e+05 3.11346923e-05
5.108200e+05 3.77408220e-05
5.116520e+05 5.64952137e-05
5.120680e+05 8.25373643e-05
5.124840e+05 1.55978470e-04
5.126920e+05 2.57157324e-04
5.129000e+05 5.38837128e-04
5.130040e+05 9.20966735e-04
5.131080e+05 1.95801719e-03
5.131600e+05 3.31792497e-03
5.132120e+05 6.82952392e-03
5.132640e+05 2.12804483e-02
5.132900e+05 5.44712783e-02
5.133030e+05 1.07051886e-01
5.133160e+05 2.59766432e-01
5.133230e+05 4.14995615e-01
5.133300e+05 5.19496965e-01
5.133370e+05 4.14982315e-01
5.133440e+05 2.59753132e-01
5.133630e+05 7.61448434e-02
5.133820e+05 3.31697294e-02
5.134200e+05 1.14856181e-02
5.134590e+05 5.73447150e-03
5.134970e+05 3.42763622e-03
5.135730e+05 1.62714788e-03
5.136500e+05 9.52052091e-04
5.138030e+05 4.47997329e-04
5.139560e+05 2.65413275e-04
5.142630e+05 1.32099035e-04
5.145690e+05 8.46421250e-05
5.151820e+05 5.03871841e-05
5.157950e+05 3.83125364e-05
5.170210e+05 2.96804593e-05
5.182460e+05 2.67005784e-05
5.206970e+05 2.47388596e-05
5.231490e+05 2.43881220e-05
5.250000e+05 2.47824489e-05
5.256000e+05 2.49105084e-05
5.280510e+05 2.71409526e-05
5.292770e+05 3.03980757e-05
5.305020e+05 3.97053475e-05
5.311150e+05 5.26501070e-05
5.317280e+05 8.92353970e-05
5.320340e+05 1.39760143e-04
5.323410e+05 2.81121880e-04
5.324940e+05 4.73792561e-04
5.326470e+05 1.00182763e-03
5.327240e+05 1.70250513e-03
5.328000e+05 3.54484864e-03
5.328390e+05 5.86292153e-03
5.328770e+05 1.14886395e-02
5.329150e+05 3.13810594e-02
5.329350e+05 6.69084972e-02
5.329540e+05 1.90546736e-01
5.329620e+05 3.04708585e-01
5.329700e+05 3.81059683e-01
5.329780e+05 3.04697185e-01
5.329860e+05 1.90535336e-01
5.330070e+05 6.13457057e-02
5.330280e+05 2.78106920e-02
5.330490e+05 1.55760862e-02
5.330700e+05 9.90110085e-03
5.331130e+05 4.99119374e-03
5.331550e+05 3.00224577e-03
5.332390e+05 1.43436364e-03
5.333230e+05 8.43194175e-04
5.334910e+05 3.99310100e-04
5.336590e+05 2.38107487e-04
5.339950e+05 1.20115535e-04
5.343320e+05 7.80515427e-05
5.350040e+05 4.76694516e-05
5.356770e+05 3.69641215e-05
5.370220e+05 2.93294442e-05
5.383670e+05 2.67147305e-05
5.410570e+05 2.50152946e-05
5.437480e+05 2.46480261e-05
5.545090e+05 2.63385720e-05
5.598890e+05 2.86941047e-05
5.652700e+05 3.31527259e-05
5.706500e+05 4.31080286e-05
5.733410e+05 5.47849868e-05
5.746860e+05 7.10119039e-05
5.750220e+05 8.24845105e-05
5.753580e+05 1.11098637e-04
5.755270e+05 1.48609317e-04
5.756950e+05 2.51268766e-04
5.758630e+05 7.68963929e-04
5.759470e+05 2.59172225e-03
5.759890e+05 8.26588995e-03
5.760310e+05 1.34281881e-01
5.760360e+05 2.15493153e-01
5.760400e+05 2.68537074e-01
5.760450e+05 2.15489353e-01
5.760490e+05 1.34277131e-01
5.760680e+05 2.50681752e-02
5.760880e+05 9.47193606e-03
5.761260e+05 3.00841668e-03
5.762030e+05 8.94859401e-04
5.762810e+05 4.52117214e-04
5.763580e+05 2.90461458e-04
5.765120e+05 1.72587313e-04
5.766670e+05 1.31473705e-04
5.769750e+05 1.03953965e-04
5.772840e+05 9.68048628e-05
5.785190e+05 1.05944736e-04
5.797540e+05 1.35192868e-04
5.809890e+05 1.88074690e-04
5.822240e+05 2.91650146e-04
5.828410e+05 3.84911336e-04
5.834590e+05 5.37388553e-04
5.840760e+05 8.14154577e-04
5.843850e+05 1.04815791e-03
5.846940e+05 1.41074876e-03
5.850020e+05 2.02924927e-03
5.853110e+05 3.26917001e-03
5.854650e+05 4.47598504e-03
5.856200e+05 6.70834816e-03
5.857740e+05 1.17485735e-02
5.858510e+05 1.69990051e-02
5.859280e+05 2.62602205e-02
5.860040e+05 4.03862654e-02
5.860800e+05 4.99920440e-02
5.861560e+05 4.13561137e-02
5.862320e+05 2.82263270e-02
5.862360e+05 2.76092102e-02
5.862460e+05 2.62659172e-02
5.862560e+05 2.50231336e-02
5.862760e+05 2.28331099e-02
5.863170e+05 1.94378274e-02
5.863970e+05 1.54365426e-02
5.865580e+05 1.28605344e-02
5.868800e+05 1.24658081e-02
5.875240e+05 5.88558503e-03
5.877510e+05 4.18154812e-03
5.879770e+05 3.05241969e-03
5.882030e+05 2.29954629e-03
5.884300e+05 1.78465612e-03
5.888830e+05 1.15730317e-03
5.893360e+05 8.09928948e-04
5.897880e+05 5.99535466e-04
5.902410e+05 4.63164634e-04
5.911470e+05 3.03498025e-04
5.920530e+05 2.17408529e-04
5.929580e+05 1.65866561e-04
5.947700e+05 1.10001156e-04
5.965810e+05 8.21106441e-05
5.983930e+05 6.63488981e-05
6.000000e+05 5.93132468e-05
6.020150e+05 5.04942022e-05
6.056380e+05 4.36356839e-05
6.092610e+05 4.07553646e-05
6.150000e+05 4.11420609e-05
6.165070e+05 4.12446437e-05
6.237520e+05 4.89205205e-05
6.273750e+05 5.70305348e-05
6.309980e+05 7.07728794e-05
6.346210e+05 9.59117440e-05
6.364320e+05 1.16915806e-04
6.382440e+05 1.48586784e-04
6.400550e+05 1.99396369e-04
6.418670e+05 2.88018597e-04
6.436780e+05 4.62954529e-04
6.445840e+05 6.32115410e-04
6.450370e+05 8.14152513e-04
6.452630e+05 1.17820106e-03
6.453760e+05 2.30051470e-03
6.454330e+05 5.82520467e-03
6.454610e+05 1.50900212e-02
6.454890e+05 1.04582495e-01
6.454950e+05 1.66658968e-01
6.455000e+05 2.08362799e-01
6.455050e+05 1.66658968e-01
6.455110e+05 1.04586295e-01
6.455320e+05 2.14878569e-02
6.455530e+05 8.78967257e-03
6.455960e+05 3.37844369e-03
6.456810e+05 1.60568581e-03
6.458500e+05 1.14697931e-03
6.461900e+05 1.14774596e-03
6.468700e+05 1.47617255e-03
6.480550e+05 2.37554190e-03
6.492400e+05 2.98616978e-03
6.500000e+05 2.58110223e-03
6.504250e+05 2.35458429e-03
6.516100e+05 1.45729489e-03
6.525060e+05 1.00845298e-03
6.534020e+05 7.23445307e-04
6.542980e+05 5.40712194e-04
6.551930e+05 4.19724014e-04
6.569850e+05 2.78027210e-04
6.587770e+05 2.03652752e-04
6.605680e+05 1.61898280e-04
6.623600e+05 1.40050945e-04
6.641520e+05 1.47889053e-04
6.646000e+05 1.69444602e-04
6.650470e+05 2.34742679e-04
6.652710e+05 3.24839336e-04
6.654950e+05 5.68273736e-04
6.656070e+05 8.83216119e-04
6.657190e+05 1.67708518e-03
6.658310e+05 4.74568212e-03
6.658870e+05 1.10519955e-02
6.659150e+05 1.97630694e-02
6.659430e+05 4.03346409e-02
6.659620e+05 6.45075485e-02
6.659800e+05 8.06358034e-02
6.659980e+05 6.45027982e-02
6.660170e+05 4.03298903e-02
6.660530e+05 1.64327658e-02
6.660890e+05 8.34356759e-03
6.661610e+05 3.29849506e-03
6.662330e+05 1.76945852e-03
6.663050e+05 1.12141885e-03
6.664490e+05 5.95138499e-04
6.665930e+05 3.91552451e-04
6.668810e+05 2.36095781e-04
6.671700e+05 1.78560788e-04
6.677460e+05 1.35653387e-04
6.683220e+05 1.20175191e-04
6.694750e+05 1.10226032e-04
6.706280e+05 1.10814217e-04
6.717800e+05 1.20450163e-04
6.729330e+05 1.51607287e-04
6.740860e+05 3.01918484e-04
6.743740e+05 4.37127984e-04
6.745180e+05 5.59815819e-04
6.746620e+05 7.61116691e-04
6.748060e+05 1.12492181e-03
6.748780e+05 1.42710513e-03
6.749500e+05 1.87839967e-03
6.750220e+05 2.59172183e-03
6.750940e+05 3.79128943e-03
6.751660e+05 5.95850294e-03
6.752380e+05 1.00396049e-02
6.753040e+05 1.60260928e-02
6.753700e+05 2.00110363e-02
6.754360e+05 1.60095618e-02
6.755020e+05 1.00364677e-02
6.755500e+05 7.04500910e-03
6.755980e+05 5.08315504e-03
6.756460e+05 3.79414444e-03
6.756940e+05 2.92446162e-03
6.757900e+05 1.88349432e-03
6.758860e+05 1.31877852e-03
6.759820e+05 9.82441508e-04
6.760780e+05 7.67325761e-04
6.762700e+05 5.19367907e-04
6.764620e+05 3.88040939e-04
6.766540e+05 3.10578688e-04
6.770380e+05 2.28230004e-04
6.774220e+05 1.88311896e-04
6.778060e+05 1.66609942e-04
6.785740e+05 1.46618662e-04
6.801090e+05 1.39766235e-04
6.816450e+05 1.48583967e-04
6.847170e+05 1.93502338e-04
6.862530e+05 2.37212436e-04
6.870210e+05 2.89688674e-04
6.874050e+05 4.16206841e-04
6.875970e+05 8.46270868e-04
6.876930e+05 2.32087988e-03
6.877410e+05 6.78874397e-03
6.877650e+05 1.74415792e-02
6.877770e+05 3.51552809e-02
6.877880e+05 8.96674188e-02
6.878000e+05 1.79079808e-01
6.878120e+05 8.96653287e-02
6.878210e+05 4.31462584e-02
6.878300e+05 2.38321000e-02
6.878480e+05 1.01336470e-02
6.878840e+05 3.58583467e-03
6.879570e+05 1.24818138e-03
6.881030e+05 5.50715715e-04
6.883940e+05 3.69892254e-04
6.889760e+05 3.46071154e-04
6.895580e+05 3.66453321e-04
6.901400e+05 3.96435188e-04
6.908780e+05 4.41829457e-04
6.916150e+05 4.93355002e-04
6.923530e+05 5.49113716e-04
6.930900e+05 6.06210032e-04
6.945650e+05 7.05290134e-04
6.960400e+05 7.44910049e-04
6.975150e+05 7.00742306e-04
6.989900e+05 5.98909866e-04
7.000000e+05 5.25844419e-04
7.019400e+05 3.85503040e-04
7.045150e+05 2.63638632e-04
7.070900e+05 1.91959609e-04
7.096650e+05 1.50888476e-04
7.122400e+05 1.29357790e-04
7.148150e+05 1.23825969e-04
7.173900e+05 1.39570237e-04
7.186780e+05 1.62396238e-04
7.199650e+05 2.05884638e-04
7.212530e+05 2.90600914e-04
7.225400e+05 4.58982306e-04
7.236650e+05 6.99359255e-04
7.247900e+05 8.57583487e-04
7.259160e+05 6.92388564e-04
7.270410e+05 4.49174358e-04
7.284090e+05 2.70626509e-04
7.297780e+05 1.82258828e-04
7.311460e+05 1.36391080e-04
7.325140e+05 1.11550522e-04
7.338830e+05 9.91883311e-05
7.352510e+05 9.76118204e-05
7.366190e+05 1.16732471e-04
7.373030e+05 1.68294355e-04
7.374740e+05 2.11526479e-04
7.376450e+05 3.23063243e-04
7.377310e+05 4.68651274e-04
7.378160e+05 8.55718540e-04
7.379020e+05 2.62889215e-03
7.379450e+05 7.70881911e-03
7.379870e+05 7.71434593e-02
7.379940e+05 1.23233037e-01
7.380000e+05 1.54158224e-01
7.380060e+05 1.23231137e-01
7.380130e+05 7.71423192e-02
7.380300e+05 2.27570053e-02
7.380480e+05 9.99277737e-03
7.380840e+05 3.54794454e-03
7.381550e+05 1.16397909e-03
7.382260e+05 6.36248772e-04
7.382970e+05 4.42314395e-04
7.384400e+05 3.05757311e-04
7.385820e+05 2.66727671e-04
7.388670e+05 2.66820673e-04
7.391510e+05 3.11693596e-04
7.394360e+05 3.97158849e-04
7.397210e+05 5.45600220e-04
7.400050e+05 8.09887788e-04
7.402900e+05 1.28937297e-03
7.405700e+05 2.02987311e-03
7.408500e+05 2.52193055e-03
7.411300e+05 2.02487221e-03
7.414100e+05 1.28226865e-03
7.416820e+05 8.16553548e-04
7.419540e+05 5.51199038e-04
7.422260e+05 3.95957498e-04
7.424970e+05 2.99948154e-04
7.430410e+05 1.94294447e-04
7.435850e+05 1.41135564e-04
7.441280e+05 1.10767067e-04
7.446720e+05 9.17568944e-05
7.457590e+05 7.00099695e-05
7.468460e+05 5.83148466e-05
7.479330e+05 5.11660199e-05
7.500000e+05 4.34076587e-05
7.501080e+05 4.30025437e-05
7.544570e+05 3.58430814e-05
7.588060e+05 3.31735805e-05
7.631550e+05 3.32025404e-05
7.675030e+05 3.74873875e-05
7.696780e+05 4.38211844e-05
7.707650e+05 4.96930059e-05
7.718520e+05 5.94536319e-05
7.729400e+05 7.76966637e-05
7.740270e+05 1.20180057e-04
7.745700e+05 1.69829980e-04
7.748420e+05 2.14427184e-04
7.751140e+05 2.89014781e-04
7.753860e+05 4.31992518e-04
7.756580e+05 7.74160456e-04
7.757940e+05 1.16737701e-03
7.759290e+05 2.02087089e-03
7.759970e+05 2.87807956e-03
7.760650e+05 4.42401561e-03
7.761330e+05 7.53958089e-03
7.762010e+05 1.43659691e-02
7.762260e+05 1.83447381e-02
7.762510e+05 2.28903690e-02
7.762750e+05 2.69002028e-02
7.763000e+05 2.85713389e-02
7.763490e+05 2.28971136e-02
7.763990e+05 1.43833531e-02
7.764950e+05 6.01810522e-03
7.765900e+05 3.15489586e-03
7.766860e+05 1.96647067e-03
7.767820e+05 1.38311629e-03
7.768770e+05 1.06347103e-03
7.769730e+05 8.76436524e-04
7.771640e+05 6.97677930e-04
7.773560e+05 6.50216240e-04
7.775470e+05 6.78525205e-04
7.779300e+05 9.19172364e-04
7.782900e+05 1.35229147e-03
7.786500e+05 1.64438476e-03
7.790100e+05 1.32463377e-03
7.793700e+05 8.56254171e-04
7.796390e+05 6.18210778e-04
7.799080e+05 4.65494985e-04
7.804460e+05 3.06689428e-04
7.809840e+05 2.45888204e-04
7.815220e+05 2.40633189e-04
7.825980e+05 4.94345267e-04
7.828670e+05 7.56674689e-04
7.830010e+05 9.97456001e-04
7.831360e+05 1.39404029e-03
7.832700e+05 2.10989890e-03
7.834050e+05 3.58491751e-03
7.835390e+05 7.28281992e-03
7.836060e+05 1.14062254e-02
7.836740e+05 1.90380099e-02
7.837050e+05 2.43489568e-02
7.837370e+05 3.04168597e-02
7.837680e+05 3.57687514e-02
7.838000e+05 3.79964895e-02
7.838630e+05 3.04088792e-02
7.839260e+05 1.90287938e-02
7.839940e+05 1.13722138e-02
7.840610e+05 7.25047967e-03
7.841960e+05 3.55975798e-03
7.843310e+05 2.08663810e-03
7.844660e+05 1.37005625e-03
7.846010e+05 9.71428223e-04
7.847350e+05 7.27790934e-04
7.850050e+05 4.58177302e-04
7.852750e+05 3.20107578e-04
7.855440e+05 2.39979953e-04
7.860830e+05 1.54971902e-04
7.866230e+05 1.12803872e-04
7.871620e+05 8.86306509e-05
7.882400e+05 6.30230998e-05
7.893190e+05 5.01957318e-05
7.903970e+05 4.27375502e-05
7.925540e+05 3.47159610e-05
7.968680e+05 2.84171665e-05
8.000000e+05 2.69748258e-05
8.011820e+05 2.64311624e-05
8.054960e+05 2.66160527e-05
8.098100e+05 3.00320660e-05
8.119670e+05 3.52430366e-05
8.141240e+05 4.94821898e-05
8.152030e+05 6.80415566e-05
8.157420e+05 8.55799761e-05
8.162810e+05 1.15720364e-04
8.168200e+05 1.74201763e-04
8.170900e+05 2.26552989e-04
8.173600e+05 3.11270544e-04
8.176290e+05 4.60964912e-04
8.178990e+05 7.60011789e-04
8.180340e+05 1.03192166e-03
8.181680e+05 1.47083780e-03
8.183030e+05 2.21816032e-03
8.184380e+05 3.52159091e-03
8.185790e+05 5.62898324e-03
8.187200e+05 7.03480427e-03
8.188610e+05 5.62469762e-03
8.190020e+05 3.51952713e-03
8.191160e+05 2.37369019e-03
8.192300e+05 1.65822950e-03
8.193450e+05 1.20754190e-03
8.194590e+05 9.13313735e-04
8.196870e+05 5.72767149e-04
8.199160e+05 3.94012309e-04
8.201440e+05 2.89747530e-04
8.203720e+05 2.24086748e-04
8.208290e+05 1.49519780e-04
8.212860e+05 1.10665975e-04
8.217420e+05 8.80912888e-05
8.226560e+05 6.47183577e-05
8.235690e+05 5.41813832e-05
8.244830e+05 4.94374741e-05
8.263100e+05 4.92334860e-05
8.281360e+05 6.05410665e-05
8.290500e+05 7.40503613e-05
8.299630e+05 9.96299166e-05
8.308770e+05 1.54568018e-04
8.313330e+05 2.08639878e-04
8.317900e+05 3.05304760e-04
8.322470e+05 5.04055154e-04
8.324750e+05 6.93264731e-04
8.327040e+05 1.02025303e-03
8.329320e+05 1.65947524e-03
8.331600e+05 3.17335784e-03
8.332740e+05 4.84718206e-03
8.333890e+05 8.24157073e-03
8.336170e+05 4.15825088e-02
8.336450e+05 5.32346724e-02
8.336740e+05 6.65527471e-02
8.337020e+05 7.82948752e-02
8.337300e+05 8.31603695e-02
8.337870e+05 6.64941320e-02
8.338430e+05 4.15712979e-02
8.339050e+05 2.44615078e-02
8.339670e+05 1.54110951e-02
8.340910e+05 7.43953459e-03
8.342150e+05 4.30298310e-03
8.343390e+05 2.78974506e-03
8.345870e+05 1.44308814e-03
8.348350e+05 8.82848480e-04
8.350830e+05 5.98202369e-04
8.353310e+05 4.34411772e-04
8.358280e+05 2.62937552e-04
8.363240e+05 1.79755872e-04
8.368200e+05 1.33226899e-04
8.378120e+05 8.57475270e-05
8.388040e+05 6.32486539e-05
8.397960e+05 5.08605777e-05
8.417810e+05 3.84555409e-05
8.437650e+05 3.27801779e-05
8.457490e+05 2.98534353e-05
8.497180e+05 2.75712624e-05
8.536870e+05 2.77908063e-05
8.576550e+05 3.05722058e-05
8.596400e+05 3.41097002e-05
8.616240e+05 4.24806782e-05
8.626160e+05 5.25663486e-05
8.636090e+05 7.82362080e-05
8.641050e+05 1.11548139e-04
8.646010e+05 2.01396648e-04
8.648490e+05 3.21650756e-04
8.650970e+05 6.47911280e-04
8.652210e+05 1.07861191e-03
8.653450e+05 2.20689196e-03
8.654690e+05 7.04178651e-03
8.655310e+05 1.90258877e-02
8.655930e+05 1.11790714e-01
8.656060e+05 1.78753962e-01
8.656200e+05 2.23523426e-01
8.656340e+05 1.78747312e-01
8.656470e+05 1.11785014e-01
8.656970e+05 2.50841001e-02
8.656980e+05 2.47762319e-02
8.657460e+05 9.99855928e-03
8.658450e+05 3.27645117e-03
8.659440e+05 1.62350688e-03
8.660420e+05 9.81556774e-04
8.662400e+05 4.93698211e-04
8.664370e+05 3.17885461e-04
8.668330e+05 2.00923915e-04
8.672280e+05 1.83960747e-04
8.676230e+05 2.27013514e-04
8.680180e+05 3.93795529e-04
8.682160e+05 6.27090521e-04
8.684130e+05 1.24781913e-03
8.685120e+05 2.03249551e-03
8.686110e+05 3.94196597e-03
8.687090e+05 1.07230108e-02
8.688080e+05 6.54649522e-02
8.688290e+05 1.04818685e-01
8.688500e+05 1.30887498e-01
8.688710e+05 1.04611586e-01
8.688920e+05 6.54581118e-02
8.689530e+05 1.87156025e-02
8.690140e+05 8.11058953e-03
8.690740e+05 4.45991045e-03
8.691350e+05 2.81461380e-03
8.692570e+05 1.42238603e-03
8.693780e+05 8.66099707e-04
8.696210e+05 4.32263336e-04
8.698640e+05 2.69631539e-04
8.703510e+05 1.48216916e-04
8.708370e+05 1.04521483e-04
8.718090e+05 7.40149888e-05
8.727820e+05 6.55286136e-05
8.747260e+05 6.77532772e-05
8.766710e+05 8.53131351e-05
8.786160e+05 1.28198530e-04
8.795890e+05 1.71623681e-04
8.805610e+05 2.50515001e-04
8.815330e+05 4.16298564e-04
8.820200e+05 5.77788651e-04
8.825060e+05 8.64390235e-04
8.829920e+05 1.44818635e-03
8.832350e+05 1.99865025e-03
8.834780e+05 2.94089209e-03
8.837210e+05 4.75374734e-03
8.839640e+05 8.93331564e-03
8.840860e+05 1.34062905e-02
8.842070e+05 2.20981741e-02
8.844510e+05 9.40907890e-02
8.844850e+05 1.20456475e-01
8.845200e+05 1.50591266e-01
8.845550e+05 1.77162626e-01
8.845900e+05 1.88181618e-01
8.846600e+05 1.50475366e-01
8.847300e+05 9.40621928e-02
8.847930e+05 6.02227056e-02
8.848570e+05 4.03229700e-02
8.849850e+05 2.09119115e-02
8.851120e+05 1.25473949e-02
8.852400e+05 8.30956160e-03
8.854950e+05 4.38930147e-03
8.857500e+05 2.70532008e-03
8.860050e+05 1.83435390e-03
8.862600e+05 1.32735930e-03
8.867700e+05 7.91580497e-04
8.872800e+05 5.29400250e-04
8.877900e+05 3.82090549e-04
8.888110e+05 2.31347885e-04
8.898310e+05 1.59983008e-04
8.908510e+05 1.20940761e-04
8.928920e+05 8.27744818e-05
8.949330e+05 6.71613688e-05
8.969730e+05 6.35816574e-05
8.979930e+05 6.78486373e-05
8.990140e+05 8.46892710e-05
8.995240e+05 1.08985812e-04
9.000000e+05 1.71401799e-04
9.000340e+05 1.75860127e-04
9.002890e+05 2.63897125e-04
9.005440e+05 4.91541588e-04
9.006720e+05 7.72185790e-04
9.007990e+05 1.43191125e-03
9.008630e+05 2.15538921e-03
9.009270e+05 3.60335235e-03
9.010540e+05 1.71601130e-02
9.010870e+05 2.74300338e-02
9.011200e+05 3.42774077e-02
9.011530e+05 2.74274686e-02
9.011860e+05 1.71576426e-02
9.013310e+05 3.07962812e-03
9.014040e+05 1.79558611e-03
9.014760e+05 1.17820309e-03
9.016220e+05 6.29285946e-04
9.017670e+05 4.01157414e-04
9.020580e+05 2.18926402e-04
9.023480e+05 1.49509200e-04
9.029290e+05 9.75881255e-05
9.035110e+05 7.93256549e-05
9.046730e+05 6.79469937e-05
9.058350e+05 6.69198581e-05
9.081600e+05 7.83536121e-05
9.093220e+05 1.00053397e-04
9.099030e+05 1.57058559e-04
9.101940e+05 3.53488904e-04
9.103390e+05 1.03729572e-03
9.104120e+05 3.16663324e-03
9.104480e+05 8.48986359e-03
9.104840e+05 5.09390505e-02
9.104920e+05 8.13876252e-02
9.105000e+05 1.01792758e-01
9.105080e+05 8.13861052e-02
9.105160e+05 5.09377204e-02
9.105510e+05 8.92158844e-03
9.105860e+05 3.35932959e-03
9.106550e+05 1.10725219e-03
9.107950e+05 3.80531150e-04
9.110750e+05 1.77265389e-04
9.116350e+05 1.31360520e-04
9.127530e+05 1.42539747e-04
9.138720e+05 1.79131337e-04
9.149910e+05 2.42893734e-04
9.161100e+05 3.60052499e-04
9.166700e+05 4.58747319e-04
9.172290e+05 6.09748867e-04
9.177890e+05 8.60017289e-04
9.183480e+05 1.33052021e-03
9.186280e+05 1.74984697e-03
9.189080e+05 2.44187929e-03
9.191870e+05 3.72305102e-03
9.193270e+05 4.80175083e-03
9.194670e+05 6.36783607e-03
9.194920e+05 6.71015718e-03
9.195870e+05 8.16876015e-03
9.196810e+05 9.77193337e-03
9.198700e+05 1.17918120e-02
9.202730e+05 7.36115738e-03
9.205770e+05 5.17665226e-03
9.208800e+05 4.23948108e-03
9.215740e+05 2.83264993e-03
9.222680e+05 1.72347121e-03
9.230330e+05 1.02099459e-03
9.237980e+05 6.55072705e-04
9.245630e+05 4.53068653e-04
9.253280e+05 3.32865821e-04
9.260930e+05 2.56494808e-04
9.268580e+05 2.05323362e-04
9.283870e+05 1.43673510e-04
9.299170e+05 1.09849957e-04
9.314470e+05 8.98045627e-05
9.345070e+05 7.01032309e-05
9.375660e+05 6.57963817e-05
9.390960e+05 6.91399588e-05
9.406260e+05 7.86229736e-05
9.421560e+05 1.01050240e-04
9.429210e+05 1.22991835e-04
9.436850e+05 1.60726625e-04
9.444500e+05 2.32643181e-04
9.448330e+05 2.95386091e-04
9.452150e+05 3.93863067e-04
9.455980e+05 5.60092733e-04
9.459800e+05 8.68603153e-04
9.461710e+05 1.12828738e-03
9.463630e+05 1.51554264e-03
9.465540e+05 2.10974481e-03
9.467450e+05 3.02414279e-03
9.470030e+05 4.82202638e-03
9.472600e+05 6.01941813e-03
9.475180e+05 4.81605852e-03
9.477750e+05 3.02080452e-03
9.480600e+05 1.78535397e-03
9.483450e+05 1.13486285e-03
9.486300e+05 7.77003434e-04
9.489150e+05 5.65324499e-04
9.492000e+05 4.31580304e-04
9.494850e+05 3.42345275e-04
9.500550e+05 2.35098242e-04
9.506250e+05 1.75945656e-04
9.511950e+05 1.40091697e-04
9.523350e+05 1.00978013e-04
9.534750e+05 8.15697899e-05
9.546150e+05 7.08979110e-05
9.568950e+05 6.12407066e-05
9.598870e+05 5.89669983e-05
9.628790e+05 6.28858324e-05
9.658710e+05 7.22788226e-05
9.688630e+05 8.91424786e-05
9.718540e+05 1.18941935e-04
9.748460e+05 1.74904630e-04
9.763420e+05 2.21846928e-04
9.778380e+05 2.91388657e-04
9.793340e+05 3.96976046e-04
9.808300e+05 5.57335397e-04
9.829100e+05 8.80467592e-04
9.849900e+05 1.09327022e-03
9.870700e+05 8.74898612e-04
9.891500e+05 5.53328101e-04
9.905060e+05 4.06911782e-04
9.918630e+05 3.06759265e-04
9.945750e+05 1.91374293e-04
9.972880e+05 1.34544158e-04
1.000000e+06 1.06890274e-04
1.001760e+06 1.01044468e-04
1.003510e+06 1.10494664e-04
1.004390e+06 1.28877346e-04
1.005270e+06 1.72701845e-04
1.005700e+06 2.16918969e-04
1.006140e+06 2.94699475e-04
1.006580e+06 4.44118153e-04
1.006800e+06 5.71812038e-04
1.007020e+06 7.65047978e-04
1.007190e+06 9.90523613e-04
1.007360e+06 1.35152268e-03
1.007440e+06 1.64876708e-03
1.007530e+06 2.13125105e-03
1.007610e+06 3.08158851e-03
1.007650e+06 3.95239215e-03
1.007700e+06 5.31523626e-03
1.007750e+06 7.83469929e-03
1.007800e+06 9.46156601e-03
1.007850e+06 7.78285863e-03
1.007910e+06 5.31345147e-03
1.007950e+06 3.92479651e-03
1.007990e+06 3.06302778e-03
1.008070e+06 2.12098469e-03
1.008160e+06 1.63701975e-03
1.008240e+06 1.34506775e-03
1.008580e+06 7.59730271e-04
1.008860e+06 5.22435470e-04
1.009150e+06 3.81445520e-04
1.009430e+06 2.92354689e-04
1.009710e+06 2.33318850e-04
1.010270e+06 1.63210519e-04
1.010840e+06 1.25219677e-04
1.011970e+06 8.74340033e-05
1.013100e+06 6.97127944e-05
1.015350e+06 5.35130382e-05
1.017610e+06 4.62355972e-05
1.022130e+06 4.01944752e-05
1.026640e+06 3.92918191e-05
1.031150e+06 4.28135747e-05
1.035670e+06 5.50088418e-05
1.037930e+06 6.99628038e-05
1.039060e+06 8.31595621e-05
1.040180e+06 1.04593955e-04
1.041310e+06 1.44264509e-04
1.041880e+06 1.79260832e-04
1.042440e+06 2.37002829e-04
1.043010e+06 3.47050657e-04
1.043570e+06 6.14656999e-04
1.044130e+06 1.71899139e-03
1.044420e+06 4.57067853e-03
1.044560e+06 1.00664859e-02
1.044630e+06 1.72474035e-02
1.044700e+06 3.27544573e-02
1.044800e+06 6.54087310e-02
1.044850e+06 5.21364461e-02
1.044900e+06 3.27879932e-02
1.044970e+06 1.74559294e-02
1.045040e+06 1.04363217e-02
1.045180e+06 4.89237018e-03
1.045310e+06 2.93541923e-03
1.045450e+06 2.06914809e-03
1.045580e+06 1.63947559e-03
1.045710e+06 1.40654706e-03
1.045840e+06 1.27900147e-03
1.045980e+06 1.21275912e-03
1.046240e+06 1.16791135e-03
1.046500e+06 1.14286146e-03
1.046880e+06 1.04525165e-03
1.047250e+06 9.27586432e-04
1.047550e+06 8.75917919e-04
1.048500e+06 8.71787070e-04
1.049130e+06 7.12585758e-04
1.049750e+06 5.32558599e-04
1.050360e+06 4.38963827e-04
1.050980e+06 4.15092096e-04
1.051590e+06 4.47603461e-04
1.052200e+06 5.44527337e-04
1.052810e+06 7.47444055e-04
1.053430e+06 1.17573289e-03
1.053730e+06 1.57193952e-03
1.054040e+06 2.21066093e-03
1.054340e+06 3.29447394e-03
1.054650e+06 5.17130483e-03
1.054980e+06 8.23910657e-03
1.055300e+06 1.02796312e-02
1.055630e+06 8.22327387e-03
1.055950e+06 5.15592234e-03
1.056330e+06 2.97209501e-03
1.056700e+06 1.85501701e-03
1.057080e+06 1.25345384e-03
1.057460e+06 9.02878411e-04
1.057840e+06 6.83885836e-04
1.058210e+06 5.39275911e-04
1.058970e+06 3.68841652e-04
1.059720e+06 2.79708857e-04
1.060470e+06 2.35513676e-04
1.061230e+06 2.43830475e-04
1.061600e+06 3.62840364e-04
1.061790e+06 7.95326673e-04
1.061890e+06 2.15003911e-03
1.061930e+06 5.57101884e-03
1.061980e+06 3.59827340e-02
1.061990e+06 5.64212115e-02
1.062000e+06 7.18824752e-02
1.062010e+06 5.64202616e-02
1.062020e+06 3.59822593e-02
1.062060e+06 6.39678373e-03
1.062110e+06 2.49221907e-03
1.062190e+06 9.21241296e-04
1.062360e+06 4.14361986e-04
1.062700e+06 2.91127727e-04
1.063380e+06 3.79791797e-04
1.063720e+06 5.46266114e-04
1.064070e+06 9.64476812e-04
1.064240e+06 1.44309476e-03
1.064410e+06 2.43633451e-03
1.064580e+06 4.97312613e-03
1.064750e+06 1.33392391e-02
1.064790e+06 1.70985595e-02
1.064820e+06 2.12786327e-02
1.064860e+06 2.50483081e-02
1.064900e+06 2.65634553e-02
1.064980e+06 2.12727436e-02
1.065050e+06 1.33316408e-02
1.065130e+06 8.33429708e-03
1.065200e+06 5.52019379e-03
1.065350e+06 2.83245929e-03
1.065500e+06 1.70624108e-03
1.065650e+06 1.14621989e-03
1.065950e+06 6.30332515e-04
1.066240e+06 4.09374836e-04
1.066540e+06 2.94488905e-04
1.066840e+06 2.27373473e-04
1.067430e+06 1.55215224e-04
1.068030e+06 1.18693245e-04
1.068620e+06 9.73785393e-05
1.069810e+06 7.41610973e-05
1.071000e+06 6.21840910e-05
1.072190e+06 5.52247684e-05
1.074570e+06 4.88316034e-05
1.076940e+06 4.94907643e-05
1.079320e+06 6.21189692e-05
1.080510e+06 8.21972642e-05
1.081700e+06 1.38872312e-04
1.082290e+06 2.14671984e-04
1.082890e+06 4.14119264e-04
1.083180e+06 6.65447798e-04
1.083480e+06 1.27687009e-03
1.083630e+06 1.97810976e-03
1.083780e+06 3.45210386e-03
1.083930e+06 7.38099904e-03
1.084080e+06 2.12587928e-02
1.084140e+06 3.41462354e-02
1.084170e+06 4.00989992e-02
1.084200e+06 4.25723113e-02
1.084260e+06 3.39229872e-02
1.084330e+06 2.12542343e-02
1.084430e+06 9.50748970e-03
1.084540e+06 5.07923114e-03
1.084760e+06 2.07959468e-03
1.084970e+06 1.12265642e-03
1.085180e+06 7.08209953e-04
1.085610e+06 3.65088466e-04
1.086040e+06 2.31940574e-04
1.086900e+06 1.32400263e-04
1.087760e+06 1.01245342e-04
1.089480e+06 1.26239090e-04
1.089910e+06 1.70836213e-04
1.090340e+06 2.82343383e-04
1.090550e+06 4.08723368e-04
1.090770e+06 6.67481413e-04
1.090870e+06 9.12023048e-04
1.090980e+06 1.31498876e-03
1.091090e+06 2.02785613e-03
1.091200e+06 3.33238039e-03
1.091300e+06 5.31202804e-03
1.091400e+06 6.61207777e-03
1.091500e+06 5.28934331e-03
1.091610e+06 3.32985575e-03
1.091720e+06 1.99007843e-03
1.091830e+06 1.27829531e-03
1.091940e+06 8.77694443e-04
1.092050e+06 6.40711219e-04
1.092270e+06 3.87415310e-04
1.092490e+06 2.64467264e-04
1.092710e+06 1.96134431e-04
1.092930e+06 1.54388158e-04
1.093370e+06 1.08210466e-04
1.093820e+06 8.46151617e-05
1.094260e+06 7.09966479e-05
1.095140e+06 5.68708814e-05
1.096910e+06 4.74271214e-05
1.098680e+06 4.68980195e-05
1.100450e+06 5.22104369e-05
1.102210e+06 6.82017860e-05
1.103100e+06 8.75402204e-05
1.103980e+06 1.33544767e-04
1.104870e+06 3.07866336e-04
1.105090e+06 4.35818620e-04
1.105310e+06 6.83983271e-04
1.105530e+06 1.24761276e-03
1.105640e+06 1.81589090e-03
1.105750e+06 2.75456259e-03
1.105880e+06 4.38075527e-03
1.106000e+06 5.45502930e-03
1.106130e+06 4.36842576e-03
1.106250e+06 2.75930592e-03
1.106350e+06 1.91130295e-03
1.106450e+06 1.37042387e-03
1.106540e+06 1.02377121e-03
1.106640e+06 7.94687139e-04
1.106830e+06 5.27011934e-04
1.107030e+06 3.86728265e-04
1.107410e+06 2.55496228e-04
1.107800e+06 2.03357981e-04
1.108580e+06 1.77832273e-04
1.109350e+06 1.99104211e-04
1.110130e+06 2.60847894e-04
1.110900e+06 3.92419002e-04
1.111290e+06 5.09571764e-04
1.111680e+06 6.90416941e-04
1.112060e+06 9.79352492e-04
1.112450e+06 1.44409227e-03
1.112930e+06 2.29309605e-03
1.113400e+06 2.85799426e-03
1.113880e+06 2.28853200e-03
1.114350e+06 1.43858366e-03
1.114660e+06 1.05362846e-03
1.114960e+06 7.88206321e-04
1.115570e+06 4.78542787e-04
1.116190e+06 3.19624517e-04
1.116800e+06 2.30206873e-04
1.117410e+06 1.75556197e-04
1.118020e+06 1.40173319e-04
1.119240e+06 9.93698364e-05
1.120470e+06 7.94241207e-05
1.121690e+06 7.35847286e-05
1.122910e+06 1.03899106e-04
1.123520e+06 2.37366440e-04
1.123830e+06 6.61840227e-04
1.123980e+06 1.72274420e-03
1.124060e+06 3.57638440e-03
1.124100e+06 5.72891180e-03
1.124130e+06 9.89299655e-03
1.124200e+06 1.98675644e-02
1.124230e+06 1.57653912e-02
1.124270e+06 9.89138236e-03
1.124320e+06 4.53521584e-03
1.124380e+06 2.47672902e-03
1.124490e+06 1.04961866e-03
1.124600e+06 5.83439640e-04
1.124710e+06 3.78314499e-04
1.124930e+06 2.07426855e-04
1.125150e+06 1.39740019e-04
1.125590e+06 8.69356364e-05
1.126030e+06 6.68280868e-05
1.126910e+06 5.12449329e-05
1.127790e+06 4.53565730e-05
1.129550e+06 4.17479102e-05
1.131310e+06 4.32761554e-05
1.134830e+06 7.14145087e-05
1.136590e+06 1.55745363e-04
1.137040e+06 2.20449244e-04
1.137480e+06 3.54054305e-04
1.137700e+06 4.82592736e-04
1.137920e+06 7.06070817e-04
1.138140e+06 1.13423672e-03
1.138250e+06 1.49618544e-03
1.138360e+06 2.01675483e-03
1.138530e+06 3.17460971e-03
1.138700e+06 3.94762161e-03
1.138870e+06 3.20483099e-03
1.139050e+06 2.09594086e-03
1.139150e+06 1.60900249e-03
1.139260e+06 1.28185334e-03
1.139480e+06 9.37382615e-04
1.139700e+06 8.36903851e-04
1.139920e+06 9.12442061e-04
1.140130e+06 1.22271163e-03
1.140240e+06 1.54161608e-03
1.140350e+06 2.07381340e-03
1.140460e+06 3.04259993e-03
1.140570e+06 5.00153775e-03
1.140620e+06 6.81190551e-03
1.140680e+06 9.68627722e-03
1.140730e+06 1.45606068e-02
1.140790e+06 2.30098627e-02
1.140840e+06 3.67323508e-02
1.140900e+06 4.58725380e-02
1.140960e+06 3.67149665e-02
1.141010e+06 2.29867791e-02
1.141050e+06 1.63044195e-02
1.141090e+06 1.19392877e-02
1.141130e+06 9.00095340e-03
1.141170e+06 6.97866127e-03
1.141250e+06 4.48286337e-03
1.141330e+06 3.12094149e-03
1.141410e+06 2.28786284e-03
1.141490e+06 1.75629359e-03
1.141640e+06 1.13401922e-03
1.141800e+06 7.96528715e-04
1.141950e+06 5.95449830e-04
1.142270e+06 3.75179168e-04
1.142580e+06 2.63376979e-04
1.142890e+06 1.98568191e-04
1.143520e+06 1.29682904e-04
1.144770e+06 7.58158315e-05
1.146020e+06 5.53635027e-05
1.148530e+06 4.06519745e-05
1.151030e+06 3.75337482e-05
1.153540e+06 4.10058843e-05
1.156040e+06 5.57482289e-05
1.157290e+06 7.44627690e-05
1.158550e+06 1.15989121e-04
1.159170e+06 1.57723095e-04
1.159800e+06 2.32560651e-04
1.160420e+06 3.80784314e-04
1.160740e+06 5.09369866e-04
1.161050e+06 6.97886745e-04
1.161530e+06 1.10740953e-03
1.162000e+06 1.38096328e-03
1.162480e+06 1.10578097e-03
1.162950e+06 6.96332012e-04
1.163370e+06 4.59197610e-04
1.163790e+06 3.17257458e-04
1.164200e+06 2.30898605e-04
1.164620e+06 1.75966595e-04
1.165460e+06 1.13969022e-04
1.166290e+06 8.21784773e-05
1.167130e+06 6.38591093e-05
1.167960e+06 5.24135629e-05
1.169640e+06 3.94562071e-05
1.171310e+06 3.26849716e-05
1.172980e+06 2.87147014e-05
1.176320e+06 2.45022263e-05
1.179660e+06 2.24833846e-05
1.183010e+06 2.14467714e-05
1.189690e+06 2.08531620e-05
1.196380e+06 2.17542843e-05
1.203060e+06 2.55222920e-05
1.206400e+06 3.07901970e-05
1.208070e+06 3.58941839e-05
1.209750e+06 4.48751577e-05
1.211420e+06 6.29474314e-05
1.212250e+06 7.97716462e-05
1.213090e+06 1.08139402e-04
1.213920e+06 1.61650714e-04
1.214340e+06 2.08072720e-04
1.214760e+06 2.80484689e-04
1.215180e+06 4.02440797e-04
1.215600e+06 6.27697462e-04
1.215800e+06 8.16256462e-04
1.216010e+06 1.09620694e-03
1.216220e+06 1.52301239e-03
1.216430e+06 2.17075818e-03
1.216720e+06 3.45654957e-03
1.217000e+06 4.30920018e-03
1.217290e+06 3.45303785e-03
1.217570e+06 2.16885521e-03
1.217850e+06 1.36109506e-03
1.218120e+06 9.00642577e-04
1.218400e+06 6.31595143e-04
1.218680e+06 4.65559467e-04
1.219230e+06 2.83663268e-04
1.219790e+06 1.93091095e-04
1.220340e+06 1.41871458e-04
1.220890e+06 1.10311967e-04
1.222000e+06 7.52381302e-05
1.223110e+06 5.72813983e-05
1.224220e+06 4.69622461e-05
1.226430e+06 3.63179270e-05
1.230860e+06 2.90746421e-05
1.235290e+06 2.79145552e-05
1.244150e+06 3.77190725e-05
1.246370e+06 4.77699766e-05
1.248580e+06 7.33233170e-05
1.249690e+06 1.04806320e-04
1.250000e+06 1.20874160e-04
1.250240e+06 1.33313701e-04
1.250800e+06 1.80060274e-04
1.251350e+06 2.64925344e-04
1.251630e+06 3.35712881e-04
1.251900e+06 4.42191677e-04
1.252180e+06 6.11681794e-04
1.252460e+06 9.00743983e-04
1.252730e+06 1.43333164e-03
1.253010e+06 2.45971724e-03
1.253260e+06 3.94552027e-03
1.253500e+06 4.94556230e-03
1.253750e+06 3.94265393e-03
1.253990e+06 2.45884853e-03
1.254280e+06 1.40370015e-03
1.254570e+06 8.73778353e-04
1.254850e+06 5.90872303e-04
1.255140e+06 4.26929429e-04
1.255430e+06 3.24873030e-04
1.255710e+06 2.57564545e-04
1.256290e+06 1.77761443e-04
1.256860e+06 1.34531194e-04
1.257440e+06 1.08858807e-04
1.258580e+06 8.20089759e-05
1.260880e+06 6.52601423e-05
1.263180e+06 6.69985914e-05
1.265470e+06 8.21234611e-05
1.266620e+06 9.73715724e-05
1.267770e+06 1.22197343e-04
1.268920e+06 1.65004620e-04
1.270060e+06 2.46145090e-04
1.270640e+06 3.15786651e-04
1.271210e+06 4.21796817e-04
1.271790e+06 5.88842316e-04
1.272360e+06 8.54171393e-04
1.273080e+06 1.34730533e-03
1.273800e+06 1.67645398e-03
1.274520e+06 1.34780709e-03
1.275240e+06 8.58009704e-04
1.275860e+06 5.80463458e-04
1.276470e+06 4.13051029e-04
1.277090e+06 3.10912810e-04
1.277710e+06 2.46383943e-04
1.278940e+06 1.75886697e-04
1.280170e+06 1.43783499e-04
1.282640e+06 1.28066802e-04
1.285100e+06 1.47070468e-04
1.286530e+06 1.70069959e-04
1.287950e+06 1.98529967e-04
1.289380e+06 2.24031744e-04
1.290800e+06 2.33555501e-04
1.293650e+06 1.90515197e-04
1.296500e+06 1.29384138e-04
1.298340e+06 1.02923970e-04
1.300170e+06 8.83228206e-05
1.302010e+06 1.00140611e-04
1.302930e+06 1.88785901e-04
1.303390e+06 5.13783571e-04
1.303620e+06 1.52092961e-03
1.303730e+06 3.98042926e-03
1.303790e+06 8.13298122e-03
1.303820e+06 1.29036853e-02
1.303850e+06 2.14737803e-02
1.303870e+06 3.45574916e-02
1.303900e+06 4.28391681e-02
1.303930e+06 3.40384146e-02
1.303950e+06 2.14715959e-02
1.303990e+06 1.10916657e-02
1.304030e+06 6.50106211e-03
1.304100e+06 2.89641096e-03
1.304250e+06 1.04466251e-03
1.304540e+06 3.50635731e-04
1.305120e+06 1.33810100e-04
1.306280e+06 7.08044223e-05
1.308610e+06 5.06329185e-05
1.310950e+06 4.55762690e-05
1.313280e+06 4.48800427e-05
1.315610e+06 4.85957832e-05
1.316770e+06 5.34751331e-05
1.317940e+06 6.27645086e-05
1.319100e+06 8.22458516e-05
1.319680e+06 1.00819387e-04
1.320270e+06 1.32748955e-04
1.320850e+06 1.94827606e-04
1.321140e+06 2.50312678e-04
1.321430e+06 3.40062170e-04
1.321720e+06 4.99297145e-04
1.322010e+06 8.16593239e-04
1.322160e+06 1.10635677e-03
1.322310e+06 1.57092414e-03
1.322450e+06 2.36782820e-03
1.322600e+06 3.74841874e-03
1.322750e+06 5.98342528e-03
1.322900e+06 7.47488974e-03
1.323050e+06 5.98076691e-03
1.323200e+06 3.74739598e-03
1.323310e+06 2.64367338e-03
1.323420e+06 1.91545531e-03
1.323530e+06 1.43441643e-03
1.323640e+06 1.10848324e-03
1.323860e+06 7.16663742e-04
1.324080e+06 5.03991447e-04
1.324510e+06 2.94626268e-04
1.324950e+06 2.00695986e-04
1.325820e+06 1.22148441e-04
1.326690e+06 9.23469442e-05
1.328430e+06 7.42669977e-05
1.330170e+06 7.69918466e-05
1.331910e+06 9.55628972e-05
1.332790e+06 1.14241219e-04
1.333660e+06 1.44672351e-04
1.334530e+06 1.97008467e-04
1.335400e+06 2.95230292e-04
1.335830e+06 3.78481622e-04
1.336270e+06 5.02952340e-04
1.336710e+06 6.95379050e-04
1.337140e+06 9.92504655e-04
1.337720e+06 1.57258423e-03
1.338300e+06 1.95881732e-03
1.338880e+06 1.56998750e-03
1.339460e+06 9.91510171e-04
1.340020e+06 6.31337787e-04
1.340580e+06 4.26380336e-04
1.341140e+06 3.06811285e-04
1.341700e+06 2.33330292e-04
1.342820e+06 1.53366702e-04
1.343950e+06 1.14487601e-04
1.345070e+06 9.37578148e-05
1.346190e+06 8.25043239e-05
1.348430e+06 7.56903094e-05
1.350670e+06 8.48051461e-05
1.351790e+06 9.72706553e-05
1.352920e+06 1.19085499e-04
1.354040e+06 1.58255083e-04
1.355160e+06 2.34203723e-04
1.355720e+06 3.00200996e-04
1.356280e+06 4.01126734e-04
1.356840e+06 5.61372061e-04
1.357400e+06 8.16802136e-04
1.358100e+06 1.29160961e-03
1.358800e+06 1.60818022e-03
1.359500e+06 1.28888118e-03
1.360200e+06 8.15398893e-04
1.360700e+06 5.84979352e-04
1.361190e+06 4.32638897e-04
1.361680e+06 3.31445222e-04
1.362180e+06 2.62884879e-04
1.363170e+06 1.80447752e-04
1.364160e+06 1.36018024e-04
1.365150e+06 1.10235749e-04
1.366130e+06 9.46973104e-05
1.368110e+06 8.05227576e-05
1.370090e+06 8.12072665e-05
1.372070e+06 1.01142379e-04
1.373060e+06 1.29376154e-04
1.374050e+06 2.00869567e-04
1.374180e+06 2.24201563e-04
1.374540e+06 2.88813118e-04
1.375040e+06 5.01903315e-04
1.375280e+06 7.48946923e-04
1.375530e+06 1.28886264e-03
1.375650e+06 1.83659236e-03
1.375780e+06 2.82324832e-03
1.375840e+06 3.64220131e-03
1.375900e+06 4.84193130e-03
1.375960e+06 6.64107013e-03
1.376020e+06 9.28463102e-03
1.376110e+06 1.48288593e-02
1.376200e+06 1.84678156e-02
1.376290e+06 1.47620755e-02
1.376380e+06 9.28975331e-03
1.376450e+06 6.20994587e-03
1.376530e+06 4.31437375e-03
1.376600e+06 3.13544931e-03
1.376670e+06 2.37369617e-03
1.376820e+06 1.50211452e-03
1.376970e+06 1.05070615e-03
1.377270e+06 6.30126822e-04
1.377560e+06 4.53242063e-04
1.378150e+06 3.26192704e-04
1.378740e+06 3.05488634e-04
1.379340e+06 3.34087456e-04
1.379930e+06 4.04917304e-04
1.380520e+06 5.29742969e-04
1.381110e+06 7.31203780e-04
1.381910e+06 1.13493858e-03
1.382700e+06 1.40384815e-03
1.383500e+06 1.12549414e-03
1.384290e+06 7.13303841e-04
1.384870e+06 5.07733544e-04
1.385440e+06 3.72651876e-04
1.386020e+06 2.83659266e-04
1.386600e+06 2.23522754e-04
1.387750e+06 1.51073377e-04
1.388900e+06 1.11556527e-04
1.390060e+06 8.78780443e-05
1.391210e+06 7.27013013e-05
1.393520e+06 5.52526928e-05
1.395830e+06 4.62757596e-05
1.398130e+06 4.14400893e-05
1.400000e+06 4.01971203e-05
1.402750e+06 3.83639112e-05
1.411970e+06 5.66572330e-05
1.414280e+06 7.44703505e-05
1.416590e+06 1.11436887e-04
1.417740e+06 1.45844526e-04
1.418890e+06 2.02349999e-04
1.420050e+06 3.00684732e-04
1.421200e+06 4.76622627e-04
1.422350e+06 7.50138307e-04
1.423500e+06 9.31219474e-04
1.424650e+06 7.47962359e-04
1.425800e+06 4.74443368e-04
1.426960e+06 2.97953099e-04
1.428120e+06 1.99565718e-04
1.429280e+06 1.42941067e-04
1.430440e+06 1.08404085e-04
1.432760e+06 7.08826847e-05
1.435080e+06 5.22837599e-05
1.437390e+06 4.17815165e-05
1.439710e+06 3.52836280e-05
1.444350e+06 2.79786061e-05
1.448990e+06 2.41542709e-05
1.453630e+06 2.18854955e-05
1.462900e+06 1.94055268e-05
1.472180e+06 1.81257844e-05
1.481450e+06 1.73667791e-05
1.500000e+06 1.65347721e-05
1.532930e+06 1.59011313e-05
1.565850e+06 1.29188135e-04
1.750000e+06 2.41886284e-04
2.000000e+06 2.40989251e-04
2.026140e+06 2.40336094e-04
2.026150e+06 2.40335836e-04
2.148920e+06 2.37082708e-04
2.190160e+06 2.35986756e-04
2.200000e+06 2.35228960e-04
2.242620e+06 2.31987828e-04
2.250000e+06 2.31486863e-04
2.295080e+06 2.28538000e-04
2.300350e+06 2.28227973e-04
2.347540e+06 2.10864771e-04
2.383760e+06 1.97731230e-04
2.400000e+06 1.91842914e-04
2.500000e+06 1.79214078e-04
2.750000e+06 1.59685302e-04
2.953680e+06 1.48794429e-04
3.000000e+06 1.46297438e-04
3.023760e+06 1.46070915e-04
3.059830e+06 1.45647009e-04
3.154910e+06 1.44666061e-04
3.250000e+06 1.43700470e-04
3.318510e+06 1.42991694e-04
3.400000e+06 1.42149365e-04
3.402110e+06 1.42128053e-04
3.500000e+06 1.40351534e-04
3.600000e+06 1.39628680e-04
3.710120e+06 1.38845909e-04
3.710130e+06 1.38845837e-04
3.750000e+06 1.38558210e-04
3.898220e+06 1.33905492e-04
4.000000e+06 1.29573032e-04
4.030220e+06 1.29537756e-04
4.032590e+06 1.29533645e-04
4.100000e+06 1.29418434e-04
4.192920e+06 1.29371215e-04
4.210000e+06 1.29290290e-04
4.237190e+06 1.29246395e-04
4.250000e+06 1.29185855e-04
4.300000e+06 1.27930040e-04
4.355060e+06 1.26658647e-04
4.415030e+06 1.25276104e-04
4.417090e+06 1.25229620e-04
4.444910e+06 1.23289556e-04
4.500000e+06 1.19452240e-04
4.599670e+06 1.18182194e-04
4.633610e+06 1.12221870e-04
4.633630e+06 1.12218370e-04
4.677530e+06 1.04525505e-04
4.700000e+06 1.00588566e-04
4.843120e+06 9.06342492e-05
4.900000e+06 8.78979947e-05
5.000000e+06 8.30924362e-05
5.163930e+06 8.16444386e-05
5.250000e+06 7.66156664e-05
5.375000e+06 7.21084840e-05
5.400000e+06 7.12213910e-05
5.570350e+06 6.85858537e-05
5.570360e+06 6.85857379e-05
5.575000e+06 6.84831671e-05
5.750000e+06 6.46178466e-05
5.969600e+06 5.98467165e-05
6.000000e+06 5.92491682e-05
6.125000e+06 5.70172089e-05
6.150000e+06 5.65757113e-05
6.368850e+06 5.27125416e-05
6.500000e+06 5.06348485e-05
6.725000e+06 4.75846927e-05
6.914520e+06 4.50169171e-05
7.000000e+06 4.38667841e-05
7.167340e+06 4.19100897e-05
7.200000e+06 4.15426276e-05
7.300000e+06 4.07646443e-05
7.329050e+06 4.05388055e-05
7.335380e+06 4.04904193e-05
8.000000e+06 3.54120202e-05
8.158100e+06 3.44879623e-05
8.200000e+06 3.42438232e-05
8.647640e+06 3.16412062e-05
8.907810e+06 3.01291729e-05
9.000000e+06 2.95934643e-05
9.002260e+06 2.95821490e-05
9.100000e+06 2.91016876e-05
9.143560e+06 2.88902152e-05
9.200000e+06 2.86230521e-05
9.500000e+06 2.65522907e-05
9.863820e+06 2.43508757e-05
1.000000e+07 2.35275936e-05
1.045990e+07 1.93829368e-05
1.097850e+07 1.47465434e-05
1.100000e+07 1.46022269e-05
1.120000e+07 1.35639444e-05
1.120450e+07 1.35401350e-05
1.120600e+07 1.35322420e-05
1.150000e+07 1.19865748e-05
1.175390e+07 1.06631367e-05
1.200000e+07 9.38883597e-06
1.250000e+07 7.40302015e-06
1.261880e+07 6.92658012e-06
1.300000e+07 5.41195539e-06
1.400000e+07 3.23444965e-06
1.450000e+07 2.48780765e-06
1.500000e+07 1.93082843e-06
1.550000e+07 1.51390752e-06
1.556400e+07 1.46841531e-06
1.600000e+07 1.19439910e-06
1.685230e+07 8.14607364e-07
1.700000e+07 7.63092694e-07
1.800000e+07 4.48688773e-07
1.850000e+07 3.84020895e-07
1.900000e+07 3.19393899e-07
