31-Ga_n-tot
>  31-Ga-69:0.601080
>  31-Ga-71:0.398920
1.000000e-05 1.54134396e+02
1.250000e-05 1.38594338e+02
1.500000e-05 1.27123355e+02
2.000000e-05 1.11021919e+02
2.750000e-05 9.57009783e+01
3.500000e-05 8.56179598e+01
4.250000e-05 7.83391368e+01
5.000000e-05 7.27664457e+01
6.250000e-05 6.58168784e+01
7.500000e-05 6.06869368e+01
1.000000e-04 5.34860679e+01
1.250000e-04 4.85718876e+01
1.500000e-04 4.49444429e+01
2.000000e-04 3.98526194e+01
2.750000e-04 3.50078023e+01
3.500000e-04 3.18193318e+01
4.250000e-04 2.95175199e+01
5.000000e-04 2.77553305e+01
6.250000e-04 2.55577031e+01
7.500000e-04 2.39354188e+01
1.000000e-03 2.16583395e+01
1.250000e-03 2.01043397e+01
1.500000e-03 1.89572295e+01
2.000000e-03 1.73470918e+01
2.750000e-03 1.58150076e+01
3.500000e-03 1.48067238e+01
4.250000e-03 1.40788295e+01
5.000000e-03 1.35216063e+01
6.250000e-03 1.28266556e+01
7.500000e-03 1.23136034e+01
1.000000e-02 1.15935005e+01
1.250000e-02 1.11021044e+01
1.500000e-02 1.07393859e+01
2.000000e-02 1.02301896e+01
2.530000e-02 9.86519348e+00
3.147500e-02 9.56245052e+00
3.765000e-02 9.33764132e+00
5.000000e-02 9.02034243e+00
6.250000e-02 8.80051166e+00
7.500000e-02 8.63821520e+00
1.000000e-01 8.41034923e+00
1.250000e-01 8.25478724e+00
1.500000e-01 8.13990621e+00
2.000000e-01 7.97852649e+00
2.750000e-01 7.82474818e+00
3.500000e-01 7.72333395e+00
5.000000e-01 7.59359858e+00
7.500000e-01 7.47070310e+00
1.000000e+00 7.39654771e+00
1.500000e+00 7.30673426e+00
2.000000e+00 7.25133678e+00
2.750000e+00 7.19609785e+00
3.500000e+00 7.15734673e+00
5.000000e+00 7.10284119e+00
7.500000e+00 7.04126053e+00
1.000000e+01 6.99486728e+00
1.500000e+01 6.92007336e+00
2.000000e+01 6.85554039e+00
2.750000e+01 6.76634457e+00
3.500000e+01 6.68075591e+00
5.000000e+01 6.51111832e+00
6.138670e+01 6.38025962e+00
6.250000e+01 6.36829885e+00
6.708010e+01 6.31431983e+00
7.277340e+01 6.25648754e+00
7.500000e+01 6.24482196e+00
7.846680e+01 6.22163923e+00
8.125000e+01 6.23173062e+00
8.131340e+01 6.23186093e+00
8.416010e+01 6.29047976e+00
8.558340e+01 6.36190565e+00
8.700680e+01 6.49011283e+00
8.750000e+01 6.57211805e+00
8.843010e+01 6.72539433e+00
8.985350e+01 7.19244915e+00
9.056510e+01 7.60499504e+00
9.062500e+01 7.65943532e+00
9.127680e+01 8.25125508e+00
9.198850e+01 9.33307136e+00
9.270010e+01 1.13203415e+01
9.305600e+01 1.29914413e+01
9.341180e+01 1.55242892e+01
9.375000e+01 1.94110559e+01
9.376760e+01 1.96133273e+01
9.412350e+01 2.68126044e+01
9.447930e+01 4.12032933e+01
9.465720e+01 5.44438714e+01
9.483510e+01 7.64417808e+01
9.501310e+01 1.16767669e+02
9.510200e+01 1.50685177e+02
9.519100e+01 2.02029504e+02
9.527990e+01 2.84377495e+02
9.536890e+01 4.26099142e+02
9.545790e+01 6.90191095e+02
9.554680e+01 1.20826743e+03
9.562340e+01 1.93702554e+03
9.570000e+01 2.42857784e+03
9.577660e+01 1.95106569e+03
9.585320e+01 1.22621916e+03
9.591800e+01 8.15378651e+02
9.598280e+01 5.63276392e+02
9.604760e+01 4.06775311e+02
9.611240e+01 3.05744455e+02
9.624200e+01 1.90010227e+02
9.637160e+01 1.29771357e+02
9.650110e+01 9.47932988e+01
9.663070e+01 7.27841288e+01
9.687500e+01 4.91920769e+01
9.688990e+01 4.77532571e+01
9.714910e+01 3.46141556e+01
9.740830e+01 2.68716438e+01
9.766740e+01 2.19243652e+01
9.792660e+01 1.85688963e+01
9.844500e+01 1.44311521e+01
9.896330e+01 1.20654113e+01
9.948170e+01 1.05813228e+01
1.000000e+02 9.58583228e+00
1.007810e+02 8.61287458e+00
1.013270e+02 8.17875096e+00
1.015630e+02 7.99584417e+00
1.026550e+02 7.51092040e+00
1.031250e+02 7.32279079e+00
1.039820e+02 7.16131706e+00
1.046880e+02 7.10218204e+00
1.053090e+02 7.11128911e+00
1.059730e+02 7.23578202e+00
1.062500e+02 7.35379069e+00
1.066360e+02 7.54437567e+00
1.073000e+02 8.17546369e+00
1.079640e+02 9.45711862e+00
1.082950e+02 1.05943256e+01
1.086270e+02 1.23688861e+01
1.089590e+02 1.53002852e+01
1.092910e+02 2.05416949e+01
1.093750e+02 2.32046829e+01
1.096230e+02 3.10769343e+01
1.097890e+02 4.07035228e+01
1.099540e+02 5.64671291e+01
1.101200e+02 8.45652065e+01
1.102030e+02 1.07457905e+02
1.102860e+02 1.40899558e+02
1.103690e+02 1.92036405e+02
1.104520e+02 2.73961771e+02
1.105350e+02 4.12074293e+02
1.106180e+02 6.49107152e+02
1.107090e+02 1.05313646e+03
1.108000e+02 1.33727434e+03
1.108910e+02 1.08723844e+03
1.109820e+02 6.91771240e+02
1.110690e+02 4.42959345e+02
1.111560e+02 2.98738977e+02
1.112430e+02 2.13065003e+02
1.113300e+02 1.59557223e+02
1.114170e+02 1.24263371e+02
1.115040e+02 9.99566589e+01
1.116780e+02 6.96491271e+01
1.118510e+02 5.22209875e+01
1.120250e+02 4.12925753e+01
1.123730e+02 2.88429536e+01
1.125000e+02 2.64348041e+01
1.127210e+02 2.22482496e+01
1.130690e+02 1.83132217e+01
1.134160e+02 1.57598693e+01
1.137640e+02 1.39988275e+01
1.144590e+02 1.17715634e+01
1.151550e+02 1.04499736e+01
1.156250e+02 9.86717995e+00
1.158500e+02 9.59029922e+00
1.165460e+02 8.99546981e+00
1.179370e+02 8.22803316e+00
1.187500e+02 7.95177271e+00
1.193280e+02 7.75949326e+00
1.207180e+02 7.44708698e+00
1.221090e+02 7.22045040e+00
1.248910e+02 6.90804635e+00
1.250000e+02 6.89972244e+00
1.276730e+02 6.71171087e+00
1.304550e+02 6.56811611e+00
1.332370e+02 6.45483381e+00
1.375000e+02 6.32025492e+00
1.388000e+02 6.28368337e+00
1.443640e+02 6.16425892e+00
1.500000e+02 6.06938887e+00
1.554910e+02 5.99820365e+00
1.666180e+02 5.88606912e+00
1.750000e+02 5.81288124e+00
1.777460e+02 5.81839568e+00
2.000000e+02 5.88339677e+00
2.104480e+02 6.12089608e+00
2.208950e+02 6.62920650e+00
2.313430e+02 7.67392043e+00
2.334040e+02 8.02703793e+00
2.365660e+02 8.56818123e+00
2.417900e+02 9.89263696e+00
2.470140e+02 1.19107348e+01
2.501050e+02 1.38024138e+01
2.522380e+02 1.51065962e+01
2.574610e+02 2.04495793e+01
2.626850e+02 3.00923565e+01
2.652970e+02 3.79806221e+01
2.668070e+02 4.46692388e+01
2.679090e+02 4.95492279e+01
2.705210e+02 6.73215132e+01
2.731330e+02 9.63134234e+01
2.757440e+02 1.47535556e+02
2.783560e+02 2.48402877e+02
2.796620e+02 3.37962212e+02
2.809680e+02 4.78293293e+02
2.822740e+02 7.07037811e+02
2.835090e+02 1.06394524e+03
2.835800e+02 1.08446367e+03
2.851400e+02 1.77245238e+03
2.867000e+02 2.25751049e+03
2.882600e+02 1.84041900e+03
2.898200e+02 1.17645586e+03
2.911320e+02 7.96011174e+02
2.918600e+02 6.64581975e+02
2.924440e+02 5.59148396e+02
2.937550e+02 4.10221853e+02
2.950670e+02 3.12945865e+02
2.976900e+02 1.99863336e+02
3.002110e+02 1.42221729e+02
3.003140e+02 1.39866388e+02
3.029370e+02 1.04400722e+02
3.043860e+02 9.18669569e+01
3.055610e+02 8.16998873e+01
3.085610e+02 6.65844062e+01
3.108080e+02 5.52535500e+01
3.127370e+02 4.99715913e+01
3.160540e+02 4.08684430e+01
3.169120e+02 3.94321792e+01
3.190000e+02 3.59235270e+01
3.210880e+02 3.24039412e+01
3.213010e+02 3.20438317e+01
3.231760e+02 2.99386390e+01
3.252630e+02 2.75941557e+01
3.263070e+02 2.64325183e+01
3.265480e+02 2.61705511e+01
3.273510e+02 2.55659640e+01
3.283950e+02 2.48478355e+01
3.294390e+02 2.43082579e+01
3.299610e+02 2.41937611e+01
3.304830e+02 2.42989229e+01
3.310040e+02 2.48349451e+01
3.315260e+02 2.63006576e+01
3.317870e+02 2.77446335e+01
3.317950e+02 2.78168295e+01
3.320480e+02 3.01749325e+01
3.323090e+02 3.42472862e+01
3.325700e+02 4.15399260e+01
3.327010e+02 4.74429865e+01
3.328310e+02 5.60000241e+01
3.329620e+02 6.89301906e+01
3.330920e+02 8.95137571e+01
3.332230e+02 1.24662545e+02
3.333530e+02 1.90270310e+02
3.334180e+02 2.45443083e+02
3.334840e+02 3.27219810e+02
3.335490e+02 4.51603339e+02
3.336140e+02 6.41116892e+02
3.337070e+02 1.04154465e+03
3.338000e+02 1.33252175e+03
3.338930e+02 1.09849754e+03
3.339860e+02 7.12291899e+02
3.340540e+02 5.13624837e+02
3.341210e+02 3.81450294e+02
3.341890e+02 2.93294795e+02
3.342570e+02 2.33174869e+02
3.343920e+02 1.59983200e+02
3.345270e+02 1.19433782e+02
3.346620e+02 9.47522749e+01
3.347980e+02 7.86477298e+01
3.350680e+02 5.95235474e+01
3.353390e+02 4.89515628e+01
3.356090e+02 4.24299843e+01
3.358800e+02 3.80784563e+01
3.361500e+02 3.49995635e+01
3.366910e+02 3.09638022e+01
3.372320e+02 2.84419810e+01
3.377730e+02 2.67046895e+01
3.383140e+02 2.54185085e+01
3.393960e+02 2.35893218e+01
3.404780e+02 2.22871620e+01
3.415600e+02 2.12583134e+01
3.422890e+02 2.06715122e+01
3.426420e+02 2.04665484e+01
3.448060e+02 1.94731855e+01
3.469700e+02 1.86691268e+01
3.475360e+02 1.84849929e+01
3.491340e+02 1.82625145e+01
3.512980e+02 1.80201418e+01
3.527830e+02 1.78881491e+01
3.556260e+02 1.86716915e+01
3.580290e+02 1.93748237e+01
3.599540e+02 2.11173593e+01
3.606530e+02 2.17565271e+01
3.632760e+02 2.66006461e+01
3.642820e+02 3.05457575e+01
3.659000e+02 3.68997710e+01
3.672120e+02 4.63979529e+01
3.685230e+02 6.17560483e+01
3.686100e+02 6.35114582e+01
3.698350e+02 8.82342210e+01
3.711470e+02 1.37892051e+02
3.718030e+02 1.79607848e+02
3.724580e+02 2.41364602e+02
3.731140e+02 3.34905692e+02
3.737700e+02 4.76658657e+02
3.747350e+02 7.87571877e+02
3.757000e+02 1.02077149e+03
3.766650e+02 8.49741483e+02
3.772660e+02 6.66538835e+02
3.776300e+02 5.55582086e+02
3.785860e+02 3.60656609e+02
3.795420e+02 2.47793763e+02
3.804980e+02 1.80862166e+02
3.814540e+02 1.38901766e+02
3.824100e+02 1.11115790e+02
3.833660e+02 9.18307998e+01
3.852780e+02 6.75094439e+01
3.859220e+02 6.27119672e+01
3.871900e+02 5.32688749e+01
3.891020e+02 4.41546894e+01
3.929260e+02 3.34375430e+01
3.967500e+02 2.74839802e+01
4.005740e+02 2.37480136e+01
4.032350e+02 2.22164095e+01
4.082230e+02 1.93497462e+01
4.158710e+02 1.68362848e+01
4.205470e+02 1.58296921e+01
4.235190e+02 1.51884362e+01
4.292030e+02 1.44148338e+01
4.378590e+02 1.32266569e+01
4.388150e+02 1.30930889e+01
4.465150e+02 1.24076865e+01
4.508430e+02 1.20074130e+01
4.541110e+02 1.16918069e+01
4.551710e+02 1.16156293e+01
4.573350e+02 1.14502634e+01
4.594990e+02 1.12758934e+01
4.616630e+02 1.10905716e+01
4.638270e+02 1.08945266e+01
4.649090e+02 1.07954973e+01
4.659910e+02 1.07024367e+01
4.670730e+02 1.06311713e+01
4.681550e+02 1.06271607e+01
4.686960e+02 1.06879803e+01
4.692370e+02 1.08412940e+01
4.694080e+02 1.09483618e+01
4.697780e+02 1.11868741e+01
4.703190e+02 1.19436728e+01
4.708600e+02 1.37338664e+01
4.711310e+02 1.55584499e+01
4.714010e+02 1.88059447e+01
4.716720e+02 2.51798022e+01
4.718070e+02 3.08161192e+01
4.719420e+02 3.96717006e+01
4.720770e+02 5.44925801e+01
4.722130e+02 8.12634964e+01
4.722800e+02 1.03057528e+02
4.723480e+02 1.34361210e+02
4.724150e+02 1.80160574e+02
4.724830e+02 2.47010324e+02
4.725920e+02 4.04023654e+02
4.727000e+02 5.21429453e+02
4.728090e+02 4.34185509e+02
4.729170e+02 2.84699165e+02
4.730230e+02 1.87024784e+02
4.731290e+02 1.30120458e+02
4.732340e+02 9.62375304e+01
4.733400e+02 7.49526038e+01
4.734460e+02 6.08508236e+01
4.735520e+02 5.10669618e+01
4.737630e+02 3.87541882e+01
4.739750e+02 3.15783898e+01
4.741870e+02 2.70140436e+01
4.746100e+02 2.17093968e+01
4.750330e+02 1.88192884e+01
4.754560e+02 1.70466479e+01
4.758790e+02 1.58663115e+01
4.763020e+02 1.50318967e+01
4.771490e+02 1.39394079e+01
4.779950e+02 1.32602566e+01
4.788420e+02 1.27971526e+01
4.796880e+02 1.24597152e+01
4.813810e+02 1.19946307e+01
4.830730e+02 1.16809989e+01
4.847660e+02 1.14475105e+01
4.864590e+02 1.12612428e+01
4.898440e+02 1.09689625e+01
4.932290e+02 1.07356722e+01
5.000000e+02 1.03519698e+01
5.079680e+02 1.00592655e+01
5.159360e+02 9.79769124e+00
5.199200e+02 9.67386460e+00
5.239040e+02 9.55489468e+00
5.255580e+02 9.50862485e+00
5.258960e+02 9.50112644e+00
5.268920e+02 9.48149794e+00
5.278880e+02 9.46574642e+00
5.288840e+02 9.45938977e+00
5.293820e+02 9.46471372e+00
5.298800e+02 9.48362208e+00
5.303780e+02 9.53501281e+00
5.306270e+02 9.58919636e+00
5.308760e+02 9.68701230e+00
5.311250e+02 9.88314690e+00
5.312500e+02 1.00616271e+01
5.313740e+02 1.03530855e+01
5.314990e+02 1.08721196e+01
5.315610e+02 1.12959354e+01
5.316230e+02 1.19173082e+01
5.316860e+02 1.28748299e+01
5.317480e+02 1.44271974e+01
5.318100e+02 1.70953498e+01
5.318720e+02 2.17840927e+01
5.319360e+02 2.92490696e+01
5.320000e+02 3.42271381e+01
5.320640e+02 2.92486771e+01
5.321280e+02 2.17814443e+01
5.321660e+02 1.85779977e+01
5.322050e+02 1.63120385e+01
5.322820e+02 1.35837379e+01
5.323590e+02 1.21389834e+01
5.324360e+02 1.13058520e+01
5.325120e+02 1.07883648e+01
5.325890e+02 1.04469829e+01
5.327430e+02 1.00404033e+01
5.328970e+02 9.81701485e+00
5.330510e+02 9.68091526e+00
5.333580e+02 9.52911753e+00
5.336660e+02 9.44898745e+00
5.339740e+02 9.39995725e+00
5.345890e+02 9.34187981e+00
5.352040e+02 9.30628276e+00
5.358190e+02 9.27998442e+00
5.370500e+02 9.23892334e+00
5.382800e+02 9.20423283e+00
5.395100e+02 9.17213298e+00
5.419710e+02 9.11115594e+00
5.468930e+02 8.99359576e+00
5.511170e+02 8.89418720e+00
5.518140e+02 8.88096078e+00
5.715010e+02 8.50701660e+00
5.911870e+02 8.11785966e+00
6.010300e+02 7.91435515e+00
6.022340e+02 7.88984347e+00
6.034910e+02 7.86675104e+00
6.059520e+02 7.82671517e+00
6.071820e+02 7.81441739e+00
6.077980e+02 7.81430176e+00
6.084130e+02 7.82404242e+00
6.090280e+02 7.85770607e+00
6.093360e+02 7.89585890e+00
6.096430e+02 7.96728612e+00
6.099510e+02 8.11547266e+00
6.101050e+02 8.25413695e+00
6.102580e+02 8.48661639e+00
6.104120e+02 8.91634165e+00
6.104890e+02 9.28024207e+00
6.105660e+02 9.83470889e+00
6.106430e+02 1.07316771e+01
6.107200e+02 1.22952310e+01
6.107970e+02 1.52661536e+01
6.108350e+02 1.77465279e+01
6.108740e+02 2.12563011e+01
6.109370e+02 2.93943761e+01
6.110000e+02 3.48100998e+01
6.110630e+02 2.93807774e+01
6.111270e+02 2.12544585e+01
6.111650e+02 1.77200055e+01
6.112040e+02 1.52393554e+01
6.112810e+02 1.22643946e+01
6.113580e+02 1.07009501e+01
6.114360e+02 9.80489203e+00
6.115130e+02 9.24948266e+00
6.115900e+02 8.88452549e+00
6.117450e+02 8.45077670e+00
6.118990e+02 8.21327310e+00
6.120540e+02 8.06902247e+00
6.123630e+02 7.90887442e+00
6.126720e+02 7.82499741e+00
6.129810e+02 7.77416176e+00
6.135990e+02 7.71485459e+00
6.142170e+02 7.67930210e+00
6.148350e+02 7.65352318e+00
6.160710e+02 7.61392682e+00
6.185430e+02 7.54978513e+00
6.210150e+02 7.49026576e+00
6.277920e+02 7.32307643e+00
6.309030e+02 7.24564306e+00
6.405710e+02 6.97532467e+00
6.407920e+02 6.96891575e+00
6.506800e+02 6.63664847e+00
6.533500e+02 6.53561550e+00
6.556240e+02 6.44380418e+00
6.605680e+02 6.23131817e+00
6.655120e+02 6.01653603e+00
6.661300e+02 5.99469902e+00
6.704560e+02 5.82504017e+00
6.725190e+02 5.79082034e+00
6.729290e+02 5.78202880e+00
6.754010e+02 5.82678966e+00
6.778730e+02 6.08805953e+00
6.789090e+02 6.41426582e+00
6.803450e+02 6.85824910e+00
6.815810e+02 7.66241153e+00
6.821040e+02 8.24290364e+00
6.828170e+02 9.03030476e+00
6.840530e+02 1.14574310e+01
6.852890e+02 1.60585435e+01
6.852980e+02 1.61149859e+01
6.859070e+02 1.99296927e+01
6.865250e+02 2.57101652e+01
6.871430e+02 3.47309398e+01
6.877610e+02 4.96384514e+01
6.883790e+02 7.62286141e+01
6.884930e+02 8.41612087e+01
6.886880e+02 9.77282364e+01
6.889970e+02 1.28830814e+02
6.893060e+02 1.75491144e+02
6.896150e+02 2.48313482e+02
6.899240e+02 3.66163324e+02
6.902330e+02 5.58947405e+02
6.906170e+02 9.27658925e+02
6.910000e+02 1.20443050e+03
6.913840e+02 1.00220138e+03
6.916880e+02 7.24572240e+02
6.917670e+02 6.52424597e+02
6.920100e+02 4.89855956e+02
6.922540e+02 3.74821864e+02
6.927400e+02 2.36340959e+02
6.932270e+02 1.62797071e+02
6.932850e+02 1.57695088e+02
6.937130e+02 1.20044925e+02
6.942000e+02 9.31725083e+01
6.946860e+02 7.52087598e+01
6.948830e+02 7.07875005e+01
6.956590e+02 5.33765946e+01
6.964800e+02 4.29594970e+01
6.966320e+02 4.10362280e+01
6.976060e+02 3.33455582e+01
6.980780e+02 3.12053955e+01
6.988760e+02 2.76492491e+01
6.995520e+02 2.47207178e+01
6.996750e+02 2.44438857e+01
7.004740e+02 2.28540656e+01
7.012720e+02 2.17420392e+01
7.014980e+02 2.16381122e+01
7.016720e+02 2.17230089e+01
7.020710e+02 2.24076576e+01
7.024700e+02 2.39786267e+01
7.028700e+02 2.72923886e+01
7.030690e+02 3.01673607e+01
7.032690e+02 3.44581708e+01
7.034440e+02 4.02292949e+01
7.034690e+02 4.10662076e+01
7.036680e+02 5.17151542e+01
7.038680e+02 6.96377400e+01
7.040680e+02 1.01996363e+02
7.041680e+02 1.28191359e+02
7.042670e+02 1.65581435e+02
7.043670e+02 2.19787796e+02
7.044670e+02 2.98086929e+02
7.046340e+02 4.89340008e+02
7.048000e+02 6.35930990e+02
7.049670e+02 5.35386057e+02
7.051330e+02 3.55494129e+02
7.052770e+02 2.46880583e+02
7.053900e+02 1.93629429e+02
7.054210e+02 1.79029706e+02
7.055650e+02 1.36304503e+02
7.057090e+02 1.08301443e+02
7.059970e+02 7.55004999e+01
7.062850e+02 5.78425597e+01
7.065730e+02 4.72083641e+01
7.068610e+02 4.02579154e+01
7.073360e+02 3.33464664e+01
7.074370e+02 3.19013426e+01
7.080130e+02 2.72249927e+01
7.085890e+02 2.42298911e+01
7.091640e+02 2.21387171e+01
7.097400e+02 2.05798871e+01
7.108920e+02 1.83599965e+01
7.112290e+02 1.79006907e+01
7.120440e+02 1.69316026e+01
7.131960e+02 1.59049106e+01
7.143480e+02 1.50791546e+01
7.151210e+02 1.46384914e+01
7.166510e+02 1.39062426e+01
7.189550e+02 1.30499461e+01
7.190130e+02 1.30316959e+01
7.212590e+02 1.24450958e+01
7.229050e+02 1.20708223e+01
7.235620e+02 1.19510266e+01
7.281700e+02 1.12442401e+01
7.306900e+02 1.09117530e+01
7.327770e+02 1.07048404e+01
7.373840e+02 1.03020199e+01
7.384750e+02 1.02143825e+01
7.419910e+02 9.99367884e+00
7.462590e+02 9.75231407e+00
7.512060e+02 9.52424282e+00
7.540440e+02 9.40688018e+00
7.604210e+02 9.20034369e+00
7.696130e+02 8.93518155e+00
7.788500e+02 8.73035546e+00
7.851820e+02 8.60517424e+00
7.972790e+02 8.41023535e+00
8.007510e+02 8.35869019e+00
8.157080e+02 8.16978497e+00
8.163200e+02 8.16269686e+00
8.474590e+02 7.86242271e+00
8.525670e+02 7.82065911e+00
8.785970e+02 7.63504809e+00
9.097350e+02 7.43846340e+00
9.253040e+02 7.34704440e+00
9.262830e+02 7.34158621e+00
9.291970e+02 7.32730925e+00
9.330890e+02 7.31000536e+00
9.350350e+02 7.30358343e+00
9.369810e+02 7.30328049e+00
9.379540e+02 7.31126163e+00
9.384410e+02 7.32139701e+00
9.389270e+02 7.34134448e+00
9.394140e+02 7.38479172e+00
9.396570e+02 7.42711257e+00
9.399010e+02 7.50090352e+00
9.401440e+02 7.64561835e+00
9.402650e+02 7.77580390e+00
9.403870e+02 7.98706066e+00
9.405090e+02 8.36160080e+00
9.405700e+02 8.66574186e+00
9.406300e+02 9.11097689e+00
9.406910e+02 9.79344371e+00
9.407520e+02 1.08964562e+01
9.408130e+02 1.27775066e+01
9.408740e+02 1.60634612e+01
9.409370e+02 2.13480621e+01
9.410000e+02 2.48649468e+01
9.410630e+02 2.13404799e+01
9.411270e+02 1.60646437e+01
9.411840e+02 1.29134621e+01
9.412420e+02 1.10538788e+01
9.412990e+02 9.93645147e+00
9.413570e+02 9.23244447e+00
9.414720e+02 8.44554092e+00
9.415870e+02 8.04555857e+00
9.417020e+02 7.81691408e+00
9.418170e+02 7.67459068e+00
9.420460e+02 7.51438794e+00
9.422760e+02 7.43089858e+00
9.425060e+02 7.38179100e+00
9.429660e+02 7.32878307e+00
9.434260e+02 7.30165162e+00
9.438860e+02 7.28538771e+00
9.448060e+02 7.26649839e+00
9.466460e+02 7.24681225e+00
9.484860e+02 7.23394837e+00
9.521650e+02 7.21317596e+00
9.558450e+02 7.19430652e+00
9.632040e+02 7.15815093e+00
9.705630e+02 7.12283686e+00
1.000000e+03 6.98552720e+00
1.045940e+03 6.79244399e+00
1.062970e+03 6.72281100e+00
1.068910e+03 6.69891905e+00
1.074650e+03 6.67631908e+00
1.080400e+03 6.65454112e+00
1.083270e+03 6.64475703e+00
1.086140e+03 6.63802866e+00
1.087570e+03 6.63879717e+00
1.088290e+03 6.64233301e+00
1.089010e+03 6.65098700e+00
1.089730e+03 6.67219500e+00
1.090090e+03 6.69408843e+00
1.090440e+03 6.73382931e+00
1.090620e+03 6.76674854e+00
1.090800e+03 6.81543309e+00
1.090980e+03 6.89247686e+00
1.091160e+03 7.02258497e+00
1.091340e+03 7.27049815e+00
1.091430e+03 7.48668704e+00
1.091520e+03 7.82170621e+00
1.091610e+03 8.39262274e+00
1.091700e+03 9.43801472e+00
1.091750e+03 1.03249148e+01
1.091790e+03 1.16482531e+01
1.091840e+03 1.36780590e+01
1.091880e+03 1.67122455e+01
1.091940e+03 2.28136485e+01
1.092000e+03 2.67866538e+01
1.092060e+03 2.27086557e+01
1.092120e+03 1.67138071e+01
1.092160e+03 1.37916392e+01
1.092210e+03 1.18333222e+01
1.092250e+03 1.05222327e+01
1.092290e+03 9.64217626e+00
1.092370e+03 8.54199672e+00
1.092460e+03 7.94200327e+00
1.092540e+03 7.57579664e+00
1.092620e+03 7.34235058e+00
1.092790e+03 7.06860381e+00
1.092960e+03 6.92188115e+00
1.093120e+03 6.83431010e+00
1.093460e+03 6.73923971e+00
1.093790e+03 6.69119377e+00
1.094130e+03 6.66326959e+00
1.094790e+03 6.63312317e+00
1.095460e+03 6.61722242e+00
1.096130e+03 6.60720176e+00
1.097460e+03 6.59444846e+00
1.100130e+03 6.57840846e+00
1.102800e+03 6.56590290e+00
1.108150e+03 6.54344910e+00
1.113490e+03 6.52212001e+00
1.118830e+03 6.50151296e+00
1.124170e+03 6.48257340e+00
1.125940e+03 6.47771579e+00
1.126840e+03 6.47515618e+00
1.128180e+03 6.47299262e+00
1.129510e+03 6.47355046e+00
1.130850e+03 6.48078146e+00
1.131520e+03 6.49052039e+00
1.132180e+03 6.51010143e+00
1.132520e+03 6.52718145e+00
1.132850e+03 6.55348925e+00
1.133180e+03 6.59630037e+00
1.133520e+03 6.67153895e+00
1.133850e+03 6.82185502e+00
1.134020e+03 6.95947757e+00
1.134190e+03 7.18696083e+00
1.134350e+03 7.60103968e+00
1.134440e+03 7.94946957e+00
1.134520e+03 8.46762072e+00
1.134600e+03 9.30239467e+00
1.134690e+03 1.07068057e+01
1.134770e+03 1.32757647e+01
1.134850e+03 1.81933252e+01
1.134930e+03 2.52603865e+01
1.135000e+03 2.99768323e+01
1.135070e+03 2.52620115e+01
1.135150e+03 1.81954967e+01
1.135210e+03 1.44914800e+01
1.135260e+03 1.21547425e+01
1.135320e+03 1.06194545e+01
1.135370e+03 9.61638632e+00
1.135490e+03 8.42037521e+00
1.135600e+03 7.78059896e+00
1.135710e+03 7.40282937e+00
1.135830e+03 7.16250293e+00
1.136050e+03 6.88654538e+00
1.136280e+03 6.74041559e+00
1.136500e+03 6.65382537e+00
1.136730e+03 6.59820654e+00
1.136960e+03 6.56041145e+00
1.137410e+03 6.51311345e+00
1.137860e+03 6.48552608e+00
1.138760e+03 6.45530378e+00
1.139670e+03 6.43887140e+00
1.140570e+03 6.42813236e+00
1.142380e+03 6.41359074e+00
1.145990e+03 6.39360762e+00
1.149600e+03 6.37697942e+00
1.156830e+03 6.34603202e+00
1.164060e+03 6.31588644e+00
1.188900e+03 6.21257877e+00
1.192970e+03 6.19485715e+00
1.220390e+03 6.07073599e+00
1.228260e+03 6.03420385e+00
1.236130e+03 5.99753947e+00
1.240070e+03 5.97952958e+00
1.244000e+03 5.96299691e+00
1.245970e+03 5.95684709e+00
1.247940e+03 5.95681026e+00
1.248920e+03 5.96501089e+00
1.249410e+03 5.97531736e+00
1.249900e+03 5.99555367e+00
1.250400e+03 6.03952205e+00
1.250640e+03 6.08234125e+00
1.250780e+03 6.12411373e+00
1.250890e+03 6.15689397e+00
1.251130e+03 6.30290729e+00
1.251260e+03 6.43417734e+00
1.251380e+03 6.64701625e+00
1.251500e+03 7.02333689e+00
1.251630e+03 7.77452479e+00
1.251690e+03 8.46333065e+00
1.251750e+03 9.55454155e+00
1.251810e+03 1.13975352e+01
1.251870e+03 1.45797351e+01
1.251940e+03 1.97987284e+01
1.252000e+03 2.32880802e+01
1.252070e+03 1.98001291e+01
1.252130e+03 1.45810338e+01
1.252180e+03 1.18525399e+01
1.252230e+03 1.01072926e+01
1.252280e+03 8.98506480e+00
1.252330e+03 8.25289580e+00
1.252430e+03 7.37722550e+00
1.252530e+03 6.90792134e+00
1.252630e+03 6.63040978e+00
1.252730e+03 6.45364525e+00
1.252920e+03 6.25032236e+00
1.253120e+03 6.14196781e+00
1.253320e+03 6.07794893e+00
1.253720e+03 6.00837219e+00
1.254110e+03 5.97278282e+00
1.254510e+03 5.95172527e+00
1.255300e+03 5.92793337e+00
1.256890e+03 5.90479922e+00
1.258470e+03 5.89096006e+00
1.261640e+03 5.86982521e+00
1.264810e+03 5.85100452e+00
1.271160e+03 5.81452694e+00
1.277500e+03 5.77787132e+00
1.279690e+03 5.76472679e+00
1.290180e+03 5.69608226e+00
1.302870e+03 5.60697407e+00
1.308600e+03 5.56178296e+00
1.315550e+03 5.50128404e+00
1.321890e+03 5.43870181e+00
1.323050e+03 5.42560618e+00
1.328230e+03 5.36299891e+00
1.330280e+03 5.33294126e+00
1.334570e+03 5.26603038e+00
1.337510e+03 5.21009704e+00
1.337750e+03 5.20513041e+00
1.340920e+03 5.12660548e+00
1.342500e+03 5.08022714e+00
1.344090e+03 5.02716899e+00
1.344730e+03 5.00230811e+00
1.345670e+03 4.96372666e+00
1.347260e+03 4.88965666e+00
1.348050e+03 4.85050273e+00
1.348350e+03 4.83643534e+00
1.348840e+03 4.81216283e+00
1.349640e+03 4.78391901e+00
1.350430e+03 4.79296234e+00
1.350830e+03 4.83329227e+00
1.351220e+03 4.92684398e+00
1.351620e+03 5.12697704e+00
1.351960e+03 5.50501411e+00
1.352010e+03 5.56045989e+00
1.352410e+03 6.57810471e+00
1.352610e+03 7.59854237e+00
1.352810e+03 9.37993529e+00
1.353010e+03 1.27657850e+01
1.353100e+03 1.56567542e+01
1.353200e+03 2.00416159e+01
1.353300e+03 2.70155695e+01
1.353400e+03 3.87419021e+01
1.353450e+03 4.77335395e+01
1.353500e+03 5.96406553e+01
1.353550e+03 7.61757866e+01
1.353600e+03 9.80669615e+01
1.353700e+03 1.62286031e+02
1.353770e+03 1.96601827e+02
1.353800e+03 2.11308510e+02
1.353850e+03 2.03703343e+02
1.353900e+03 1.77941953e+02
1.354000e+03 1.18457268e+02
1.354110e+03 7.49449004e+01
1.354220e+03 5.10784724e+01
1.354330e+03 3.75071022e+01
1.354450e+03 2.92401423e+01
1.354560e+03 2.38730933e+01
1.354670e+03 2.01985053e+01
1.354890e+03 1.56246359e+01
1.355110e+03 1.29780093e+01
1.355330e+03 1.12968374e+01
1.355580e+03 1.02091035e+01
1.355780e+03 9.33811401e+00
1.356220e+03 8.25714711e+00
1.356660e+03 7.58587033e+00
1.357110e+03 7.13263075e+00
1.357380e+03 6.93365593e+00
1.357550e+03 6.80754235e+00
1.358440e+03 6.36870412e+00
1.359190e+03 6.13086746e+00
1.359330e+03 6.08587597e+00
1.360090e+03 5.91058182e+00
1.360210e+03 5.88275931e+00
1.361000e+03 5.74459206e+00
1.361100e+03 5.72731115e+00
1.361900e+03 5.62612009e+00
1.362800e+03 5.52698434e+00
1.362880e+03 5.52113634e+00
1.363250e+03 5.50654758e+00
1.363710e+03 5.51512703e+00
1.364160e+03 5.58132070e+00
1.364610e+03 5.77751043e+00
1.364650e+03 5.82533588e+00
1.365060e+03 6.32306945e+00
1.365290e+03 6.90949467e+00
1.365510e+03 7.97634546e+00
1.365740e+03 1.01208086e+01
1.365850e+03 1.20384325e+01
1.365960e+03 1.50722745e+01
1.366080e+03 2.01678126e+01
1.366190e+03 2.93966429e+01
1.366250e+03 3.69708039e+01
1.366300e+03 4.76495621e+01
1.366360e+03 6.31664996e+01
1.366420e+03 8.56390062e+01
1.366510e+03 1.40321592e+02
1.366600e+03 1.81633976e+02
1.366690e+03 1.52917150e+02
1.366790e+03 1.01691732e+02
1.366840e+03 7.87900827e+01
1.366900e+03 6.22417035e+01
1.367010e+03 4.19213655e+01
1.367120e+03 3.06996746e+01
1.367230e+03 2.40993921e+01
1.367340e+03 1.98503042e+01
1.367460e+03 1.70028515e+01
1.367680e+03 1.34822400e+01
1.367900e+03 1.14666738e+01
1.368120e+03 1.01940163e+01
1.368200e+03 9.93147799e+00
1.368570e+03 8.72067595e+00
1.369020e+03 7.91076479e+00
1.369460e+03 7.40797911e+00
1.369910e+03 7.06772444e+00
1.370350e+03 6.82350276e+00
1.371240e+03 6.49386447e+00
1.371750e+03 6.37269935e+00
1.372140e+03 6.28276889e+00
1.373030e+03 6.13664972e+00
1.373920e+03 6.02654504e+00
1.375300e+03 5.90307507e+00
1.375700e+03 5.86925990e+00
1.377480e+03 5.76347344e+00
1.379270e+03 5.68157686e+00
1.381050e+03 5.61411065e+00
1.382400e+03 5.57220054e+00
1.384610e+03 5.51033059e+00
1.388180e+03 5.42860334e+00
1.389490e+03 5.40313627e+00
1.395310e+03 5.29804056e+00
1.396590e+03 5.27794818e+00
1.409570e+03 5.08470414e+00
1.410790e+03 5.06701368e+00
1.423830e+03 4.87886530e+00
1.438090e+03 4.66105074e+00
1.439180e+03 4.64263234e+00
1.452350e+03 4.40397588e+00
1.466620e+03 4.11205358e+00
1.467580e+03 4.09050074e+00
1.473750e+03 3.93531315e+00
1.475530e+03 3.89012462e+00
1.477310e+03 3.84845856e+00
1.478200e+03 3.83407606e+00
1.478650e+03 3.83246594e+00
1.479090e+03 3.84065681e+00
1.479540e+03 3.87343360e+00
1.479760e+03 3.91241858e+00
1.479990e+03 3.98634942e+00
1.480210e+03 4.14193473e+00
1.480320e+03 4.28778912e+00
1.480430e+03 4.52682723e+00
1.480540e+03 4.96001172e+00
1.480650e+03 5.82400588e+00
1.480710e+03 6.61495541e+00
1.480770e+03 7.85637338e+00
1.480820e+03 9.97364366e+00
1.480880e+03 1.35169896e+01
1.480940e+03 1.96932075e+01
1.481000e+03 2.40792321e+01
1.481060e+03 2.03317166e+01
1.481120e+03 1.43126310e+01
1.481170e+03 1.14127643e+01
1.481210e+03 9.46981035e+00
1.481290e+03 7.17986177e+00
1.481370e+03 6.00995290e+00
1.481460e+03 5.35423245e+00
1.481540e+03 4.94466111e+00
1.481620e+03 4.67804674e+00
1.481790e+03 4.35658118e+00
1.481950e+03 4.17766123e+00
1.482120e+03 4.06657410e+00
1.482450e+03 3.93892747e+00
1.482780e+03 3.86817480e+00
1.483110e+03 3.82297296e+00
1.483770e+03 3.76611446e+00
1.485090e+03 3.70049125e+00
1.486410e+03 3.65549221e+00
1.491690e+03 3.53149644e+00
1.495970e+03 3.49190705e+00
1.496970e+03 3.47911255e+00
1.502260e+03 3.58663654e+00
1.504900e+03 3.79215920e+00
1.507540e+03 4.20967594e+00
1.510170e+03 5.02949389e+00
1.510180e+03 5.03257218e+00
1.512820e+03 6.68593222e+00
1.514150e+03 8.12447567e+00
1.515470e+03 1.03031933e+01
1.516790e+03 1.37274987e+01
1.518110e+03 1.93748657e+01
1.519430e+03 2.93304489e+01
1.520750e+03 4.84483868e+01
1.521410e+03 6.48163218e+01
1.522070e+03 8.93581276e+01
1.522730e+03 1.27092617e+02
1.523390e+03 1.85242635e+02
1.524350e+03 3.13113355e+02
1.524360e+03 3.14180952e+02
1.525300e+03 4.14529591e+02
1.526260e+03 3.52505615e+02
1.527210e+03 2.34666185e+02
1.527880e+03 1.73726130e+02
1.528550e+03 1.31764694e+02
1.529220e+03 1.02950065e+02
1.529890e+03 8.28147393e+01
1.531230e+03 5.75977323e+01
1.532570e+03 4.31655276e+01
1.533900e+03 3.41435520e+01
1.535240e+03 2.81202218e+01
1.537920e+03 2.07616294e+01
1.538560e+03 1.97555235e+01
1.540600e+03 1.65367930e+01
1.543270e+03 1.38414081e+01
1.545660e+03 1.21883148e+01
1.545950e+03 1.19867603e+01
1.548630e+03 1.06285126e+01
1.552760e+03 9.19712250e+00
1.553980e+03 8.77486792e+00
1.556310e+03 8.24468670e+00
1.559340e+03 7.57351325e+00
1.559860e+03 7.49097582e+00
1.563410e+03 6.99397859e+00
1.564690e+03 6.85616453e+00
1.565180e+03 6.82168685e+00
1.566950e+03 6.77224395e+00
1.568730e+03 6.85338898e+00
1.570040e+03 7.09127866e+00
1.570500e+03 7.18940510e+00
1.571390e+03 7.53019393e+00
1.572280e+03 8.03000449e+00
1.573170e+03 8.76247508e+00
1.574050e+03 9.84490450e+00
1.574940e+03 1.14718603e+01
1.575830e+03 1.39774928e+01
1.576710e+03 1.79868813e+01
1.577600e+03 2.47378818e+01
1.578490e+03 3.69538415e+01
1.578930e+03 4.68893956e+01
1.579380e+03 6.12438755e+01
1.579820e+03 8.27937980e+01
1.580260e+03 1.16185297e+02
1.580710e+03 1.69882446e+02
1.580750e+03 1.77763616e+02
1.581150e+03 2.56584587e+02
1.581730e+03 4.31035480e+02
1.582300e+03 5.67877802e+02
1.582880e+03 4.80376227e+02
1.583450e+03 3.18323705e+02
1.583850e+03 2.36213265e+02
1.584240e+03 1.79470608e+02
1.584640e+03 1.40474434e+02
1.585040e+03 1.13133803e+02
1.585830e+03 7.88722324e+01
1.586630e+03 5.92564142e+01
1.587420e+03 4.69913662e+01
1.588210e+03 3.88148645e+01
1.589800e+03 2.88421621e+01
1.591390e+03 2.31495101e+01
1.591460e+03 2.29898455e+01
1.592970e+03 1.95644503e+01
1.596150e+03 1.53677362e+01
1.599320e+03 1.30291791e+01
1.602170e+03 1.17135266e+01
1.602500e+03 1.15636364e+01
1.608850e+03 9.96725555e+00
1.612880e+03 9.67422214e+00
1.615190e+03 9.52095687e+00
1.618370e+03 9.86347531e+00
1.621540e+03 1.09526041e+01
1.624720e+03 1.37002419e+01
1.626310e+03 1.64200593e+01
1.627890e+03 2.09937485e+01
1.629480e+03 2.91578480e+01
1.631070e+03 4.50040504e+01
1.631860e+03 5.86705415e+01
1.632650e+03 7.92884628e+01
1.633450e+03 1.11257639e+02
1.634240e+03 1.60844010e+02
1.634290e+03 1.65613619e+02
1.635370e+03 2.68642296e+02
1.636500e+03 3.54140751e+02
1.637630e+03 3.01666701e+02
1.638760e+03 2.02219452e+02
1.639650e+03 1.45731836e+02
1.640540e+03 1.08614623e+02
1.641430e+03 8.42192686e+01
1.642320e+03 6.77010676e+01
1.644100e+03 4.77078012e+01
1.645880e+03 3.66036664e+01
1.647660e+03 2.97930460e+01
1.649440e+03 2.52918952e+01
1.653000e+03 1.98370476e+01
1.655710e+03 1.74661457e+01
1.656560e+03 1.67247006e+01
1.660120e+03 1.47469197e+01
1.667240e+03 1.23928757e+01
1.674360e+03 1.10392091e+01
1.677130e+03 1.06936163e+01
1.681480e+03 1.01576542e+01
1.695720e+03 9.05506139e+00
1.698540e+03 8.91717553e+00
1.709960e+03 8.37408201e+00
1.724200e+03 7.88527608e+00
1.741380e+03 7.44679799e+00
1.752680e+03 7.16919044e+00
1.781160e+03 6.57975319e+00
1.784210e+03 6.51397281e+00
1.795400e+03 6.27713781e+00
1.809640e+03 5.93598848e+00
1.816760e+03 5.74008431e+00
1.823880e+03 5.52041343e+00
1.827040e+03 5.41060222e+00
1.831000e+03 5.27313648e+00
1.837750e+03 5.01842516e+00
1.838120e+03 5.00444432e+00
1.841680e+03 4.87513438e+00
1.845240e+03 4.77421345e+00
1.848460e+03 4.75822437e+00
1.848800e+03 4.75652158e+00
1.852360e+03 4.96997596e+00
1.853810e+03 5.22218613e+00
1.854140e+03 5.27960963e+00
1.855920e+03 5.87293805e+00
1.857700e+03 7.00669750e+00
1.859170e+03 8.86328577e+00
1.859480e+03 9.25491734e+00
1.860370e+03 1.11829289e+01
1.861260e+03 1.40739308e+01
1.861840e+03 1.70028152e+01
1.862150e+03 1.85686200e+01
1.863040e+03 2.58906940e+01
1.863930e+03 3.85621396e+01
1.864520e+03 5.42783174e+01
1.864820e+03 6.22705852e+01
1.865270e+03 8.20341734e+01
1.865710e+03 1.11001235e+02
1.865860e+03 1.25417884e+02
1.866160e+03 1.54253963e+02
1.866600e+03 2.18767564e+02
1.867200e+03 3.49497561e+02
1.867300e+03 3.71288342e+02
1.867870e+03 4.71382510e+02
1.868000e+03 4.94215883e+02
1.868200e+03 4.73962693e+02
1.868540e+03 4.39550529e+02
1.868710e+03 4.22368134e+02
1.868870e+03 3.90405312e+02
1.869040e+03 3.56481133e+02
1.869210e+03 3.22612427e+02
1.869370e+03 2.90864678e+02
1.869410e+03 2.82961786e+02
1.869460e+03 2.75944317e+02
1.869540e+03 2.64857475e+02
1.869630e+03 2.52569245e+02
1.869710e+03 2.42146106e+02
1.869750e+03 2.37257941e+02
1.869790e+03 2.32739456e+02
1.869830e+03 2.28792343e+02
1.869880e+03 2.24181168e+02
1.869940e+03 2.21162622e+02
1.869980e+03 2.17870416e+02
1.870000e+03 2.17223709e+02
1.870060e+03 2.07931013e+02
1.870130e+03 1.95976275e+02
1.870180e+03 1.87961409e+02
1.870240e+03 1.80442591e+02
1.870300e+03 1.73720934e+02
1.870360e+03 1.67434140e+02
1.870480e+03 1.55501944e+02
1.870550e+03 1.48772482e+02
1.870600e+03 1.45583895e+02
1.870710e+03 1.38704585e+02
1.870830e+03 1.31306892e+02
1.871070e+03 1.16635527e+02
1.871120e+03 1.13593910e+02
1.871300e+03 1.06218489e+02
1.871540e+03 9.64221406e+01
1.871690e+03 9.03128243e+01
1.872010e+03 8.24451586e+01
1.872480e+03 7.09147803e+01
1.872830e+03 6.23362006e+01
1.872950e+03 6.07116548e+01
1.873890e+03 4.79992626e+01
1.873970e+03 4.69181018e+01
1.875110e+03 3.74935083e+01
1.875780e+03 3.38467284e+01
1.876250e+03 3.12901152e+01
1.877660e+03 2.66632542e+01
1.878530e+03 2.38093193e+01
1.880800e+03 1.95718304e+01
1.881430e+03 1.88327949e+01
1.883080e+03 1.68974744e+01
1.885190e+03 1.52126697e+01
1.885360e+03 1.50768505e+01
1.887640e+03 1.37660136e+01
1.892200e+03 1.20156652e+01
1.892730e+03 1.18868595e+01
1.896760e+03 1.09023292e+01
1.900260e+03 1.03167630e+01
1.901310e+03 1.01384838e+01
1.902450e+03 9.98916059e+00
1.903590e+03 9.87037229e+00
1.904160e+03 9.83976988e+00
1.904450e+03 9.84375114e+00
1.904730e+03 9.87660863e+00
1.905020e+03 9.97495946e+00
1.905160e+03 1.00787852e+01
1.905300e+03 1.02590684e+01
1.905440e+03 1.06012825e+01
1.905520e+03 1.08891851e+01
1.905590e+03 1.13238356e+01
1.905660e+03 1.20146064e+01
1.905730e+03 1.31830555e+01
1.905800e+03 1.53009104e+01
1.905870e+03 1.92971403e+01
1.905940e+03 2.51573793e+01
1.906000e+03 2.90686409e+01
1.906070e+03 2.51444998e+01
1.906130e+03 1.92704194e+01
1.906170e+03 1.65488119e+01
1.906220e+03 1.46903911e+01
1.906300e+03 1.25438595e+01
1.906390e+03 1.14544831e+01
1.906470e+03 1.08470770e+01
1.906560e+03 1.04690788e+01
1.906650e+03 1.02207335e+01
1.906820e+03 9.92428705e+00
1.906990e+03 9.75557011e+00
1.907160e+03 9.64834365e+00
1.907500e+03 9.51623870e+00
1.907800e+03 9.44284719e+00
1.907840e+03 9.43292097e+00
1.908190e+03 9.36994705e+00
1.908870e+03 9.27284997e+00
1.910240e+03 9.12103248e+00
1.911560e+03 8.99566284e+00
1.911610e+03 8.99070606e+00
1.915330e+03 8.68239669e+00
1.917100e+03 8.52723816e+00
1.917220e+03 8.51915661e+00
1.919100e+03 8.38353646e+00
1.920980e+03 8.23602450e+00
1.922870e+03 8.07277749e+00
1.923810e+03 7.98524680e+00
1.924750e+03 7.89533456e+00
1.925690e+03 7.80906446e+00
1.926630e+03 7.74638649e+00
1.927100e+03 7.74136226e+00
1.927570e+03 7.77802118e+00
1.928050e+03 7.90032658e+00
1.928070e+03 7.91367980e+00
1.928520e+03 8.22085547e+00
1.928990e+03 9.01653383e+00
1.929220e+03 9.82756025e+00
1.929460e+03 1.12270737e+01
1.929690e+03 1.38379434e+01
1.929810e+03 1.60031726e+01
1.929930e+03 1.91521785e+01
1.930050e+03 2.39735767e+01
1.930160e+03 3.15033582e+01
1.930280e+03 4.38814181e+01
1.930400e+03 6.40881634e+01
1.930550e+03 1.05329375e+02
1.930700e+03 1.38882999e+02
1.930850e+03 1.20126243e+02
1.931000e+03 8.29158470e+01
1.931140e+03 5.91569494e+01
1.931270e+03 4.43729098e+01
1.931410e+03 3.50915770e+01
1.931540e+03 2.90173971e+01
1.931810e+03 2.18972288e+01
1.932080e+03 1.80617678e+01
1.932350e+03 1.57349424e+01
1.932620e+03 1.42159300e+01
1.933160e+03 1.23831623e+01
1.933700e+03 1.13416523e+01
1.934240e+03 1.06789568e+01
1.934780e+03 1.02226625e+01
1.935310e+03 9.89006904e+00
1.936390e+03 9.43528103e+00
1.937470e+03 9.13586039e+00
1.938550e+03 8.92008529e+00
1.939030e+03 8.84632974e+00
1.939630e+03 8.75922231e+00
1.941780e+03 8.53121858e+00
1.943940e+03 8.36636516e+00
1.946100e+03 8.23596247e+00
1.948250e+03 8.12654568e+00
1.950000e+03 8.05223959e+00
1.952560e+03 7.96144800e+00
1.956880e+03 7.83559416e+00
1.965500e+03 7.62342858e+00
1.971940e+03 7.48390492e+00
1.974130e+03 7.44589656e+00
1.982750e+03 7.30857098e+00
1.982910e+03 7.30619006e+00
1.985650e+03 7.27006692e+00
1.988390e+03 7.23852401e+00
1.989760e+03 7.22783769e+00
1.991130e+03 7.23038715e+00
1.991820e+03 7.24883689e+00
1.992160e+03 7.27081453e+00
1.992500e+03 7.31259775e+00
1.992850e+03 7.40089684e+00
1.993020e+03 7.48427373e+00
1.993190e+03 7.62539636e+00
1.993360e+03 7.89196440e+00
1.993450e+03 8.12163374e+00
1.993530e+03 8.47250657e+00
1.993620e+03 9.05871253e+00
1.993700e+03 1.00983870e+01
1.993740e+03 1.09530558e+01
1.993790e+03 1.21895590e+01
1.993830e+03 1.40146715e+01
1.993870e+03 1.66250349e+01
1.993940e+03 2.22761667e+01
1.994000e+03 2.60323655e+01
1.994060e+03 2.22780096e+01
1.994130e+03 1.66261326e+01
1.994170e+03 1.38127709e+01
1.994220e+03 1.19528706e+01
1.994270e+03 1.07228420e+01
1.994310e+03 9.88871644e+00
1.994400e+03 8.88486744e+00
1.994500e+03 8.34156424e+00
1.994590e+03 8.01206690e+00
1.994680e+03 7.80050746e+00
1.994860e+03 7.55602355e+00
1.995050e+03 7.42403607e+00
1.995230e+03 7.34526390e+00
1.995600e+03 7.25814642e+00
1.995960e+03 7.21257728e+00
1.996330e+03 7.18472628e+00
1.997060e+03 7.15161457e+00
1.998530e+03 7.11577404e+00
2.000000e+03 7.09163654e+00
2.002610e+03 7.05841279e+00
2.005220e+03 7.02857914e+00
2.010430e+03 6.97287309e+00
2.020860e+03 6.86964155e+00
2.024810e+03 6.83444450e+00
2.041720e+03 6.68982059e+00
2.049620e+03 6.63155223e+00
2.083430e+03 6.38703900e+00
2.099230e+03 6.28542777e+00
2.125150e+03 6.11639959e+00
2.146010e+03 5.98614180e+00
2.148850e+03 5.96910581e+00
2.156440e+03 5.92084954e+00
2.159040e+03 5.90621559e+00
2.161650e+03 5.89616225e+00
2.162960e+03 5.89732990e+00
2.164260e+03 5.91560391e+00
2.164910e+03 5.94708306e+00
2.165240e+03 5.97929542e+00
2.165560e+03 6.03722761e+00
2.165890e+03 6.15443869e+00
2.166050e+03 6.26292767e+00
2.166210e+03 6.44383477e+00
2.166380e+03 6.77696576e+00
2.166460e+03 7.06061845e+00
2.166540e+03 7.48697353e+00
2.166620e+03 8.18467416e+00
2.166700e+03 9.38389190e+00
2.166780e+03 1.16479108e+01
2.166830e+03 1.35512927e+01
2.166870e+03 1.61723276e+01
2.166930e+03 2.24181281e+01
2.167000e+03 2.65024212e+01
2.167070e+03 2.23237879e+01
2.167140e+03 1.61762568e+01
2.167210e+03 1.20962006e+01
2.167270e+03 9.88240117e+00
2.167340e+03 8.61762331e+00
2.167410e+03 7.84917523e+00
2.167480e+03 7.34837005e+00
2.167550e+03 7.01504379e+00
2.167690e+03 6.60790154e+00
2.167830e+03 6.37805386e+00
2.167970e+03 6.23785124e+00
2.168240e+03 6.08140636e+00
2.168520e+03 6.00015095e+00
2.168800e+03 5.95242379e+00
2.169350e+03 5.90063154e+00
2.170460e+03 5.85666853e+00
2.171560e+03 5.83590082e+00
2.173780e+03 5.81129258e+00
2.175990e+03 5.79305540e+00
2.180420e+03 5.76102342e+00
2.184850e+03 5.73057227e+00
2.198470e+03 5.63804833e+00
2.202560e+03 5.60714423e+00
2.237970e+03 5.33127059e+00
2.248080e+03 5.24644159e+00
2.272890e+03 5.01262583e+00
2.273390e+03 5.00734571e+00
2.297700e+03 4.72816343e+00
2.308810e+03 4.58771646e+00
2.310100e+03 4.57031371e+00
2.322510e+03 4.39163178e+00
2.326520e+03 4.33055565e+00
2.334910e+03 4.19876710e+00
2.344230e+03 4.05270910e+00
2.347310e+03 4.00465216e+00
2.353520e+03 3.92025214e+00
2.359720e+03 3.86340018e+00
2.361940e+03 3.86659053e+00
2.365920e+03 3.88055151e+00
2.372120e+03 4.06397407e+00
2.378320e+03 4.68323268e+00
2.379650e+03 4.98611443e+00
2.381430e+03 5.40841670e+00
2.384530e+03 6.74897813e+00
2.387630e+03 9.36382567e+00
2.389180e+03 1.16158920e+01
2.390730e+03 1.50246668e+01
2.392280e+03 2.03989204e+01
2.393830e+03 2.92487645e+01
2.395380e+03 4.45004368e+01
2.396930e+03 7.12668153e+01
2.397360e+03 8.34175350e+01
2.398720e+03 1.21878271e+02
2.400500e+03 1.64521518e+02
2.402290e+03 1.43254856e+02
2.404070e+03 9.81021945e+01
2.405570e+03 7.05575909e+01
2.406220e+03 6.27907273e+01
2.407060e+03 5.27878841e+01
2.408560e+03 4.13249000e+01
2.410050e+03 3.36757141e+01
2.413050e+03 2.45640263e+01
2.415070e+03 2.12224722e+01
2.416040e+03 1.97167271e+01
2.419030e+03 1.70663563e+01
2.422020e+03 1.54851309e+01
2.423930e+03 1.49991308e+01
2.428000e+03 1.46843735e+01
2.428350e+03 1.47208667e+01
2.432780e+03 1.63003684e+01
2.433980e+03 1.73375323e+01
2.437210e+03 2.04146129e+01
2.439420e+03 2.41066575e+01
2.439970e+03 2.54760004e+01
2.441640e+03 2.97142283e+01
2.443850e+03 3.83000990e+01
2.445950e+03 5.10832603e+01
2.446060e+03 5.17560612e+01
2.448280e+03 7.34712074e+01
2.450490e+03 1.08503566e+02
2.451930e+03 1.44376201e+02
2.453500e+03 1.83526784e+02
2.456500e+03 2.46278983e+02
2.459510e+03 2.13997516e+02
2.462510e+03 1.46495078e+02
2.463900e+03 1.22974333e+02
2.464570e+03 1.11649419e+02
2.466620e+03 8.71588210e+01
2.468680e+03 7.00701941e+01
2.470730e+03 5.79268014e+01
2.474850e+03 4.24421738e+01
2.475860e+03 4.02110495e+01
2.478960e+03 3.33942968e+01
2.483070e+03 2.76393405e+01
2.487180e+03 2.37232081e+01
2.487830e+03 2.33355016e+01
2.495410e+03 1.88597027e+01
2.499790e+03 1.73294161e+01
2.503630e+03 1.60076342e+01
2.511850e+03 1.41615619e+01
2.520080e+03 1.28622954e+01
2.523720e+03 1.24336634e+01
2.528300e+03 1.19117799e+01
2.544750e+03 1.06111591e+01
2.547650e+03 1.04568196e+01
2.561200e+03 9.77113884e+00
2.577650e+03 9.16904101e+00
2.594090e+03 8.70467923e+00
2.595510e+03 8.67478748e+00
2.626990e+03 8.05688328e+00
2.643370e+03 7.82247190e+00
2.659890e+03 7.58956964e+00
2.667300e+03 7.51282362e+00
2.691230e+03 7.25764635e+00
2.715160e+03 6.98062024e+00
2.725680e+03 6.84349870e+00
2.727130e+03 6.82796126e+00
2.739090e+03 6.67720615e+00
2.745080e+03 6.58814942e+00
2.751060e+03 6.48520250e+00
2.757040e+03 6.36212608e+00
2.763020e+03 6.20926629e+00
2.766020e+03 6.11736010e+00
2.769010e+03 6.01290408e+00
2.772000e+03 5.89596186e+00
2.774990e+03 5.77528975e+00
2.776480e+03 5.72462161e+00
2.777980e+03 5.69844697e+00
2.779480e+03 5.73390946e+00
2.780970e+03 5.92598015e+00
2.782470e+03 6.55425372e+00
2.783220e+03 7.27860592e+00
2.783960e+03 8.63892855e+00
2.784710e+03 1.13947130e+01
2.785080e+03 1.38423313e+01
2.785460e+03 1.76546507e+01
2.785830e+03 2.38787648e+01
2.786210e+03 3.46283030e+01
2.786580e+03 5.43448090e+01
2.786950e+03 9.16461874e+01
2.787330e+03 1.54900060e+02
2.787700e+03 2.07091127e+02
2.788070e+03 1.79110843e+02
2.788450e+03 1.22124643e+02
2.788770e+03 8.71172049e+01
2.789080e+03 6.47308417e+01
2.789400e+03 5.03591360e+01
2.789720e+03 4.08198675e+01
2.790350e+03 2.94270869e+01
2.790990e+03 2.31778569e+01
2.791470e+03 2.02725154e+01
2.791620e+03 1.93647509e+01
2.792260e+03 1.68588883e+01
2.793530e+03 1.38322628e+01
2.794800e+03 1.21113024e+01
2.796070e+03 1.10215132e+01
2.797340e+03 1.02759123e+01
2.798610e+03 9.73747043e+00
2.801150e+03 9.01478784e+00
2.803690e+03 8.55359732e+00
2.806230e+03 8.23346491e+00
2.808770e+03 7.99745275e+00
2.813860e+03 7.66899392e+00
2.818940e+03 7.44654594e+00
2.824020e+03 7.28074060e+00
2.829100e+03 7.14775043e+00
2.839260e+03 6.93096091e+00
2.844350e+03 6.83091967e+00
2.849430e+03 6.72568635e+00
2.854510e+03 6.60142854e+00
2.857050e+03 6.52375172e+00
2.857260e+03 6.51570165e+00
2.859590e+03 6.42749863e+00
2.860860e+03 6.36783766e+00
2.862130e+03 6.29697901e+00
2.863400e+03 6.21098534e+00
2.864670e+03 6.10582755e+00
2.865310e+03 6.04568261e+00
2.865940e+03 5.98314520e+00
2.866580e+03 5.92619162e+00
2.867210e+03 5.90098116e+00
2.867850e+03 5.99752801e+00
2.868170e+03 6.18057057e+00
2.868480e+03 6.59624837e+00
2.868800e+03 7.57587833e+00
2.868960e+03 8.53604591e+00
2.869120e+03 1.01352913e+01
2.869280e+03 1.29941665e+01
2.869360e+03 1.52858896e+01
2.869440e+03 1.84870706e+01
2.869520e+03 2.31889886e+01
2.869590e+03 3.00906203e+01
2.869670e+03 4.05258564e+01
2.869750e+03 5.63116469e+01
2.869880e+03 9.44129172e+01
2.870000e+03 1.26769768e+02
2.870120e+03 1.10983757e+02
2.870250e+03 7.70025772e+01
2.870370e+03 5.41836065e+01
2.870480e+03 4.02178964e+01
2.870600e+03 3.15704789e+01
2.870720e+03 2.59627520e+01
2.870950e+03 1.94365920e+01
2.871180e+03 1.59263470e+01
2.871420e+03 1.38078251e+01
2.871650e+03 1.24192361e+01
2.872120e+03 1.07452822e+01
2.872590e+03 9.79297462e+00
2.873060e+03 9.18748809e+00
2.873520e+03 8.77207603e+00
2.873990e+03 8.47072611e+00
2.874930e+03 8.06457415e+00
2.875860e+03 7.80415271e+00
2.876800e+03 7.62288791e+00
2.877740e+03 7.48913847e+00
2.879610e+03 7.30382614e+00
2.881480e+03 7.17997143e+00
2.883350e+03 7.08995312e+00
2.885220e+03 7.02052706e+00
2.888970e+03 6.91787187e+00
2.892710e+03 6.84293072e+00
2.900200e+03 6.73410819e+00
2.907690e+03 6.65283109e+00
2.915180e+03 6.58567974e+00
2.923050e+03 6.52676261e+00
2.930150e+03 6.47473120e+00
2.939500e+03 6.41875751e+00
2.955950e+03 6.32133764e+00
2.960100e+03 6.29722876e+00
2.964170e+03 6.27658139e+00
2.972400e+03 6.23723597e+00
2.976510e+03 6.22074650e+00
2.980620e+03 6.21311696e+00
2.982680e+03 6.22117600e+00
2.983700e+03 6.23430993e+00
2.984730e+03 6.26215123e+00
2.985760e+03 6.32602728e+00
2.986270e+03 6.39043317e+00
2.986790e+03 6.50625438e+00
2.987050e+03 6.60166036e+00
2.987300e+03 6.74359700e+00
2.987560e+03 6.96735159e+00
2.987820e+03 7.34924431e+00
2.988070e+03 8.07955412e+00
2.988200e+03 8.72547897e+00
2.988330e+03 9.74338219e+00
2.988460e+03 1.15067448e+01
2.988590e+03 1.48486637e+01
2.988650e+03 1.77395877e+01
2.988720e+03 2.21732185e+01
2.988780e+03 2.92225342e+01
2.988840e+03 4.05278568e+01
2.988920e+03 6.12607085e+01
2.989000e+03 7.48160638e+01
2.989080e+03 6.08949704e+01
2.989160e+03 4.04207827e+01
2.989240e+03 2.61968652e+01
2.989330e+03 1.87101879e+01
2.989420e+03 1.45944874e+01
2.989500e+03 1.21835351e+01
2.989590e+03 1.06396756e+01
2.989680e+03 9.62037868e+00
2.989850e+03 8.38498502e+00
2.990020e+03 7.70195383e+00
2.990050e+03 7.63269923e+00
2.990200e+03 7.28646937e+00
2.990540e+03 6.82912136e+00
2.990890e+03 6.59589986e+00
2.991240e+03 6.46162215e+00
2.991930e+03 6.31976054e+00
2.992620e+03 6.24933729e+00
2.993310e+03 6.20863745e+00
2.994700e+03 6.16389945e+00
2.996080e+03 6.13922969e+00
2.997470e+03 6.12261021e+00
3.000240e+03 6.09916104e+00
3.005780e+03 6.06477717e+00
3.011320e+03 6.03491342e+00
3.020010e+03 5.99046038e+00
3.022390e+03 5.97848552e+00
3.033470e+03 5.92400417e+00
3.044550e+03 5.87060476e+00
3.049960e+03 5.84638349e+00
3.055630e+03 5.82088910e+00
3.061170e+03 5.80156628e+00
3.063940e+03 5.79637090e+00
3.064930e+03 5.79718650e+00
3.066710e+03 5.79858583e+00
3.069480e+03 5.81957724e+00
3.070860e+03 5.84752726e+00
3.072250e+03 5.90392849e+00
3.072940e+03 5.95358361e+00
3.073630e+03 6.03049170e+00
3.074330e+03 6.15732157e+00
3.075020e+03 6.38478818e+00
3.075370e+03 6.57272886e+00
3.075710e+03 6.85172505e+00
3.076060e+03 7.29175868e+00
3.076400e+03 8.04320376e+00
3.076750e+03 9.48057938e+00
3.076920e+03 1.07455998e+01
3.077100e+03 1.27538336e+01
3.077270e+03 1.62005340e+01
3.077440e+03 2.27712275e+01
3.077530e+03 2.84935519e+01
3.077610e+03 3.71640755e+01
3.077700e+03 5.11040652e+01
3.077790e+03 7.31796726e+01
3.077890e+03 1.13960928e+02
3.078000e+03 1.40868634e+02
3.078110e+03 1.13672528e+02
3.078210e+03 7.33296216e+01
3.078290e+03 5.39682986e+01
3.078360e+03 4.09348070e+01
3.078430e+03 3.21720490e+01
3.078510e+03 2.61496529e+01
3.078650e+03 1.87996398e+01
3.078800e+03 1.47340862e+01
3.078940e+03 1.22804108e+01
3.079090e+03 1.06956947e+01
3.079380e+03 8.85425051e+00
3.079670e+03 7.86285369e+00
3.079910e+03 7.37359652e+00
3.079960e+03 7.27166738e+00
3.080260e+03 6.89117094e+00
3.080550e+03 6.63266170e+00
3.081130e+03 6.31134886e+00
3.081710e+03 6.12720849e+00
3.082300e+03 6.01118448e+00
3.082880e+03 5.93296042e+00
3.084050e+03 5.83602719e+00
3.085210e+03 5.77929824e+00
3.087400e+03 5.71945415e+00
3.087550e+03 5.71536935e+00
3.089880e+03 5.67872832e+00
3.092210e+03 5.65301493e+00
3.094880e+03 5.63118492e+00
3.096880e+03 5.61557919e+00
3.098630e+03 5.60508313e+00
3.102370e+03 5.58693453e+00
3.104240e+03 5.58382208e+00
3.106120e+03 5.59743765e+00
3.106210e+03 5.60025939e+00
3.107050e+03 5.62712166e+00
3.107520e+03 5.65874029e+00
3.107990e+03 5.71700678e+00
3.108460e+03 5.83839438e+00
3.108690e+03 5.95382819e+00
3.108920e+03 6.15176664e+00
3.109160e+03 6.53180367e+00
3.109270e+03 6.86729875e+00
3.109390e+03 7.40121623e+00
3.109510e+03 8.32061010e+00
3.109630e+03 1.00817651e+01
3.109680e+03 1.16281564e+01
3.109740e+03 1.39684420e+01
3.109800e+03 1.76912646e+01
3.109860e+03 2.36631185e+01
3.109930e+03 3.45095788e+01
3.110000e+03 4.17280612e+01
3.110070e+03 3.45200007e+01
3.110140e+03 2.36757445e+01
3.110190e+03 1.89017670e+01
3.110230e+03 1.55558398e+01
3.110320e+03 1.15713792e+01
3.110410e+03 9.49012600e+00
3.110490e+03 8.31194434e+00
3.110580e+03 7.57517123e+00
3.110670e+03 7.09675068e+00
3.110840e+03 6.52630390e+00
3.111020e+03 6.21551374e+00
3.111190e+03 6.02810197e+00
3.111540e+03 5.82292274e+00
3.111890e+03 5.71836708e+00
3.112240e+03 5.65779635e+00
3.112940e+03 5.59261138e+00
3.113650e+03 5.55880106e+00
3.114350e+03 5.53805977e+00
3.115550e+03 5.51627286e+00
3.115750e+03 5.51266715e+00
3.118550e+03 5.48328609e+00
3.121350e+03 5.46168397e+00
3.126950e+03 5.42376543e+00
3.132560e+03 5.38741549e+00
3.134210e+03 5.37670645e+00
3.143770e+03 5.31389201e+00
3.152880e+03 5.25253041e+00
3.154970e+03 5.23784956e+00
3.166180e+03 5.15665305e+00
3.177390e+03 5.07321461e+00
3.182990e+03 5.03178204e+00
3.188600e+03 4.99443955e+00
3.190210e+03 4.98761990e+00
3.191400e+03 4.98194735e+00
3.192800e+03 4.98076690e+00
3.194200e+03 4.98869378e+00
3.195600e+03 5.01916364e+00
3.196300e+03 5.05493098e+00
3.197000e+03 5.12334993e+00
3.197700e+03 5.26988538e+00
3.198050e+03 5.41098547e+00
3.198400e+03 5.65515850e+00
3.198750e+03 6.12887410e+00
3.198930e+03 6.55088853e+00
3.199100e+03 7.22871856e+00
3.199280e+03 8.41104261e+00
3.199450e+03 1.07217160e+01
3.199540e+03 1.27867678e+01
3.199630e+03 1.59986347e+01
3.199720e+03 2.13417318e+01
3.199800e+03 3.01556764e+01
3.199900e+03 4.52947685e+01
3.200000e+03 5.53786266e+01
3.200100e+03 4.53078497e+01
3.200200e+03 3.01720652e+01
3.200310e+03 1.94791285e+01
3.200420e+03 1.39438683e+01
3.200540e+03 1.09383950e+01
3.200650e+03 9.18868614e+00
3.200760e+03 8.07804713e+00
3.200870e+03 7.34578373e+00
3.201100e+03 6.46284224e+00
3.201330e+03 5.97417732e+00
3.201550e+03 5.67859783e+00
3.202000e+03 5.35216997e+00
3.202450e+03 5.18433675e+00
3.202900e+03 5.08627064e+00
3.203800e+03 4.97950049e+00
3.204700e+03 4.92329346e+00
3.205600e+03 4.88801377e+00
3.207410e+03 4.84333615e+00
3.211010e+03 4.78778971e+00
3.214610e+03 4.74420290e+00
3.221820e+03 4.66330411e+00
3.227540e+03 4.59847488e+00
3.229030e+03 4.58053911e+00
3.243440e+03 4.39458807e+00
3.257860e+03 4.18714001e+00
3.264870e+03 4.07956394e+00
3.265070e+03 4.07632014e+00
3.272280e+03 3.96000371e+00
3.279480e+03 3.85842337e+00
3.286690e+03 3.81256419e+00
3.293900e+03 3.95487158e+00
3.297500e+03 4.22003403e+00
3.301110e+03 4.80386177e+00
3.302200e+03 5.19986828e+00
3.304710e+03 6.10954385e+00
3.306510e+03 7.33205924e+00
3.308310e+03 9.29646211e+00
3.310120e+03 1.25929497e+01
3.311920e+03 1.84311052e+01
3.313720e+03 2.93996909e+01
3.315520e+03 5.07315002e+01
3.317310e+03 8.75762201e+01
3.319100e+03 1.19809026e+02
3.320890e+03 1.05963779e+02
3.322680e+03 7.37251293e+01
3.324120e+03 5.43033909e+01
3.325570e+03 4.14020508e+01
3.327010e+03 3.28541934e+01
3.328460e+03 2.70211573e+01
3.331340e+03 1.98802118e+01
3.334230e+03 1.58483402e+01
3.337120e+03 1.33348380e+01
3.339530e+03 1.19274830e+01
3.340010e+03 1.16470542e+01
3.345780e+03 9.55553640e+00
3.351560e+03 8.32469696e+00
3.357340e+03 7.51535639e+00
3.358200e+03 7.42944883e+00
3.363110e+03 6.94175892e+00
3.367530e+03 6.61040081e+00
3.368890e+03 6.51009263e+00
3.369860e+03 6.45818790e+00
3.372200e+03 6.33841963e+00
3.373360e+03 6.28587539e+00
3.374530e+03 6.25124864e+00
3.375110e+03 6.25797581e+00
3.375700e+03 6.32555562e+00
3.375990e+03 6.43401804e+00
3.376280e+03 6.71386040e+00
3.376430e+03 7.03663577e+00
3.376570e+03 7.70916827e+00
3.376640e+03 8.34302623e+00
3.376720e+03 9.40176890e+00
3.376790e+03 1.12902010e+01
3.376860e+03 1.47109424e+01
3.376930e+03 1.98745753e+01
3.377000e+03 2.33104037e+01
3.377070e+03 1.98739042e+01
3.377140e+03 1.47045511e+01
3.377200e+03 1.18308435e+01
3.377250e+03 1.00477241e+01
3.377310e+03 8.93002366e+00
3.377370e+03 8.21321950e+00
3.377480e+03 7.37351499e+00
3.377590e+03 6.93023476e+00
3.377820e+03 6.50113154e+00
3.378040e+03 6.30705731e+00
3.378500e+03 6.13051165e+00
3.378950e+03 6.04650296e+00
3.379860e+03 5.95159424e+00
3.380440e+03 5.90952440e+00
3.380760e+03 5.88993380e+00
3.382570e+03 5.80128359e+00
3.384380e+03 5.72137909e+00
3.386220e+03 5.64550037e+00
3.391630e+03 5.43987006e+00
3.391990e+03 5.42775605e+00
3.397770e+03 5.23287689e+00
3.400660e+03 5.12557201e+00
3.403540e+03 5.00224288e+00
3.404990e+03 4.93067676e+00
3.406120e+03 4.86691062e+00
3.406430e+03 4.85265888e+00
3.407880e+03 4.77395562e+00
3.409320e+03 4.68070724e+00
3.410040e+03 4.63015568e+00
3.410760e+03 4.58159075e+00
3.411490e+03 4.54692468e+00
3.412210e+03 4.56021229e+00
3.412930e+03 4.73250542e+00
3.413290e+03 4.98323641e+00
3.413650e+03 5.50867567e+00
3.414010e+03 6.67325658e+00
3.414190e+03 7.77798663e+00
3.414370e+03 9.57420461e+00
3.414550e+03 1.26944780e+01
3.414730e+03 1.84411608e+01
3.414820e+03 2.31608037e+01
3.414910e+03 2.99734602e+01
3.415000e+03 3.99535814e+01
3.415090e+03 5.45392738e+01
3.415250e+03 9.19767908e+01
3.415400e+03 1.23538112e+02
3.415550e+03 1.07813850e+02
3.415710e+03 7.43349594e+01
3.415800e+03 5.88183082e+01
3.415890e+03 4.73993633e+01
3.416070e+03 3.29976740e+01
3.416260e+03 2.49497676e+01
3.416440e+03 2.00857768e+01
3.416630e+03 1.69331374e+01
3.416810e+03 1.47701940e+01
3.417180e+03 1.20600775e+01
3.417550e+03 1.04724819e+01
3.417910e+03 9.45013147e+00
3.418650e+03 8.23666926e+00
3.419390e+03 7.55257389e+00
3.420120e+03 7.11989337e+00
3.420610e+03 6.92400823e+00
3.420860e+03 6.83025601e+00
3.421590e+03 6.63449539e+00
3.423060e+03 6.38342663e+00
3.424540e+03 6.23734637e+00
3.426010e+03 6.14791999e+00
3.427480e+03 6.09293637e+00
3.430420e+03 6.04301058e+00
3.433360e+03 6.03881299e+00
3.435100e+03 6.05638839e+00
3.439250e+03 6.26129013e+00
3.442350e+03 6.43823502e+00
3.445130e+03 6.73779050e+00
3.449600e+03 7.23767075e+00
3.451020e+03 7.52421552e+00
3.456840e+03 8.71782413e+00
3.462790e+03 1.09407422e+01
3.464090e+03 1.14296828e+01
3.471330e+03 1.66592943e+01
3.474560e+03 2.05779210e+01
3.474960e+03 2.10638012e+01
3.478580e+03 2.75877036e+01
3.482200e+03 3.75515868e+01
3.485830e+03 5.33039908e+01
3.486330e+03 5.68531967e+01
3.489450e+03 7.90028807e+01
3.492220e+03 1.11353865e+02
3.493070e+03 1.21281549e+02
3.497840e+03 2.10288718e+02
3.498100e+03 2.14449918e+02
3.501040e+03 2.61505628e+02
3.502600e+03 2.86476267e+02
3.503990e+03 2.76094023e+02
3.505460e+03 2.65119579e+02
3.506930e+03 2.54159636e+02
3.507370e+03 2.50890617e+02
3.507660e+03 2.46109061e+02
3.508030e+03 2.40022442e+02
3.508400e+03 2.33957966e+02
3.508770e+03 2.27945745e+02
3.508950e+03 2.25066857e+02
3.509140e+03 2.22088836e+02
3.509320e+03 2.19418830e+02
3.509410e+03 2.18194974e+02
3.509500e+03 2.17118296e+02
3.509600e+03 2.16151977e+02
3.509690e+03 2.15920491e+02
3.509730e+03 2.16300696e+02
3.509780e+03 2.17005959e+02
3.509830e+03 2.18487481e+02
3.509870e+03 2.21211779e+02
3.509940e+03 2.27100566e+02
3.510000e+03 2.30817136e+02
3.510070e+03 2.24958846e+02
3.510130e+03 2.16923072e+02
3.510200e+03 2.11056325e+02
3.510270e+03 2.07381923e+02
3.510340e+03 2.04786679e+02
3.510400e+03 2.02943460e+02
3.510470e+03 2.01234138e+02
3.510540e+03 1.99710991e+02
3.510680e+03 1.96951553e+02
3.510810e+03 1.94552473e+02
3.510950e+03 1.92086445e+02
3.511220e+03 1.87454693e+02
3.511500e+03 1.82740108e+02
3.511770e+03 1.78227506e+02
3.512130e+03 1.72242814e+02
3.512320e+03 1.69866846e+02
3.513410e+03 1.56300022e+02
3.514500e+03 1.42758341e+02
3.515670e+03 1.28232750e+02
3.516690e+03 1.19594538e+02
3.518870e+03 1.01139465e+02
3.519220e+03 9.81769328e+01
3.522760e+03 7.77463178e+01
3.523240e+03 7.58189624e+01
3.526300e+03 6.35338011e+01
3.527610e+03 6.02575678e+01
3.533390e+03 4.58041453e+01
3.536360e+03 4.15412014e+01
3.540470e+03 3.56431443e+01
3.545100e+03 3.14779390e+01
3.547560e+03 2.92660287e+01
3.554640e+03 2.49792290e+01
3.568810e+03 1.96875607e+01
3.580070e+03 1.72445586e+01
3.582990e+03 1.66128274e+01
3.597160e+03 1.46362569e+01
3.611330e+03 1.32661161e+01
3.625500e+03 1.22633553e+01
3.650000e+03 1.10800264e+01
3.653840e+03 1.08957426e+01
3.682180e+03 1.00097616e+01
3.710520e+03 9.38188431e+00
3.719940e+03 9.21528620e+00
3.724700e+03 9.13091108e+00
3.731780e+03 9.02127020e+00
3.733550e+03 8.99865360e+00
3.735320e+03 8.98529362e+00
3.736210e+03 8.99053671e+00
3.737090e+03 9.02759366e+00
3.737420e+03 9.07076812e+00
3.737540e+03 9.08645456e+00
3.737980e+03 9.24663864e+00
3.738200e+03 9.44526366e+00
3.738420e+03 9.90085038e+00
3.738530e+03 1.03862065e+01
3.738640e+03 1.13066845e+01
3.738700e+03 1.21214014e+01
3.738760e+03 1.33544100e+01
3.738810e+03 1.53179890e+01
3.738870e+03 1.84739126e+01
3.738930e+03 2.42938228e+01
3.739000e+03 2.81150640e+01
3.739070e+03 2.42153724e+01
3.739140e+03 1.84885780e+01
3.739200e+03 1.48578276e+01
3.739270e+03 1.28244894e+01
3.739330e+03 1.16182553e+01
3.739400e+03 1.08852936e+01
3.739530e+03 1.00738441e+01
3.739660e+03 9.67046774e+00
3.739920e+03 9.29757462e+00
3.740180e+03 9.13644199e+00
3.740700e+03 9.00069185e+00
3.741230e+03 8.94348502e+00
3.742270e+03 8.89041722e+00
3.743320e+03 8.86131466e+00
3.745410e+03 8.82121989e+00
3.747490e+03 8.78823571e+00
3.754900e+03 8.68529382e+00
3.755850e+03 8.67197269e+00
3.763650e+03 8.57468482e+00
3.772390e+03 8.46475579e+00
3.772570e+03 8.46251103e+00
3.781130e+03 8.37176457e+00
3.783320e+03 8.35081734e+00
3.785500e+03 8.33606047e+00
3.786590e+03 8.33703342e+00
3.787690e+03 8.36092521e+00
3.788230e+03 8.40290292e+00
3.788510e+03 8.44561583e+00
3.788780e+03 8.52208848e+00
3.789050e+03 8.67514179e+00
3.789190e+03 8.81556191e+00
3.789320e+03 9.04478473e+00
3.789460e+03 9.46084261e+00
3.789530e+03 9.80222054e+00
3.789600e+03 1.03092460e+01
3.789670e+03 1.11162912e+01
3.789730e+03 1.24421390e+01
3.789800e+03 1.47920073e+01
3.789870e+03 1.91061976e+01
3.789940e+03 2.56311626e+01
3.790000e+03 2.99927916e+01
3.790070e+03 2.56400061e+01
3.790130e+03 1.91161455e+01
3.790190e+03 1.50354704e+01
3.790260e+03 1.27388382e+01
3.790320e+03 1.13865765e+01
3.790380e+03 1.05467674e+01
3.790440e+03 9.98987231e+00
3.790500e+03 9.61544327e+00
3.790630e+03 9.15229655e+00
3.790750e+03 8.88742815e+00
3.790880e+03 8.72449267e+00
3.791130e+03 8.54098740e+00
3.791370e+03 8.44472107e+00
3.791620e+03 8.38774525e+00
3.792120e+03 8.32471574e+00
3.793110e+03 8.26946015e+00
3.794110e+03 8.24165114e+00
3.796100e+03 8.20628141e+00
3.798080e+03 8.17837859e+00
3.806000e+03 8.07664330e+00
3.806040e+03 8.07620022e+00
3.813990e+03 7.98407932e+00
3.821940e+03 7.87985519e+00
3.825920e+03 7.81997147e+00
3.829890e+03 7.75194319e+00
3.833870e+03 7.67140738e+00
3.837850e+03 7.57090961e+00
3.839430e+03 7.52163249e+00
3.839830e+03 7.50950069e+00
3.841820e+03 7.43805438e+00
3.843810e+03 7.35111003e+00
3.845800e+03 7.24330615e+00
3.846790e+03 7.18024341e+00
3.847790e+03 7.11180244e+00
3.848780e+03 7.04331710e+00
3.849770e+03 6.99207707e+00
3.850770e+03 7.02227536e+00
3.851260e+03 7.13216707e+00
3.851760e+03 7.40891784e+00
3.852260e+03 8.08470430e+00
3.852510e+03 8.75178432e+00
3.852760e+03 9.85780799e+00
3.853000e+03 1.17948311e+01
3.853250e+03 1.53680074e+01
3.853380e+03 1.83124523e+01
3.853500e+03 2.24988719e+01
3.853630e+03 2.85612357e+01
3.853750e+03 3.73104624e+01
3.853980e+03 6.16688411e+01
3.854200e+03 8.33197670e+01
3.854430e+03 7.47799713e+01
3.854650e+03 5.38286346e+01
3.854810e+03 4.27077870e+01
3.854960e+03 3.47832233e+01
3.855110e+03 2.91995620e+01
3.855270e+03 2.52011118e+01
3.855580e+03 2.00608549e+01
3.855880e+03 1.70243597e+01
3.856150e+03 1.53304773e+01
3.856190e+03 1.50795641e+01
3.856500e+03 1.37529943e+01
3.857110e+03 1.20953285e+01
3.857730e+03 1.11185304e+01
3.858350e+03 1.04857210e+01
3.858960e+03 1.00450405e+01
3.859580e+03 9.72291001e+00
3.860810e+03 9.28461245e+00
3.862040e+03 9.00140302e+00
3.863270e+03 8.80336700e+00
3.864500e+03 8.65678767e+00
3.864510e+03 8.65595918e+00
3.866600e+03 8.48755780e+00
3.866960e+03 8.46039276e+00
3.868690e+03 8.37743913e+00
3.869430e+03 8.35205421e+00
3.869730e+03 8.34620735e+00
3.870780e+03 8.36415323e+00
3.871300e+03 8.42300764e+00
3.871560e+03 8.48835538e+00
3.871820e+03 8.60871396e+00
3.871890e+03 8.67444207e+00
3.872080e+03 8.85458160e+00
3.872210e+03 9.07994342e+00
3.872340e+03 9.44471974e+00
3.872470e+03 1.00982549e+01
3.872600e+03 1.13985521e+01
3.872670e+03 1.26029443e+01
3.872730e+03 1.45228266e+01
3.872800e+03 1.77863987e+01
3.872860e+03 2.34612277e+01
3.872930e+03 3.25920018e+01
3.873000e+03 3.86649616e+01
3.873070e+03 3.26006136e+01
3.873140e+03 2.34687740e+01
3.873180e+03 1.89895477e+01
3.873230e+03 1.60557937e+01
3.873280e+03 1.40862922e+01
3.873330e+03 1.27339797e+01
3.873420e+03 1.10721328e+01
3.873510e+03 1.01650020e+01
3.873610e+03 9.61158219e+00
3.873700e+03 9.25786573e+00
3.873890e+03 8.84151126e+00
3.874080e+03 8.61611389e+00
3.874270e+03 8.47959222e+00
3.874350e+03 8.44748890e+00
3.874650e+03 8.32949937e+00
3.875400e+03 8.20144230e+00
3.876160e+03 8.14207789e+00
3.877670e+03 8.07534124e+00
3.879180e+03 8.02839816e+00
3.879270e+03 8.02603086e+00
3.882200e+03 7.96680366e+00
3.884200e+03 7.93002978e+00
3.885220e+03 7.91469311e+00
3.889120e+03 7.85958554e+00
3.894050e+03 7.80021499e+00
3.897310e+03 7.76689638e+00
3.903900e+03 7.70239743e+00
3.909400e+03 7.65624833e+00
3.913740e+03 7.62087037e+00
3.921490e+03 7.56568637e+00
3.933440e+03 7.48393564e+00
3.945660e+03 7.41040788e+00
3.957750e+03 7.34167706e+00
3.963790e+03 7.31339209e+00
3.965300e+03 7.31119711e+00
3.966810e+03 7.32022429e+00
3.967570e+03 7.33935563e+00
3.968330e+03 7.39659544e+00
3.968700e+03 7.47194434e+00
3.969080e+03 7.65683303e+00
3.969270e+03 7.86840541e+00
3.969460e+03 8.31373180e+00
3.969550e+03 8.74449843e+00
3.969650e+03 9.47389859e+00
3.969740e+03 1.08180423e+01
3.969840e+03 1.34160199e+01
3.969920e+03 1.71301209e+01
3.970000e+03 1.95686701e+01
3.970080e+03 1.70865981e+01
3.970170e+03 1.34206800e+01
3.970220e+03 1.16219729e+01
3.970280e+03 1.04236656e+01
3.970400e+03 9.08086440e+00
3.970510e+03 8.42145015e+00
3.970630e+03 8.05931700e+00
3.970860e+03 7.70153022e+00
3.971090e+03 7.53886603e+00
3.971560e+03 7.39839276e+00
3.972020e+03 7.34037668e+00
3.972840e+03 7.29711554e+00
3.972940e+03 7.29187616e+00
3.973870e+03 7.27070704e+00
3.977580e+03 7.23459522e+00
3.984990e+03 7.19144323e+00
3.999800e+03 7.11354576e+00
4.012230e+03 7.04937745e+00
4.029440e+03 6.96179782e+00
4.051630e+03 6.84626107e+00
4.059080e+03 6.80678628e+00
4.088720e+03 6.63727454e+00
4.091020e+03 6.62182178e+00
4.110720e+03 6.48495961e+00
4.118360e+03 6.42869511e+00
4.130420e+03 6.32167641e+00
4.133180e+03 6.29507866e+00
4.140270e+03 6.21333499e+00
4.145190e+03 6.15236678e+00
4.147990e+03 6.11462498e+00
4.150110e+03 6.08133129e+00
4.155040e+03 5.99387625e+00
4.155400e+03 5.98645519e+00
4.157500e+03 5.93849820e+00
4.159960e+03 5.87374323e+00
4.161190e+03 5.83632340e+00
4.162420e+03 5.79387318e+00
4.162810e+03 5.77826526e+00
4.163660e+03 5.74160100e+00
4.164890e+03 5.67834640e+00
4.166120e+03 5.60231838e+00
4.166730e+03 5.56071491e+00
4.167350e+03 5.52318676e+00
4.167960e+03 5.51538777e+00
4.168270e+03 5.55006701e+00
4.168580e+03 5.65808769e+00
4.168890e+03 5.95749024e+00
4.169040e+03 6.27745139e+00
4.169200e+03 6.84859886e+00
4.169350e+03 7.93897825e+00
4.169500e+03 1.02320655e+01
4.169580e+03 1.23497991e+01
4.169660e+03 1.57501003e+01
4.169730e+03 2.14149124e+01
4.169810e+03 3.08124572e+01
4.169910e+03 4.96319306e+01
4.170000e+03 6.54025798e+01
4.170100e+03 5.74293494e+01
4.170190e+03 4.05677442e+01
4.170220e+03 3.70398323e+01
4.170300e+03 2.76317181e+01
4.170400e+03 2.04895204e+01
4.170510e+03 1.63651471e+01
4.170620e+03 1.38174652e+01
4.170720e+03 1.21417481e+01
4.170830e+03 1.09799941e+01
4.171040e+03 9.50982123e+00
4.171250e+03 8.64038200e+00
4.171460e+03 8.07683463e+00
4.171890e+03 7.40178269e+00
4.172310e+03 7.01777219e+00
4.172740e+03 6.77155127e+00
4.173160e+03 6.60058001e+00
4.173580e+03 6.47450321e+00
4.174430e+03 6.29921213e+00
4.175280e+03 6.18096262e+00
4.176130e+03 6.09366531e+00
4.176980e+03 6.02494172e+00
4.177630e+03 5.98448896e+00
4.178670e+03 5.91548732e+00
4.180370e+03 5.82715661e+00
4.181340e+03 5.78416642e+00
4.182060e+03 5.75012629e+00
4.183760e+03 5.67794937e+00
4.185040e+03 5.62882601e+00
4.187150e+03 5.54431732e+00
4.188750e+03 5.48526624e+00
4.190550e+03 5.42494638e+00
4.192450e+03 5.36551401e+00
4.196160e+03 5.34016731e+00
4.197330e+03 5.40558642e+00
4.198010e+03 5.44458964e+00
4.199860e+03 5.76704805e+00
4.201710e+03 6.63304508e+00
4.202640e+03 7.53136167e+00
4.203570e+03 9.08691717e+00
4.204120e+03 1.07851896e+01
4.204490e+03 1.19279105e+01
4.205420e+03 1.75127465e+01
4.205880e+03 2.23295886e+01
4.206340e+03 2.95664989e+01
4.206810e+03 4.06576812e+01
4.207270e+03 5.76715785e+01
4.207990e+03 9.86344603e+01
4.208700e+03 1.34532194e+02
4.209420e+03 1.19406017e+02
4.210130e+03 8.36742501e+01
4.210720e+03 6.17848542e+01
4.210900e+03 5.72946521e+01
4.211300e+03 4.73166017e+01
4.211890e+03 3.77773158e+01
4.212470e+03 3.13031462e+01
4.213640e+03 2.34019263e+01
4.214820e+03 1.89618765e+01
4.215990e+03 1.62059616e+01
4.217160e+03 1.43639889e+01
4.219500e+03 1.21005156e+01
4.221840e+03 1.07874700e+01
4.224180e+03 9.94116309e+00
4.224470e+03 9.86864691e+00
4.226530e+03 9.35390626e+00
4.228870e+03 8.92355103e+00
4.233550e+03 8.33482928e+00
4.238240e+03 7.94925143e+00
4.242920e+03 7.67446174e+00
4.247610e+03 7.46613637e+00
4.251610e+03 7.33694274e+00
4.256970e+03 7.16218062e+00
4.266340e+03 6.94078939e+00
4.278750e+03 6.72026938e+00
4.285080e+03 6.60233871e+00
4.303820e+03 6.29656621e+00
4.305890e+03 6.26048038e+00
4.313190e+03 6.12410283e+00
4.319460e+03 5.98973616e+00
4.322550e+03 5.91883543e+00
4.327240e+03 5.79415236e+00
4.331920e+03 5.65132303e+00
4.333030e+03 5.61124106e+00
4.336610e+03 5.47251381e+00
4.341290e+03 5.25220476e+00
4.343630e+03 5.12263235e+00
4.345980e+03 4.97810235e+00
4.346600e+03 4.93645477e+00
4.348320e+03 4.81524038e+00
4.350660e+03 4.65335586e+00
4.353000e+03 4.56511566e+00
4.353390e+03 4.58540785e+00
4.354170e+03 4.62332188e+00
4.355340e+03 4.88301536e+00
4.356510e+03 5.65759397e+00
4.357100e+03 6.48730930e+00
4.357690e+03 7.93479662e+00
4.358270e+03 1.05839068e+01
4.358860e+03 1.57316065e+01
4.359150e+03 2.01164703e+01
4.359440e+03 2.66079992e+01
4.359740e+03 3.63706858e+01
4.360030e+03 5.09757729e+01
4.360170e+03 6.20706027e+01
4.360510e+03 8.90140911e+01
4.361000e+03 1.23482011e+02
4.361490e+03 1.10971922e+02
4.361970e+03 7.85103768e+01
4.362510e+03 5.28910334e+01
4.363050e+03 3.82048542e+01
4.363560e+03 3.00292091e+01
4.363590e+03 2.95482235e+01
4.364130e+03 2.41091449e+01
4.364670e+03 2.04731260e+01
4.365210e+03 1.79249417e+01
4.366290e+03 1.46451570e+01
4.366960e+03 1.34149534e+01
4.367370e+03 1.26615490e+01
4.368440e+03 1.13511311e+01
4.370350e+03 9.92643181e+00
4.370600e+03 9.74060683e+00
4.372760e+03 8.79620687e+00
4.373740e+03 8.51183279e+00
4.374910e+03 8.19402338e+00
4.377070e+03 7.78701564e+00
4.377130e+03 7.77869691e+00
4.378830e+03 7.62335237e+00
4.379230e+03 7.62182871e+00
4.380530e+03 7.67281187e+00
4.382220e+03 8.11101399e+00
4.383070e+03 8.64356560e+00
4.383540e+03 9.18020270e+00
4.383920e+03 9.62648044e+00
4.384770e+03 1.14685009e+01
4.385610e+03 1.50744843e+01
4.386040e+03 1.81485404e+01
4.386460e+03 2.27073911e+01
4.386890e+03 2.95747376e+01
4.387310e+03 3.99083542e+01
4.387850e+03 6.02294120e+01
4.388010e+03 6.62533649e+01
4.388700e+03 8.97123915e+01
4.389400e+03 8.02963881e+01
4.390090e+03 5.73997139e+01
4.390670e+03 4.30388513e+01
4.391260e+03 3.36271570e+01
4.391840e+03 2.74623851e+01
4.392170e+03 2.51273095e+01
4.392430e+03 2.32903773e+01
4.393590e+03 1.82208534e+01
4.394760e+03 1.53669273e+01
4.395930e+03 1.35843807e+01
4.396480e+03 1.30188324e+01
4.397100e+03 1.23872899e+01
4.399430e+03 1.09029986e+01
4.401770e+03 1.00199326e+01
4.404110e+03 9.43190776e+00
4.405110e+03 9.24999780e+00
4.406440e+03 9.01777444e+00
4.408780e+03 8.71042390e+00
4.413450e+03 8.26870034e+00
4.413730e+03 8.24998158e+00
4.418120e+03 7.98020865e+00
4.422790e+03 7.76415722e+00
4.427460e+03 7.59091389e+00
4.430990e+03 7.48805130e+00
4.436810e+03 7.33915574e+00
4.446150e+03 7.15546041e+00
4.448240e+03 7.12315351e+00
4.464840e+03 6.89629038e+00
4.465490e+03 6.88909408e+00
4.483530e+03 7.45290340e+00
4.500000e+03 7.98612382e+00
4.502210e+03 7.97495989e+00
4.539590e+03 7.80707562e+00
4.576960e+03 7.63276169e+00
4.614330e+03 7.41774596e+00
4.633020e+03 7.27620576e+00
4.642370e+03 7.18919317e+00
4.651710e+03 7.08433782e+00
4.661050e+03 6.95062060e+00
4.665720e+03 6.86683383e+00
4.670400e+03 6.76690182e+00
4.675070e+03 6.64908717e+00
4.677400e+03 6.58825751e+00
4.679740e+03 6.54156186e+00
4.682080e+03 6.56034054e+00
4.683240e+03 6.64618543e+00
4.683830e+03 6.73251642e+00
4.684410e+03 6.86854580e+00
4.685000e+03 7.08273464e+00
4.685580e+03 7.42428361e+00
4.686160e+03 7.98282511e+00
4.686750e+03 8.93228335e+00
4.687330e+03 1.06371135e+01
4.687620e+03 1.20001920e+01
4.687920e+03 1.39332106e+01
4.688210e+03 1.67412173e+01
4.688500e+03 2.09197137e+01
4.688790e+03 2.72564869e+01
4.689080e+03 3.68281423e+01
4.689540e+03 6.01403698e+01
4.690000e+03 8.02472750e+01
4.690460e+03 7.11113497e+01
4.690920e+03 5.05431750e+01
4.691300e+03 3.78558400e+01
4.691690e+03 2.96058946e+01
4.692070e+03 2.42231836e+01
4.692450e+03 2.05940053e+01
4.693220e+03 1.62070779e+01
4.693980e+03 1.37624890e+01
4.694750e+03 1.22518546e+01
4.695520e+03 1.12474098e+01
4.697050e+03 1.00166425e+01
4.698580e+03 9.30323451e+00
4.700110e+03 8.84267003e+00
4.703180e+03 8.28429005e+00
4.706240e+03 7.95509454e+00
4.709310e+03 7.73354666e+00
4.715440e+03 7.44110396e+00
4.721570e+03 7.24077589e+00
4.727700e+03 7.08089431e+00
4.739950e+03 6.80780573e+00
4.752210e+03 6.55132126e+00
4.758340e+03 6.42947311e+00
4.764470e+03 6.33230575e+00
4.766010e+03 6.31778635e+00
4.767540e+03 6.31052464e+00
4.769070e+03 6.31345573e+00
4.770600e+03 6.33081855e+00
4.772140e+03 6.36887002e+00
4.773670e+03 6.43687574e+00
4.775200e+03 6.54912727e+00
4.776730e+03 6.72808300e+00
4.778260e+03 7.01045117e+00
4.779800e+03 7.45739684e+00
4.781330e+03 8.17793874e+00
4.782860e+03 9.37196278e+00
4.784390e+03 1.14360792e+01
4.785930e+03 1.51933388e+01
4.786690e+03 1.82090073e+01
4.787460e+03 2.24578601e+01
4.788220e+03 2.84973023e+01
4.788990e+03 3.70456750e+01
4.790500e+03 6.27869280e+01
4.792000e+03 8.67832220e+01
4.793510e+03 7.92444942e+01
4.795010e+03 5.77152400e+01
4.796380e+03 4.30322510e+01
4.797740e+03 3.36574481e+01
4.799110e+03 2.76798509e+01
4.800470e+03 2.37369421e+01
4.803200e+03 1.91230296e+01
4.805930e+03 1.67313009e+01
4.811390e+03 1.48420481e+01
4.816850e+03 1.50050392e+01
4.822300e+03 1.70239227e+01
4.827760e+03 2.21671109e+01
4.830490e+03 2.69984272e+01
4.833220e+03 3.46229813e+01
4.835950e+03 4.69225986e+01
4.838680e+03 6.68103924e+01
4.842340e+03 1.08608353e+02
4.846000e+03 1.42694792e+02
4.849660e+03 1.23380602e+02
4.853320e+03 8.51300795e+01
4.855610e+03 6.70002639e+01
4.857900e+03 5.39048187e+01
4.862490e+03 3.77417830e+01
4.867070e+03 2.88965725e+01
4.871660e+03 2.36144787e+01
4.876240e+03 2.02088615e+01
4.880820e+03 1.78746638e+01
4.889990e+03 1.49349113e+01
4.899160e+03 1.31827835e+01
4.908330e+03 1.20223738e+01
4.926660e+03 1.05562773e+01
4.945000e+03 9.61951884e+00
4.963330e+03 8.91418275e+00
4.981670e+03 8.32916398e+00
5.000000e+03 7.88765762e+00
5.012370e+03 7.85574884e+00
5.018550e+03 8.08745044e+00
5.024730e+03 8.72432711e+00
5.027820e+03 9.32915211e+00
5.030910e+03 1.02646499e+01
5.034000e+03 1.17257088e+01
5.037100e+03 1.40516014e+01
5.040190e+03 1.78597181e+01
5.043280e+03 2.43084059e+01
5.046370e+03 3.56172558e+01
5.049460e+03 5.57249644e+01
5.053230e+03 9.77335888e+01
5.057000e+03 1.37839365e+02
5.060770e+03 1.26760912e+02
5.064540e+03 9.20277006e+01
5.067800e+03 6.88841558e+01
5.071060e+03 5.36136962e+01
5.074320e+03 4.35767479e+01
5.077580e+03 3.67615971e+01
5.084090e+03 2.84276736e+01
5.090610e+03 2.37067715e+01
5.097130e+03 2.07439897e+01
5.103650e+03 1.87404909e+01
5.116680e+03 1.62357829e+01
5.129720e+03 1.47491218e+01
5.142750e+03 1.37697642e+01
5.168820e+03 1.25594659e+01
5.194890e+03 1.18363287e+01
5.220960e+03 1.13497112e+01
5.273100e+03 1.07175527e+01
5.325240e+03 1.02909976e+01
5.351310e+03 1.01061870e+01
5.377380e+03 9.91924218e+00
5.403450e+03 9.70685024e+00
5.416490e+03 9.57814075e+00
5.429520e+03 9.42118866e+00
5.442560e+03 9.21762582e+00
5.449070e+03 9.09024864e+00
5.455590e+03 8.94346306e+00
5.462110e+03 8.79203405e+00
5.465370e+03 8.73899615e+00
5.468630e+03 8.75102211e+00
5.471880e+03 8.95984421e+00
5.473510e+03 9.25159361e+00
5.475140e+03 9.82730225e+00
5.476770e+03 1.09926705e+01
5.478400e+03 1.34970297e+01
5.479220e+03 1.57964955e+01
5.480030e+03 1.94117958e+01
5.480850e+03 2.52474082e+01
5.481660e+03 3.46858236e+01
5.482830e+03 5.68386873e+01
5.484000e+03 7.76487065e+01
5.485170e+03 7.13425376e+01
5.486340e+03 5.28170502e+01
5.487480e+03 3.93249666e+01
5.488630e+03 3.09561358e+01
5.489770e+03 2.57262041e+01
5.490910e+03 2.23054543e+01
5.493200e+03 1.82643761e+01
5.495480e+03 1.60463593e+01
5.497770e+03 1.46790026e+01
5.500050e+03 1.37643771e+01
5.504620e+03 1.26284123e+01
5.509190e+03 1.19526416e+01
5.513760e+03 1.15013431e+01
5.522910e+03 1.09184438e+01
5.527480e+03 1.07095291e+01
5.532050e+03 1.05308127e+01
5.536620e+03 1.03745954e+01
5.541190e+03 1.02433266e+01
5.545760e+03 1.01660635e+01
5.548040e+03 1.01801038e+01
5.550330e+03 1.02817580e+01
5.552620e+03 1.05849666e+01
5.554900e+03 1.14119460e+01
5.556040e+03 1.22929500e+01
5.557190e+03 1.38510041e+01
5.558330e+03 1.67288820e+01
5.559470e+03 2.21486781e+01
5.560100e+03 2.68353428e+01
5.560740e+03 3.27062844e+01
5.562000e+03 4.27752904e+01
5.563270e+03 3.99373626e+01
5.564530e+03 3.11622654e+01
5.565640e+03 2.52626175e+01
5.566750e+03 2.14010919e+01
5.567860e+03 1.88745121e+01
5.568960e+03 1.71663535e+01
5.571180e+03 1.50825949e+01
5.573400e+03 1.39027092e+01
5.575620e+03 1.31608775e+01
5.577830e+03 1.26571980e+01
5.582270e+03 1.20225960e+01
5.586700e+03 1.16403877e+01
5.591130e+03 1.13843577e+01
5.595570e+03 1.11997375e+01
5.600000e+03 1.10143163e+01
7.250000e+03 1.12774960e+01
7.500000e+03 1.12082683e+01
9.000000e+03 1.08287420e+01
1.000000e+04 1.05758043e+01
1.750000e+04 9.68042819e+00
2.500000e+04 9.08945101e+00
3.750000e+04 8.41026045e+00
5.000000e+04 7.86047640e+00
7.000000e+04 7.46557845e+00
1.000000e+05 7.00427899e+00
1.261320e+05 6.74853188e+00
2.000000e+05 6.21697891e+00
3.000000e+05 5.63229388e+00
3.233590e+05 5.50970991e+00
3.233600e+05 5.50970763e+00
3.233640e+05 5.50968049e+00
3.616820e+05 5.31335103e+00
3.955500e+05 5.15341730e+00
4.000000e+05 5.13642142e+00
4.942300e+05 4.79865036e+00
5.000000e+05 4.77872988e+00
5.187700e+05 4.72020204e+00
5.187750e+05 4.72018867e+00
5.824920e+05 4.52748176e+00
5.825000e+05 4.52743651e+00
5.825010e+05 4.52744137e+00
6.000000e+05 4.47718061e+00
7.000000e+05 4.21934739e+00
7.500000e+05 4.10517945e+00
8.000000e+05 3.99734088e+00
8.847470e+05 3.83499748e+00
8.847600e+05 3.83496971e+00
9.000000e+05 3.80709373e+00
9.230400e+05 3.76705676e+00
9.230430e+05 3.76704981e+00
9.784200e+05 3.67584968e+00
1.000000e+06 3.64228484e+00
1.043530e+06 3.57927114e+00
1.043550e+06 3.57923576e+00
1.043700e+06 3.57903051e+00
1.122900e+06 3.47089303e+00
1.122980e+06 3.47078757e+00
1.123100e+06 3.47063194e+00
1.123150e+06 3.47048374e+00
1.125100e+06 3.46813473e+00
1.150580e+06 3.43854185e+00
1.150600e+06 3.43852120e+00
1.200000e+06 3.38603756e+00
1.250000e+06 3.33448107e+00
1.300000e+06 3.28629571e+00
1.356140e+06 3.23393808e+00
1.356160e+06 3.23391868e+00
1.356300e+06 3.23380691e+00
1.414800e+06 3.18771910e+00
1.414840e+06 3.18768639e+00
1.496900e+06 3.13111659e+00
1.500000e+06 3.12907635e+00
1.509300e+06 3.12360455e+00
1.509750e+06 3.12334056e+00
1.514900e+06 3.12041560e+00
1.514940e+06 3.12038251e+00
1.548200e+06 3.10428909e+00
1.548210e+06 3.10428153e+00
1.548230e+06 3.10426640e+00
1.748900e+06 3.02615878e+00
1.748930e+06 3.02614210e+00
1.750000e+06 3.02582570e+00
1.790600e+06 3.01363131e+00
1.790630e+06 3.01362665e+00
1.800000e+06 3.01132011e+00
1.919250e+06 2.99647576e+00
1.919280e+06 2.99646874e+00
1.952330e+06 2.99397626e+00
1.952360e+06 2.99396924e+00
2.000000e+06 2.99144959e+00
2.001230e+06 2.99140227e+00
2.001270e+06 2.99134082e+00
2.001940e+06 2.99137241e+00
2.001980e+06 2.99136506e+00
2.036950e+06 2.99032883e+00
2.036980e+06 2.99032181e+00
2.053380e+06 2.99005953e+00
2.053420e+06 2.99005218e+00
2.062500e+06 2.98999393e+00
2.075100e+06 2.99138981e+00
2.075130e+06 2.99139232e+00
2.230130e+06 3.01484729e+00
2.230170e+06 3.01485665e+00
2.251740e+06 3.01893227e+00
2.251780e+06 3.01894163e+00
2.252450e+06 3.01907579e+00
2.283910e+06 3.02533680e+00
2.283940e+06 3.02534532e+00
2.353410e+06 3.04045266e+00
2.353450e+06 3.04045601e+00
2.387700e+06 3.04850109e+00
2.387740e+06 3.04850443e+00
2.458720e+06 3.06629262e+00
2.458760e+06 3.06630198e+00
2.464200e+06 3.06772458e+00
2.464240e+06 3.06771590e+00
2.465520e+06 3.06806937e+00
2.465560e+06 3.06807271e+00
2.500000e+06 3.07867484e+00
3.000000e+06 3.25804361e+00
3.500000e+06 3.42957845e+00
4.000000e+06 3.60114919e+00
4.446840e+06 3.69476724e+00
4.447450e+06 3.69488785e+00
4.500000e+06 3.70558170e+00
4.548110e+06 3.71508337e+00
5.000000e+06 3.80193151e+00
5.336000e+06 3.83689393e+00
5.500000e+06 3.85373928e+00
5.723000e+06 3.87646857e+00
6.000000e+06 3.90435029e+00
6.500000e+06 3.91928729e+00
6.703690e+06 3.92513018e+00
7.000000e+06 3.93348162e+00
7.500000e+06 3.91710681e+00
7.979200e+06 3.90142456e+00
8.000000e+06 3.90072801e+00
8.445660e+06 3.86423647e+00
8.485280e+06 3.86105661e+00
8.723000e+06 3.84250208e+00
9.000000e+06 3.82138620e+00
9.009720e+06 3.82028005e+00
9.240210e+06 3.79418299e+00
9.437700e+06 3.77241567e+00
9.437740e+06 3.77241289e+00
9.486830e+06 3.76711996e+00
9.740040e+06 3.74055239e+00
9.800000e+06 3.73442989e+00
1.000000e+07 3.71407890e+00
1.024110e+07 3.68427921e+00
1.045910e+07 3.65792331e+00
1.046060e+07 3.65770398e+00
1.048810e+07 3.65436417e+00
1.056070e+07 3.64559396e+00
1.074100e+07 3.62415946e+00
1.100000e+07 3.59429303e+00
1.141800e+07 3.53802168e+00
1.148910e+07 3.52903234e+00
1.200000e+07 3.47040069e+00
1.300000e+07 3.34613396e+00
1.344500e+07 3.29299977e+00
1.400000e+07 3.22672950e+00
1.450000e+07 3.17192702e+00
1.479390e+07 3.14091765e+00
1.500000e+07 3.11941466e+00
1.600000e+07 3.03087852e+00
1.700000e+07 2.96543998e+00
1.720000e+07 2.95494293e+00
1.720020e+07 2.95493372e+00
1.800000e+07 2.91881883e+00
1.900000e+07 2.89254828e+00
