73-Ta_n-g
> 73-Ta-181:1.000000
1.000000e-05 1.05505000e+03
1.250000e-05 9.43664000e+02
1.500000e-05 8.61444000e+02
2.000000e-05 7.46033000e+02
2.750000e-05 6.36221000e+02
3.500000e-05 5.63950000e+02
4.250000e-05 5.11778000e+02
5.000000e-05 4.71837000e+02
6.250000e-05 4.22025000e+02
7.500000e-05 3.85256000e+02
1.000000e-04 3.33643000e+02
1.250000e-04 2.98422000e+02
1.500000e-04 2.72422000e+02
2.000000e-04 2.35928000e+02
2.750000e-04 2.01204000e+02
3.500000e-04 1.78352000e+02
4.250000e-04 1.61855000e+02
5.000000e-04 1.49226000e+02
6.250000e-04 1.33476000e+02
7.500000e-04 1.21851000e+02
1.000000e-03 1.05533000e+02
1.250000e-03 9.43978000e+01
1.500000e-03 8.61788000e+01
2.000000e-03 7.46431000e+01
2.750000e-03 6.36687000e+01
3.500000e-03 5.64477000e+01
4.250000e-03 5.12358000e+01
5.000000e-03 4.72466000e+01
6.250000e-03 4.22729000e+01
7.500000e-03 3.86027000e+01
1.000000e-02 3.34535000e+01
1.250000e-02 2.99420000e+01
1.500000e-02 2.73517000e+01
2.000000e-02 2.37194000e+01
2.530000e-02 2.11196000e+01
3.147500e-02 1.89668000e+01
3.765000e-02 1.73712000e+01
5.000000e-02 1.51252000e+01
6.250000e-02 1.35753000e+01
7.500000e-02 1.24357000e+01
1.000000e-01 1.08456000e+01
1.250000e-01 9.76995000e+00
1.500000e-01 8.98323000e+00
2.000000e-01 7.89485000e+00
2.750000e-01 6.88760000e+00
3.500000e-01 6.25101000e+00
5.000000e-01 5.49763000e+00
7.500000e-01 4.92049000e+00
8.400000e-01 4.81945000e+00
1.000000e+00 4.72752000e+00
1.500000e+00 4.96072000e+00
2.000000e+00 5.95034000e+00
2.562900e+00 8.66303000e+00
2.844350e+00 1.14352000e+01
3.125800e+00 1.64709000e+01
3.394350e+00 2.63304000e+01
3.528630e+00 3.55847000e+01
3.662900e+00 5.13978000e+01
3.797180e+00 8.18999000e+01
3.864310e+00 1.09146000e+02
3.931450e+00 1.53306000e+02
3.998590e+00 2.31998000e+02
4.032160e+00 2.96778000e+02
4.065730e+00 3.93437000e+02
4.099290e+00 5.46788000e+02
4.132860e+00 8.11068000e+02
4.149650e+00 1.02103000e+03
4.166430e+00 1.32311000e+03
4.183220e+00 1.77834000e+03
4.200000e+00 2.50497000e+03
4.212900e+00 3.39444000e+03
4.225800e+00 4.80442000e+03
4.238700e+00 7.14665000e+03
4.251600e+00 1.11060000e+04
4.265800e+00 1.77200000e+04
4.280000e+00 2.20935000e+04
4.294250e+00 1.76299000e+04
4.308500e+00 1.09887000e+04
4.319310e+00 7.55993000e+03
4.330110e+00 5.35388000e+03
4.340920e+00 3.92834000e+03
4.351720e+00 2.97926000e+03
4.373330e+00 1.85876000e+03
4.394940e+00 1.25926000e+03
4.416550e+00 9.05490000e+02
4.438160e+00 6.80714000e+02
4.481380e+00 4.23223000e+02
4.524590e+00 2.87552000e+02
4.567810e+00 2.07670000e+02
4.611030e+00 1.56801000e+02
4.654250e+00 1.22467000e+02
4.740690e+00 8.04988000e+01
4.827130e+00 5.68478000e+01
4.913560e+00 4.22484000e+01
5.000000e+00 3.26241000e+01
5.156250e+00 2.19658000e+01
5.312500e+00 1.58263000e+01
5.468750e+00 1.19844000e+01
5.625000e+00 9.43141000e+00
5.937500e+00 6.37917000e+00
6.250000e+00 4.72204000e+00
6.562500e+00 3.75410000e+00
6.875000e+00 3.17368000e+00
7.500000e+00 2.68485000e+00
8.125000e+00 2.86019000e+00
8.437500e+00 3.26196000e+00
8.750000e+00 4.03940000e+00
9.062500e+00 5.55639000e+00
9.218750e+00 6.86116000e+00
9.375000e+00 8.86421000e+00
9.531250e+00 1.21466000e+01
9.687500e+00 1.80573000e+01
9.765630e+00 2.29662000e+01
9.843750e+00 3.03532000e+01
9.921880e+00 4.22145000e+01
1.000000e+01 6.30479000e+01
1.007760e+01 1.04367000e+02
1.011630e+01 1.42463000e+02
1.015510e+01 2.06074000e+02
1.017450e+01 2.55162000e+02
1.019390e+01 3.23982000e+02
1.021330e+01 4.24479000e+02
1.023270e+01 5.78792000e+02
1.025200e+01 8.31781000e+02
1.027140e+01 1.28168000e+03
1.028110e+01 1.64448000e+03
1.029080e+01 2.16367000e+03
1.030050e+01 2.92108000e+03
1.031020e+01 4.02210000e+03
1.032510e+01 6.42627000e+03
1.034000e+01 8.02292000e+03
1.035490e+01 6.41586000e+03
1.036980e+01 4.00962000e+03
1.038370e+01 2.54573000e+03
1.039760e+01 1.69379000e+03
1.041150e+01 1.18726000e+03
1.042530e+01 8.70681000e+02
1.045310e+01 5.19601000e+02
1.048090e+01 3.42692000e+02
1.050860e+01 2.42146000e+02
1.053640e+01 1.79906000e+02
1.059190e+01 1.10301000e+02
1.064740e+01 7.44250000e+01
1.070300e+01 5.35927000e+01
1.075850e+01 4.04491000e+01
1.081400e+01 3.16367000e+01
1.092510e+01 2.09299000e+01
1.103610e+01 1.49310000e+01
1.114720e+01 1.12415000e+01
1.125820e+01 8.81644000e+00
1.148030e+01 5.94011000e+00
1.170240e+01 4.38311000e+00
1.192460e+01 3.47111000e+00
1.214670e+01 2.92357000e+00
1.259090e+01 2.50174000e+00
1.281300e+01 2.59827000e+00
1.303510e+01 3.01803000e+00
1.325720e+01 4.13615000e+00
1.336820e+01 5.30563000e+00
1.347930e+01 7.44164000e+00
1.359040e+01 1.18881000e+01
1.364590e+01 1.61438000e+01
1.370140e+01 2.35251000e+01
1.375690e+01 3.80067000e+01
1.378470e+01 5.11047000e+01
1.381250e+01 7.25232000e+01
1.384020e+01 1.10965000e+02
1.385410e+01 1.42629000e+02
1.386800e+01 1.89637000e+02
1.388190e+01 2.63089000e+02
1.389570e+01 3.85043000e+02
1.390270e+01 4.76980000e+02
1.390960e+01 6.01025000e+02
1.391660e+01 7.69688000e+02
1.392350e+01 9.97086000e+02
1.393010e+01 1.27586000e+03
1.393680e+01 1.59381000e+03
1.395000e+01 1.99086000e+03
1.396330e+01 1.59224000e+03
1.397650e+01 9.95144000e+02
1.398830e+01 6.45118000e+02
1.400000e+01 4.36235000e+02
1.401180e+01 3.09372000e+02
1.402360e+01 2.28945000e+02
1.404710e+01 1.38403000e+02
1.407060e+01 9.21196000e+01
1.409420e+01 6.55879000e+01
1.411770e+01 4.90562000e+01
1.416470e+01 3.04571000e+01
1.421180e+01 2.08141000e+01
1.425890e+01 1.51892000e+01
1.430590e+01 1.16270000e+01
1.435300e+01 9.23058000e+00
1.444710e+01 6.30512000e+00
1.454120e+01 4.65434000e+00
1.472940e+01 2.95208000e+00
1.491770e+01 2.13306000e+00
1.510590e+01 1.67457000e+00
1.548240e+01 1.20323000e+00
1.585890e+01 9.78488000e-01
1.623530e+01 8.57802000e-01
1.698830e+01 7.60990000e-01
1.774120e+01 7.81868000e-01
1.849410e+01 9.54450000e-01
1.887060e+01 1.17570000e+00
1.924710e+01 1.66721000e+00
1.943530e+01 2.17553000e+00
1.962350e+01 3.14985000e+00
1.971770e+01 4.01798000e+00
1.981180e+01 5.42475000e+00
1.990590e+01 7.93648000e+00
1.995300e+01 1.00106000e+01
2.000000e+01 1.31162000e+01
2.006740e+01 2.11748000e+01
2.010110e+01 2.84951000e+01
2.013480e+01 4.05239000e+01
2.016840e+01 6.22874000e+01
2.018530e+01 8.03812000e+01
2.020210e+01 1.07463000e+02
2.021900e+01 1.50317000e+02
2.023580e+01 2.22641000e+02
2.024420e+01 2.78047000e+02
2.025270e+01 3.53861000e+02
2.026110e+01 4.58627000e+02
2.026950e+01 6.02296000e+02
2.027710e+01 7.70622000e+02
2.028480e+01 9.62639000e+02
2.030000e+01 1.20247000e+03
2.030760e+01 1.13153000e+03
2.031530e+01 9.61904000e+02
2.033050e+01 6.01392000e+02
2.033970e+01 4.47135000e+02
2.034880e+01 3.38013000e+02
2.036710e+01 2.06246000e+02
2.038540e+01 1.36455000e+02
2.040370e+01 9.62326000e+01
2.042210e+01 7.12788000e+01
2.044040e+01 5.48484000e+01
2.047700e+01 3.53618000e+01
2.051360e+01 2.47390000e+01
2.055020e+01 1.83447000e+01
2.062340e+01 1.13820000e+01
2.069670e+01 7.88933000e+00
2.076990e+01 5.90254000e+00
2.091640e+01 3.86593000e+00
2.106280e+01 2.92392000e+00
2.120930e+01 2.44237000e+00
2.150220e+01 2.08782000e+00
2.179510e+01 2.15925000e+00
2.208810e+01 2.63703000e+00
2.223450e+01 3.18136000e+00
2.238100e+01 4.35380000e+00
2.245420e+01 5.65381000e+00
2.249080e+01 6.78808000e+00
2.252740e+01 8.62821000e+00
2.256410e+01 1.19791000e+01
2.258240e+01 1.48230000e+01
2.260070e+01 1.92029000e+01
2.261900e+01 2.64532000e+01
2.263730e+01 3.95966000e+01
2.265560e+01 6.62539000e+01
2.266480e+01 8.99653000e+01
2.267390e+01 1.25480000e+02
2.268700e+01 1.98394000e+02
2.270000e+01 2.46933000e+02
2.271310e+01 1.98422000e+02
2.272610e+01 1.25622000e+02
2.273500e+01 9.08775000e+01
2.274400e+01 6.74968000e+01
2.276190e+01 4.10274000e+01
2.277970e+01 2.79264000e+01
2.279760e+01 2.07388000e+01
2.283330e+01 1.37456000e+01
2.286910e+01 1.07254000e+01
2.294060e+01 8.58524000e+00
2.301200e+01 8.30990000e+00
2.315500e+01 9.95331000e+00
2.329800e+01 1.41635000e+01
2.336940e+01 1.78317000e+01
2.344090e+01 2.34034000e+01
2.351240e+01 3.23631000e+01
2.358390e+01 4.80336000e+01
2.361960e+01 6.06657000e+01
2.365540e+01 7.91215000e+01
2.369110e+01 1.07579000e+02
2.372680e+01 1.54716000e+02
2.376260e+01 2.40926000e+02
2.378050e+01 3.13383000e+02
2.379830e+01 4.23119000e+02
2.381620e+01 5.99350000e+02
2.383410e+01 9.03577000e+02
2.385190e+01 1.47374000e+03
2.386090e+01 1.94327000e+03
2.386980e+01 2.60185000e+03
2.388490e+01 4.16007000e+03
2.390000e+01 5.19701000e+03
2.391510e+01 4.15692000e+03
2.393020e+01 2.59815000e+03
2.394200e+01 1.77044000e+03
2.395380e+01 1.24468000e+03
2.396560e+01 9.08453000e+02
2.397740e+01 6.86397000e+02
2.400100e+01 4.26392000e+02
2.402460e+01 2.88332000e+02
2.404820e+01 2.07215000e+02
2.407180e+01 1.55848000e+02
2.411900e+01 9.71384000e+01
2.416620e+01 6.62437000e+01
2.421340e+01 4.80601000e+01
2.426060e+01 3.64718000e+01
2.430780e+01 2.86440000e+01
2.440230e+01 1.90562000e+01
2.449670e+01 1.36352000e+01
2.459110e+01 1.02766000e+01
2.468550e+01 8.05378000e+00
2.487430e+01 5.38920000e+00
2.506310e+01 3.91574000e+00
2.525190e+01 3.01819000e+00
2.544080e+01 2.43292000e+00
2.581840e+01 1.74599000e+00
2.619600e+01 1.38014000e+00
2.695130e+01 1.04536000e+00
2.770660e+01 9.39196000e-01
2.846190e+01 9.56744000e-01
2.921710e+01 1.17409000e+00
2.940600e+01 1.35802000e+00
2.959480e+01 1.81731000e+00
2.968920e+01 2.39339000e+00
2.973640e+01 2.92925000e+00
2.978360e+01 3.83917000e+00
2.983080e+01 5.57842000e+00
2.985440e+01 7.11295000e+00
2.987800e+01 9.56019000e+00
2.990160e+01 1.37942000e+01
2.992520e+01 2.19774000e+01
2.993700e+01 2.91615000e+01
2.994880e+01 4.03458000e+01
2.996060e+01 5.84815000e+01
2.997240e+01 8.82592000e+01
2.998620e+01 1.40546000e+02
3.000000e+01 1.75380000e+02
3.001380e+01 1.40487000e+02
3.002760e+01 8.81907000e+01
3.003760e+01 6.21827000e+01
3.004750e+01 4.50470000e+01
3.005750e+01 3.37448000e+01
3.006740e+01 2.60968000e+01
3.008730e+01 1.69157000e+01
3.010720e+01 1.19218000e+01
3.012710e+01 8.94312000e+00
3.014700e+01 7.03646000e+00
3.018680e+01 4.83839000e+00
3.022660e+01 3.67453000e+00
3.026640e+01 2.98929000e+00
3.034600e+01 2.26340000e+00
3.050520e+01 1.72779000e+00
3.066430e+01 1.56123000e+00
3.130110e+01 1.60761000e+00
3.193780e+01 1.98423000e+00
3.257450e+01 2.67604000e+00
3.321120e+01 4.01932000e+00
3.352960e+01 5.23312000e+00
3.384800e+01 7.25940000e+00
3.416630e+01 1.11357000e+01
3.432550e+01 1.46524000e+01
3.448470e+01 2.05731000e+01
3.456430e+01 2.52502000e+01
3.464390e+01 3.20330000e+01
3.472350e+01 4.25078000e+01
3.476330e+01 5.00794000e+01
3.480300e+01 6.01474000e+01
3.484280e+01 7.39960000e+01
3.488260e+01 9.38396000e+01
3.492240e+01 1.23824000e+02
3.496220e+01 1.72337000e+02
3.500200e+01 2.58556000e+02
3.502190e+01 3.29127000e+02
3.504180e+01 4.33336000e+02
3.506170e+01 5.95388000e+02
3.508160e+01 8.62807000e+02
3.510150e+01 1.33283000e+03
3.512140e+01 2.18641000e+03
3.514070e+01 3.48945000e+03
3.516000e+01 4.35840000e+03
3.517930e+01 3.48901000e+03
3.519860e+01 2.18757000e+03
3.521930e+01 1.31231000e+03
3.523990e+01 8.42667000e+02
3.526060e+01 5.81144000e+02
3.528130e+01 4.25614000e+02
3.530200e+01 3.27419000e+02
3.532260e+01 2.62363000e+02
3.536400e+01 1.86103000e+02
3.540530e+01 1.47158000e+02
3.544660e+01 1.27495000e+02
3.552930e+01 1.21174000e+02
3.557060e+01 1.31437000e+02
3.561200e+01 1.52563000e+02
3.565330e+01 1.89794000e+02
3.569470e+01 2.54799000e+02
3.573600e+01 3.75021000e+02
3.575670e+01 4.75066000e+02
3.577730e+01 6.24021000e+02
3.579800e+01 8.56843000e+02
3.581870e+01 1.24259000e+03
3.583930e+01 1.92255000e+03
3.586000e+01 3.15989000e+03
3.588000e+01 5.04445000e+03
3.590000e+01 6.29900000e+03
3.592000e+01 5.03960000e+03
3.594000e+01 3.15330000e+03
3.595230e+01 2.33302000e+03
3.596450e+01 1.75670000e+03
3.598900e+01 1.06694000e+03
3.601350e+01 7.04803000e+02
3.603800e+01 4.97284000e+02
3.606240e+01 3.68884000e+02
3.608690e+01 2.84488000e+02
3.613590e+01 1.84458000e+02
3.618490e+01 1.29874000e+02
3.623390e+01 9.69262000e+01
3.633180e+01 6.08547000e+01
3.642980e+01 4.25957000e+01
3.652770e+01 3.21203000e+01
3.672360e+01 2.13164000e+01
3.691950e+01 1.64024000e+01
3.711540e+01 1.41270000e+01
3.750720e+01 1.37776000e+01
3.770310e+01 1.53525000e+01
3.789900e+01 1.84808000e+01
3.809490e+01 2.41418000e+01
3.829080e+01 3.47120000e+01
3.838880e+01 4.35363000e+01
3.848670e+01 5.67456000e+01
3.858470e+01 7.76894000e+01
3.868260e+01 1.13660000e+02
3.873160e+01 1.42144000e+02
3.878060e+01 1.83038000e+02
3.882950e+01 2.44654000e+02
3.887850e+01 3.43400000e+02
3.892750e+01 5.15377000e+02
3.895200e+01 6.52825000e+02
3.897650e+01 8.50792000e+02
3.900090e+01 1.14811000e+03
3.902540e+01 1.61541000e+03
3.904990e+01 2.38274000e+03
3.907440e+01 3.66117000e+03
3.910220e+01 5.85525000e+03
3.913000e+01 7.31478000e+03
3.915780e+01 5.84799000e+03
3.918560e+01 3.65350000e+03
3.920500e+01 2.59068000e+03
3.922440e+01 1.88094000e+03
3.924380e+01 1.40717000e+03
3.926320e+01 1.08345000e+03
3.930210e+01 6.90828000e+02
3.934090e+01 4.75048000e+02
3.937970e+01 3.45406000e+02
3.941850e+01 2.61959000e+02
3.949620e+01 1.65129000e+02
3.957380e+01 1.13426000e+02
3.965140e+01 8.26967000e+01
3.972910e+01 6.29769000e+01
3.980670e+01 4.95829000e+01
3.996200e+01 3.30782000e+01
4.011720e+01 2.36825000e+01
4.027250e+01 1.78269000e+01
4.042780e+01 1.39302000e+01
4.073830e+01 9.22232000e+00
4.104890e+01 6.58851000e+00
4.135940e+01 4.96309000e+00
4.167000e+01 3.88729000e+00
4.229100e+01 2.59191000e+00
4.291210e+01 1.86809000e+00
4.353320e+01 1.42162000e+00
4.415430e+01 1.12702000e+00
4.539650e+01 7.79184000e-01
4.663870e+01 6.11229000e-01
4.725970e+01 5.88251000e-01
4.788080e+01 6.61386000e-01
4.819140e+01 8.12995000e-01
4.834670e+01 9.74552000e-01
4.850190e+01 1.27438000e+00
4.865720e+01 1.91059000e+00
4.873480e+01 2.53038000e+00
4.881250e+01 3.62502000e+00
4.889010e+01 5.83188000e+00
4.892890e+01 7.88667000e+00
4.896770e+01 1.13520000e+01
4.900660e+01 1.78697000e+01
4.902600e+01 2.35083000e+01
4.904540e+01 3.23046000e+01
4.906480e+01 4.70322000e+01
4.908420e+01 7.40719000e+01
4.909390e+01 9.65865000e+01
4.910360e+01 1.29795000e+02
4.911330e+01 1.80085000e+02
4.912300e+01 2.56326000e+02
4.913650e+01 4.10160000e+02
4.915000e+01 5.12793000e+02
4.916350e+01 4.10042000e+02
4.917700e+01 2.56180000e+02
4.918990e+01 1.61179000e+02
4.920270e+01 1.06557000e+02
4.921560e+01 7.44085000e+01
4.922840e+01 5.44621000e+01
4.925420e+01 3.24961000e+01
4.927990e+01 2.14887000e+01
4.930560e+01 1.52564000e+01
4.933130e+01 1.14050000e+01
4.938280e+01 7.10520000e+00
4.943420e+01 4.89062000e+00
4.948560e+01 3.60416000e+00
4.958850e+01 2.24583000e+00
4.969140e+01 1.58038000e+00
4.979430e+01 1.20496000e+00
5.000000e+01 8.16818000e-01
5.018040e+01 6.46016000e-01
5.036080e+01 5.43187000e-01
5.072150e+01 4.28327000e-01
5.144300e+01 3.28205000e-01
5.288600e+01 2.55764000e-01
5.432900e+01 2.31740000e-01
5.505050e+01 2.38289000e-01
5.541130e+01 2.72930000e-01
5.550140e+01 3.04263000e-01
5.559160e+01 3.81952000e-01
5.563670e+01 4.74248000e-01
5.568180e+01 6.82512000e-01
5.570440e+01 9.00614000e-01
5.572690e+01 1.31428000e+00
5.573820e+01 1.67096000e+00
5.574950e+01 2.21536000e+00
5.576070e+01 3.07644000e+00
5.577200e+01 4.44901000e+00
5.578600e+01 6.97438000e+00
5.580000e+01 8.65672000e+00
5.581400e+01 6.97356000e+00
5.582800e+01 4.44863000e+00
5.584120e+01 2.90285000e+00
5.585430e+01 2.00692000e+00
5.586750e+01 1.47645000e+00
5.588060e+01 1.14621000e+00
5.590690e+01 7.81192000e-01
5.593330e+01 5.98081000e-01
5.598590e+01 4.31126000e-01
5.603850e+01 3.61327000e-01
5.614370e+01 3.08410000e-01
5.624900e+01 2.93186000e-01
5.667000e+01 3.32396000e-01
5.688040e+01 4.13275000e-01
5.698570e+01 4.93351000e-01
5.709090e+01 6.35760000e-01
5.719620e+01 9.26271000e-01
5.724880e+01 1.20082000e+00
5.730140e+01 1.67245000e+00
5.735400e+01 2.58585000e+00
5.738040e+01 3.40180000e+00
5.740670e+01 4.71884000e+00
5.743300e+01 7.03675000e+00
5.745930e+01 1.16372000e+01
5.747240e+01 1.57926000e+01
5.748560e+01 2.24448000e+01
5.749880e+01 3.36628000e+01
5.751190e+01 5.29522000e+01
5.752600e+01 8.45464000e+01
5.754000e+01 1.05589000e+02
5.755410e+01 8.45267000e+01
5.756810e+01 5.29282000e+01
5.757950e+01 3.56980000e+01
5.759080e+01 2.49135000e+01
5.760220e+01 1.81093000e+01
5.761350e+01 1.36626000e+01
5.763630e+01 8.51097000e+00
5.765900e+01 5.80444000e+00
5.768170e+01 4.22462000e+00
5.770440e+01 3.22893000e+00
5.774980e+01 2.09633000e+00
5.779530e+01 1.50396000e+00
5.784070e+01 1.15727000e+00
5.793160e+01 7.91145000e-01
5.802240e+01 6.15087000e-01
5.811330e+01 5.20737000e-01
5.829500e+01 4.41791000e-01
5.847670e+01 4.44533000e-01
5.865850e+01 5.52320000e-01
5.874930e+01 7.14198000e-01
5.879480e+01 8.69545000e-01
5.884020e+01 1.13596000e+00
5.888560e+01 1.64603000e+00
5.890830e+01 2.09482000e+00
5.893100e+01 2.80627000e+00
5.895380e+01 4.02622000e+00
5.897650e+01 6.34635000e+00
5.898780e+01 8.34998000e+00
5.899920e+01 1.14166000e+01
5.901060e+01 1.62793000e+01
5.902190e+01 2.40454000e+01
5.903600e+01 3.83160000e+01
5.905000e+01 4.78366000e+01
5.906410e+01 3.83070000e+01
5.907810e+01 2.40343000e+01
5.909380e+01 1.41491000e+01
5.910940e+01 8.96752000e+00
5.912510e+01 6.12412000e+00
5.914070e+01 4.44720000e+00
5.915640e+01 3.38881000e+00
5.917200e+01 2.68399000e+00
5.920330e+01 1.83781000e+00
5.923460e+01 1.37129000e+00
5.926600e+01 1.08843000e+00
5.932860e+01 7.78942000e-01
5.939120e+01 6.23495000e-01
5.945380e+01 5.35645000e-01
5.957900e+01 4.47889000e-01
5.982950e+01 3.95663000e-01
6.007990e+01 3.96543000e-01
6.058080e+01 4.63469000e-01
6.108180e+01 6.20003000e-01
6.158270e+01 9.69535000e-01
6.183310e+01 1.31894000e+00
6.208360e+01 1.95228000e+00
6.220880e+01 2.48167000e+00
6.233400e+01 3.28317000e+00
6.245930e+01 4.58061000e+00
6.258450e+01 6.88555000e+00
6.264710e+01 8.77700000e+00
6.270970e+01 1.15899000e+01
6.277230e+01 1.60359000e+01
6.283500e+01 2.36639000e+01
6.289760e+01 3.84012000e+01
6.292890e+01 5.15235000e+01
6.296020e+01 7.26169000e+01
6.299150e+01 1.09537000e+02
6.300710e+01 1.39180000e+02
6.302280e+01 1.82099000e+02
6.303850e+01 2.46992000e+02
6.305410e+01 3.49803000e+02
6.306980e+01 5.20570000e+02
6.308540e+01 8.09293000e+02
6.310270e+01 1.29510000e+03
6.312000e+01 1.61901000e+03
6.313730e+01 1.29471000e+03
6.315460e+01 8.08816000e+02
6.316800e+01 5.53752000e+02
6.318130e+01 3.90797000e+02
6.319460e+01 2.86002000e+02
6.320800e+01 2.16581000e+02
6.323470e+01 1.34942000e+02
6.326140e+01 9.14251000e+01
6.328810e+01 6.58003000e+01
6.331470e+01 4.95361000e+01
6.336810e+01 3.09170000e+01
6.342150e+01 2.11016000e+01
6.347490e+01 1.53165000e+01
6.352830e+01 1.16273000e+01
6.358160e+01 9.13345000e+00
6.368840e+01 6.07642000e+00
6.379510e+01 4.34674000e+00
6.390190e+01 3.27432000e+00
6.400860e+01 2.56425000e+00
6.422220e+01 1.71228000e+00
6.443570e+01 1.24045000e+00
6.464920e+01 9.52403000e-01
6.486270e+01 7.63943000e-01
6.528970e+01 5.41014000e-01
6.571670e+01 4.19929000e-01
6.657070e+01 3.01923000e-01
6.742480e+01 2.51880000e-01
6.827880e+01 2.30663000e-01
6.998690e+01 2.32201000e-01
7.169490e+01 2.84483000e-01
7.254900e+01 3.42699000e-01
7.340300e+01 4.47631000e-01
7.425700e+01 6.61884000e-01
7.468400e+01 8.65745000e-01
7.511100e+01 1.22262000e+00
7.553810e+01 1.94723000e+00
7.575160e+01 2.63864000e+00
7.596510e+01 3.85372000e+00
7.607180e+01 4.84766000e+00
7.617860e+01 6.32968000e+00
7.628530e+01 8.69303000e+00
7.639210e+01 1.28298000e+01
7.644550e+01 1.61894000e+01
7.649890e+01 2.11511000e+01
7.655220e+01 2.89361000e+01
7.657890e+01 3.46132000e+01
7.660560e+01 4.21921000e+01
7.663230e+01 5.26364000e+01
7.665900e+01 6.75840000e+01
7.668570e+01 9.00270000e+01
7.671240e+01 1.25854000e+02
7.673900e+01 1.87983000e+02
7.675240e+01 2.37461000e+02
7.676570e+01 3.08447000e+02
7.677910e+01 4.14614000e+02
7.679240e+01 5.80349000e+02
7.680580e+01 8.50313000e+02
7.681910e+01 1.29610000e+03
7.683460e+01 2.07401000e+03
7.685000e+01 2.59312000e+03
7.686550e+01 2.07361000e+03
7.688090e+01 1.29579000e+03
7.689230e+01 9.02134000e+02
7.690370e+01 6.45518000e+02
7.691510e+01 4.77818000e+02
7.692650e+01 3.65170000e+02
7.694930e+01 2.30991000e+02
7.697210e+01 1.58597000e+02
7.699490e+01 1.15687000e+02
7.701770e+01 8.83827000e+01
7.706330e+01 5.72180000e+01
7.710890e+01 4.11045000e+01
7.715450e+01 3.20585000e+01
7.724570e+01 2.41972000e+01
7.733690e+01 2.45584000e+01
7.738250e+01 2.81438000e+01
7.742810e+01 3.57786000e+01
7.747370e+01 5.17018000e+01
7.749650e+01 6.60698000e+01
7.751930e+01 8.89999000e+01
7.754210e+01 1.28255000e+02
7.756490e+01 2.02263000e+02
7.757630e+01 2.65371000e+02
7.758770e+01 3.60686000e+02
7.759910e+01 5.09179000e+02
7.761050e+01 7.41652000e+02
7.762530e+01 1.18382000e+03
7.764000e+01 1.47856000e+03
7.765480e+01 1.18329000e+03
7.766950e+01 7.40783000e+02
7.767930e+01 5.35272000e+02
7.768910e+01 3.95093000e+02
7.770860e+01 2.33581000e+02
7.772820e+01 1.51910000e+02
7.774770e+01 1.06261000e+02
7.776730e+01 7.84771000e+01
7.778680e+01 6.04316000e+01
7.782590e+01 3.92585000e+01
7.786510e+01 2.78114000e+01
7.790420e+01 2.09323000e+01
7.798240e+01 1.34207000e+01
7.806060e+01 9.62414000e+00
7.813880e+01 7.45948000e+00
7.829530e+01 5.33931000e+00
7.845170e+01 4.76858000e+00
7.852990e+01 5.00872000e+00
7.860810e+01 5.82444000e+00
7.868640e+01 7.84125000e+00
7.872550e+01 9.83533000e+00
7.876460e+01 1.32636000e+01
7.880370e+01 1.97482000e+01
7.882320e+01 2.53444000e+01
7.884280e+01 3.40134000e+01
7.886240e+01 4.83720000e+01
7.888190e+01 7.42329000e+01
7.890150e+01 1.25905000e+02
7.891120e+01 1.71158000e+02
7.892100e+01 2.37904000e+02
7.892830e+01 3.04107000e+02
7.893550e+01 3.79809000e+02
7.895000e+01 4.74468000e+02
7.896450e+01 3.79691000e+02
7.897900e+01 2.37724000e+02
7.899440e+01 1.42943000e+02
7.900970e+01 9.16311000e+01
7.902510e+01 6.28100000e+01
7.904040e+01 4.55204000e+01
7.905570e+01 3.44714000e+01
7.907110e+01 2.70393000e+01
7.910180e+01 1.80278000e+01
7.913250e+01 1.30003000e+01
7.916320e+01 9.92056000e+00
7.922460e+01 6.49754000e+00
7.928590e+01 4.73207000e+00
7.934730e+01 3.69842000e+00
7.947010e+01 2.58770000e+00
7.959290e+01 2.02713000e+00
7.971570e+01 1.70242000e+00
7.996120e+01 1.36386000e+00
8.045230e+01 1.16772000e+00
8.094340e+01 1.28067000e+00
8.143450e+01 1.76092000e+00
8.168010e+01 2.28829000e+00
8.192560e+01 3.26680000e+00
8.204840e+01 4.09130000e+00
8.217120e+01 5.34340000e+00
8.229390e+01 7.37477000e+00
8.241670e+01 1.09907000e+01
8.247810e+01 1.39626000e+01
8.253950e+01 1.83902000e+01
8.260090e+01 2.54031000e+01
8.266230e+01 3.74748000e+01
8.269300e+01 4.70756000e+01
8.272360e+01 6.09207000e+01
8.275430e+01 8.19209000e+01
8.278500e+01 1.15888000e+02
8.281570e+01 1.75891000e+02
8.283110e+01 2.24539000e+02
8.284640e+01 2.95567000e+02
8.286180e+01 4.04251000e+02
8.287710e+01 5.79245000e+02
8.289250e+01 8.76611000e+02
8.290780e+01 1.39294000e+03
8.292390e+01 2.22726000e+03
8.294000e+01 2.78284000e+03
8.295610e+01 2.22670000e+03
8.297220e+01 1.39230000e+03
8.298860e+01 8.50302000e+02
8.300500e+01 5.49678000e+02
8.302130e+01 3.77715000e+02
8.303770e+01 2.73196000e+02
8.305410e+01 2.05875000e+02
8.307050e+01 1.60316000e+02
8.310320e+01 1.04764000e+02
8.313600e+01 7.36638000e+01
8.316880e+01 5.45929000e+01
8.323430e+01 3.34621000e+01
8.329980e+01 2.26650000e+01
8.336530e+01 1.64343000e+01
8.343080e+01 1.25238000e+01
8.349630e+01 9.91720000e+00
8.362740e+01 6.78721000e+00
8.375840e+01 5.08351000e+00
8.388940e+01 4.09816000e+00
8.402050e+01 3.53452000e+00
8.428250e+01 3.25913000e+00
8.441360e+01 3.56714000e+00
8.454460e+01 4.39178000e+00
8.467560e+01 6.34800000e+00
8.474110e+01 8.29615000e+00
8.480660e+01 1.17240000e+01
8.487220e+01 1.85040000e+01
8.490490e+01 2.46581000e+01
8.493770e+01 3.47332000e+01
8.497040e+01 5.28297000e+01
8.498680e+01 6.77456000e+01
8.500320e+01 8.98933000e+01
8.501960e+01 1.24501000e+02
8.503600e+01 1.81951000e+02
8.504410e+01 2.25250000e+02
8.505230e+01 2.83652000e+02
8.506050e+01 3.63025000e+02
8.506870e+01 4.69830000e+02
8.508440e+01 7.50439000e+02
8.510000e+01 9.37188000e+02
8.511570e+01 7.50277000e+02
8.513130e+01 4.69629000e+02
8.514980e+01 2.66828000e+02
8.516820e+01 1.64083000e+02
8.518670e+01 1.09174000e+02
8.520510e+01 7.73502000e+01
8.522360e+01 5.75105000e+01
8.524200e+01 4.44142000e+01
8.527900e+01 2.88284000e+01
8.531590e+01 2.03156000e+01
8.535280e+01 1.51952000e+01
8.542660e+01 9.67782000e+00
8.550040e+01 7.08755000e+00
8.557430e+01 6.11387000e+00
8.561120e+01 6.32560000e+00
8.564810e+01 7.56574000e+00
8.566650e+01 9.06410000e+00
8.568500e+01 1.19114000e+01
8.570350e+01 1.77187000e+01
8.571270e+01 2.28021000e+01
8.572190e+01 3.02571000e+01
8.573600e+01 4.64994000e+01
8.575000e+01 5.73001000e+01
8.576410e+01 4.62987000e+01
8.577810e+01 2.98601000e+01
8.579290e+01 1.88796000e+01
8.580770e+01 1.28864000e+01
8.582260e+01 9.48383000e+00
8.583740e+01 7.41469000e+00
8.586700e+01 5.14724000e+00
8.589660e+01 3.98796000e+00
8.595590e+01 2.85203000e+00
8.601520e+01 2.29531000e+00
8.613370e+01 1.72833000e+00
8.625220e+01 1.42682000e+00
8.648930e+01 1.10027000e+00
8.672630e+01 9.27909000e-01
8.720040e+01 7.70341000e-01
8.767460e+01 7.42830000e-01
8.814870e+01 8.35731000e-01
8.838570e+01 9.61297000e-01
8.862280e+01 1.20372000e+00
8.885980e+01 1.72490000e+00
8.897840e+01 2.23600000e+00
8.909690e+01 3.14655000e+00
8.921540e+01 5.01335000e+00
8.927470e+01 6.78772000e+00
8.933400e+01 9.85362000e+00
8.939320e+01 1.58470000e+01
8.942290e+01 2.12520000e+01
8.945250e+01 3.00662000e+01
8.948210e+01 4.58163000e+01
8.949690e+01 5.87460000e+01
8.951170e+01 7.78525000e+01
8.952660e+01 1.07568000e+02
8.954140e+01 1.56503000e+02
8.955620e+01 2.42316000e+02
8.956360e+01 3.08704000e+02
8.957100e+01 3.97454000e+02
8.958550e+01 6.35979000e+02
8.960000e+01 7.95132000e+02
8.961450e+01 6.35872000e+02
8.962900e+01 3.97328000e+02
8.964290e+01 2.49086000e+02
8.965690e+01 1.64287000e+02
8.967080e+01 1.14544000e+02
8.968470e+01 8.37555000e+01
8.969860e+01 6.36494000e+01
8.971250e+01 4.99205000e+01
8.974040e+01 3.30120000e+01
8.976820e+01 2.34508000e+01
8.979610e+01 1.75528000e+01
8.985180e+01 1.09799000e+01
8.990740e+01 7.60649000e+00
8.996310e+01 5.65696000e+00
9.007450e+01 3.62381000e+00
9.018590e+01 2.66155000e+00
9.029730e+01 2.15742000e+00
9.052000e+01 1.77692000e+00
9.074280e+01 1.91575000e+00
9.085410e+01 2.23076000e+00
9.096550e+01 2.87547000e+00
9.107690e+01 4.27378000e+00
9.113260e+01 5.62470000e+00
9.118830e+01 7.96741000e+00
9.124390e+01 1.25390000e+01
9.127180e+01 1.66438000e+01
9.129960e+01 2.32934000e+01
9.132750e+01 3.50605000e+01
9.135530e+01 5.85837000e+01
9.136920e+01 7.99866000e+01
9.138320e+01 1.14551000e+02
9.139710e+01 1.73433000e+02
9.141100e+01 2.76146000e+02
9.142550e+01 4.41178000e+02
9.144000e+01 5.51083000e+02
9.145450e+01 4.41100000e+02
9.146900e+01 2.76047000e+02
9.147980e+01 1.92021000e+02
9.149050e+01 1.37334000e+02
9.150120e+01 1.01589000e+02
9.151200e+01 7.76135000e+01
9.153350e+01 4.90489000e+01
9.155500e+01 3.36306000e+01
9.157650e+01 2.44764000e+01
9.159790e+01 1.86325000e+01
9.164090e+01 1.19039000e+01
9.168390e+01 8.33815000e+00
9.172690e+01 6.22870000e+00
9.181280e+01 3.96616000e+00
9.189880e+01 2.84392000e+00
9.198470e+01 2.20827000e+00
9.215670e+01 1.55511000e+00
9.232860e+01 1.24801000e+00
9.250050e+01 1.08470000e+00
9.284430e+01 9.40965000e-01
9.353200e+01 9.21392000e-01
9.421960e+01 1.05774000e+00
9.490720e+01 1.34002000e+00
9.559490e+01 1.89522000e+00
9.593870e+01 2.42023000e+00
9.628250e+01 3.46142000e+00
9.645440e+01 4.57710000e+00
9.654040e+01 5.55445000e+00
9.662640e+01 7.17799000e+00
9.671230e+01 1.02984000e+01
9.675530e+01 1.31322000e+01
9.679830e+01 1.78501000e+01
9.684120e+01 2.66406000e+01
9.686270e+01 3.42103000e+01
9.688420e+01 4.59922000e+01
9.689500e+01 5.44928000e+01
9.690570e+01 6.56884000e+01
9.691650e+01 8.08247000e+01
9.692720e+01 1.01821000e+02
9.693800e+01 1.31899000e+02
9.694870e+01 1.76272000e+02
9.695940e+01 2.43484000e+02
9.697020e+01 3.45401000e+02
9.697760e+01 4.41131000e+02
9.698510e+01 5.50528000e+02
9.700000e+01 6.87140000e+02
9.700750e+01 6.46908000e+02
9.701490e+01 5.50381000e+02
9.702980e+01 3.45472000e+02
9.704710e+01 1.99309000e+02
9.706440e+01 1.24545000e+02
9.708170e+01 8.43184000e+01
9.709900e+01 6.09107000e+01
9.711630e+01 4.62878000e+01
9.713360e+01 3.66266000e+01
9.716820e+01 2.51563000e+01
9.720280e+01 1.89309000e+01
9.723740e+01 1.52276000e+01
9.730660e+01 1.13260000e+01
9.744500e+01 8.70061000e+00
9.758340e+01 8.32800000e+00
9.786010e+01 9.99363000e+00
9.813690e+01 1.43044000e+01
9.827530e+01 1.80307000e+01
9.841360e+01 2.36459000e+01
9.855200e+01 3.25768000e+01
9.869040e+01 4.79521000e+01
9.875960e+01 6.01519000e+01
9.882880e+01 7.77056000e+01
9.889800e+01 1.04222000e+02
9.896720e+01 1.46890000e+02
9.903630e+01 2.21616000e+02
9.907090e+01 2.81694000e+02
9.910550e+01 3.68729000e+02
9.914010e+01 5.00408000e+02
9.917470e+01 7.09379000e+02
9.920930e+01 1.05711000e+03
9.924390e+01 1.64627000e+03
9.928200e+01 2.63297000e+03
9.932000e+01 3.28964000e+03
9.935810e+01 2.63087000e+03
9.939610e+01 1.64415000e+03
9.943390e+01 1.01549000e+03
9.947160e+01 6.61935000e+02
9.950930e+01 4.57386000e+02
9.954710e+01 3.32102000e+02
9.958480e+01 2.50919000e+02
9.962260e+01 1.95760000e+02
9.969810e+01 1.28205000e+02
9.977350e+01 9.02173000e+01
9.984900e+01 6.68552000e+01
1.000000e+02 4.08946000e+01
1.001090e+02 3.05305000e+01
1.002180e+02 2.36829000e+01
1.004370e+02 1.54843000e+01
1.006550e+02 1.09594000e+01
1.008730e+02 8.20915000e+00
1.013090e+02 5.20072000e+00
1.017460e+02 3.71873000e+00
1.021820e+02 2.94947000e+00
1.026190e+02 2.64471000e+00
1.028370e+02 2.70707000e+00
1.030550e+02 3.13637000e+00
1.031640e+02 3.76696000e+00
1.032190e+02 4.37348000e+00
1.032730e+02 5.41735000e+00
1.033280e+02 7.44546000e+00
1.033550e+02 9.25964000e+00
1.033820e+02 1.21794000e+01
1.034100e+02 1.73470000e+01
1.034370e+02 2.76567000e+01
1.034510e+02 3.70625000e+01
1.034640e+02 5.21141000e+01
1.034780e+02 7.76432000e+01
1.034910e+02 1.21935000e+02
1.035060e+02 1.93582000e+02
1.035200e+02 2.41291000e+02
1.035340e+02 1.93573000e+02
1.035490e+02 1.21938000e+02
1.035640e+02 7.36540000e+01
1.035790e+02 4.76590000e+01
1.035950e+02 3.31286000e+01
1.036100e+02 2.44872000e+01
1.036400e+02 1.52532000e+01
1.036710e+02 1.07792000e+01
1.037010e+02 8.30170000e+00
1.037320e+02 6.81045000e+00
1.037930e+02 5.20302000e+00
1.039150e+02 4.04134000e+00
1.040370e+02 3.77848000e+00
1.042810e+02 4.18942000e+00
1.045250e+02 5.56949000e+00
1.046470e+02 6.82623000e+00
1.047700e+02 8.77307000e+00
1.048920e+02 1.19587000e+01
1.050140e+02 1.76371000e+01
1.050750e+02 2.22952000e+01
1.051360e+02 2.91923000e+01
1.051970e+02 4.00569000e+01
1.052270e+02 4.79688000e+01
1.052580e+02 5.85232000e+01
1.052890e+02 7.30859000e+01
1.053190e+02 9.37939000e+01
1.053500e+02 1.24707000e+02
1.053800e+02 1.73646000e+02
1.054110e+02 2.57325000e+02
1.054260e+02 3.23241000e+02
1.054410e+02 4.15953000e+02
1.054560e+02 5.52877000e+02
1.054720e+02 7.60147000e+02
1.054870e+02 1.08896000e+03
1.055020e+02 1.60666000e+03
1.055210e+02 2.55658000e+03
1.055400e+02 3.18404000e+03
1.055590e+02 2.55586000e+03
1.055780e+02 1.60586000e+03
1.055970e+02 1.00379000e+03
1.056150e+02 6.59751000e+02
1.056340e+02 4.58514000e+02
1.056520e+02 3.34803000e+02
1.056700e+02 2.53698000e+02
1.056890e+02 1.98619000e+02
1.057260e+02 1.30625000e+02
1.057630e+02 9.21381000e+01
1.058000e+02 6.84711000e+01
1.058730e+02 4.20823000e+01
1.059470e+02 2.84994000e+01
1.060210e+02 2.06303000e+01
1.060950e+02 1.56639000e+01
1.061690e+02 1.23306000e+01
1.063160e+02 8.27103000e+00
1.064640e+02 5.98875000e+00
1.066120e+02 4.57650000e+00
1.067590e+02 3.64246000e+00
1.070550e+02 2.51959000e+00
1.073500e+02 1.89499000e+00
1.079410e+02 1.26064000e+00
1.085310e+02 9.66176000e-01
1.091220e+02 8.16093000e-01
1.103030e+02 7.27259000e-01
1.114840e+02 8.56359000e-01
1.120750e+02 1.05055000e+00
1.126660e+02 1.43638000e+00
1.129610e+02 1.77075000e+00
1.132560e+02 2.28584000e+00
1.135520e+02 3.13264000e+00
1.138470e+02 4.66218000e+00
1.139950e+02 5.93577000e+00
1.141420e+02 7.85407000e+00
1.142900e+02 1.09418000e+01
1.144370e+02 1.63725000e+01
1.145110e+02 2.07922000e+01
1.145850e+02 2.72964000e+01
1.146590e+02 3.74425000e+01
1.147330e+02 5.45309000e+01
1.148070e+02 8.66566000e+01
1.148440e+02 1.14370000e+02
1.148800e+02 1.57520000e+02
1.149170e+02 2.29571000e+02
1.149540e+02 3.61322000e+02
1.149730e+02 4.70866000e+02
1.149910e+02 6.31105000e+02
1.150100e+02 8.73984000e+02
1.150280e+02 1.23826000e+03
1.150540e+02 1.98244000e+03
1.150800e+02 2.47887000e+03
1.151060e+02 1.98167000e+03
1.151320e+02 1.23745000e+03
1.151570e+02 7.78960000e+02
1.151810e+02 5.14967000e+02
1.152060e+02 3.59413000e+02
1.152310e+02 2.62818000e+02
1.152800e+02 1.56356000e+02
1.153300e+02 1.03048000e+02
1.153790e+02 7.27762000e+01
1.154280e+02 5.40985000e+01
1.155270e+02 3.32116000e+01
1.156260e+02 2.24495000e+01
1.157240e+02 1.62096000e+01
1.158230e+02 1.22727000e+01
1.159220e+02 9.63296000e+00
1.161190e+02 6.42710000e+00
1.163170e+02 4.63701000e+00
1.165140e+02 3.54467000e+00
1.167120e+02 2.83995000e+00
1.171060e+02 2.07201000e+00
1.175010e+02 1.89332000e+00
1.176990e+02 2.14048000e+00
1.177970e+02 2.47106000e+00
1.178960e+02 3.11697000e+00
1.179950e+02 4.49971000e+00
1.180440e+02 5.82912000e+00
1.180940e+02 8.11471000e+00
1.181430e+02 1.25316000e+01
1.181680e+02 1.64464000e+01
1.181920e+02 2.26699000e+01
1.182170e+02 3.34793000e+01
1.182420e+02 5.43644000e+01
1.182540e+02 7.27715000e+01
1.182660e+02 1.01154000e+02
1.182790e+02 1.46988000e+02
1.182910e+02 2.21876000e+02
1.182980e+02 2.84076000e+02
1.183060e+02 3.55193000e+02
1.183200e+02 4.43339000e+02
1.183350e+02 3.54161000e+02
1.183490e+02 2.21798000e+02
1.183650e+02 1.31478000e+02
1.183810e+02 8.35608000e+01
1.183960e+02 5.67477000e+01
1.184120e+02 4.08759000e+01
1.184280e+02 3.07296000e+01
1.184440e+02 2.39765000e+01
1.184750e+02 1.57929000e+01
1.185070e+02 1.12534000e+01
1.185380e+02 8.48455000e+00
1.186010e+02 5.42988000e+00
1.186640e+02 3.86574000e+00
1.187270e+02 2.95968000e+00
1.188530e+02 1.99695000e+00
1.189790e+02 1.51733000e+00
1.191050e+02 1.24047000e+00
1.193570e+02 9.42307000e-01
1.198600e+02 6.97043000e-01
1.203640e+02 5.98826000e-01
1.213710e+02 5.49248000e-01
1.223790e+02 6.20141000e-01
1.233860e+02 8.67827000e-01
1.238900e+02 1.13772000e+00
1.243930e+02 1.64082000e+00
1.246450e+02 2.06727000e+00
1.248970e+02 2.71798000e+00
1.251490e+02 3.78080000e+00
1.254010e+02 5.68810000e+00
1.255270e+02 7.26953000e+00
1.256530e+02 9.64171000e+00
1.257790e+02 1.34367000e+01
1.259040e+02 2.00642000e+01
1.259670e+02 2.54136000e+01
1.260300e+02 3.32236000e+01
1.260930e+02 4.53037000e+01
1.261560e+02 6.53253000e+01
1.262190e+02 1.02132000e+02
1.262510e+02 1.33190000e+02
1.262820e+02 1.80231000e+02
1.263140e+02 2.56365000e+02
1.263450e+02 3.88777000e+02
1.263770e+02 6.39623000e+02
1.263920e+02 8.47319000e+02
1.264080e+02 1.14083000e+03
1.264340e+02 1.82201000e+03
1.264600e+02 2.27457000e+03
1.264860e+02 1.82135000e+03
1.265120e+02 1.14014000e+03
1.265320e+02 7.89511000e+02
1.265510e+02 5.63014000e+02
1.265700e+02 4.15389000e+02
1.265900e+02 3.16431000e+02
1.266290e+02 1.98782000e+02
1.266670e+02 1.35378000e+02
1.267060e+02 9.77749000e+01
1.267450e+02 7.37889000e+01
1.268230e+02 4.61954000e+01
1.269000e+02 3.15727000e+01
1.269780e+02 2.29425000e+01
1.270550e+02 1.74270000e+01
1.271330e+02 1.36922000e+01
1.272880e+02 9.10497000e+00
1.274440e+02 6.50705000e+00
1.275990e+02 4.89455000e+00
1.277540e+02 3.82590000e+00
1.280640e+02 2.54261000e+00
1.283750e+02 1.83216000e+00
1.286850e+02 1.39885000e+00
1.289960e+02 1.11632000e+00
1.296170e+02 7.85433000e-01
1.302380e+02 6.11735000e-01
1.314790e+02 4.68699000e-01
1.327210e+02 4.77105000e-01
1.333420e+02 5.43397000e-01
1.339630e+02 6.88099000e-01
1.345840e+02 1.01116000e+00
1.348950e+02 1.33088000e+00
1.352050e+02 1.90350000e+00
1.353600e+02 2.37841000e+00
1.355150e+02 3.09337000e+00
1.356710e+02 4.24683000e+00
1.358260e+02 6.29575000e+00
1.359040e+02 7.98429000e+00
1.359810e+02 1.05051000e+01
1.360590e+02 1.45210000e+01
1.361360e+02 2.15045000e+01
1.361750e+02 2.71173000e+01
1.362140e+02 3.53034000e+01
1.362530e+02 4.79040000e+01
1.362920e+02 6.87354000e+01
1.363110e+02 8.46459000e+01
1.363300e+02 1.06740000e+02
1.363500e+02 1.38605000e+02
1.363690e+02 1.86751000e+02
1.363890e+02 2.63820000e+02
1.364080e+02 3.96248000e+02
1.364180e+02 4.99425000e+02
1.364270e+02 6.42745000e+02
1.364370e+02 8.44318000e+02
1.364470e+02 1.12600000e+03
1.364630e+02 1.80394000e+03
1.364800e+02 2.25244000e+03
1.364970e+02 1.79930000e+03
1.365130e+02 1.12569000e+03
1.365270e+02 7.48255000e+02
1.365410e+02 5.15781000e+02
1.365550e+02 3.71059000e+02
1.365690e+02 2.77437000e+02
1.365970e+02 1.70069000e+02
1.366240e+02 1.14334000e+02
1.366520e+02 8.18739000e+01
1.366800e+02 6.15594000e+01
1.367350e+02 3.84922000e+01
1.367910e+02 2.64726000e+01
1.368460e+02 1.94589000e+01
1.369570e+02 1.20856000e+01
1.370690e+02 8.57642000e+00
1.371800e+02 6.74505000e+00
1.374020e+02 5.41902000e+00
1.376240e+02 6.10843000e+00
1.377350e+02 7.44288000e+00
1.378460e+02 1.01066000e+01
1.379570e+02 1.57496000e+01
1.380120e+02 2.10783000e+01
1.380680e+02 3.00927000e+01
1.381230e+02 4.70072000e+01
1.381510e+02 6.16034000e+01
1.381790e+02 8.41569000e+01
1.382060e+02 1.21719000e+02
1.382340e+02 1.89468000e+02
1.382480e+02 2.45223000e+02
1.382620e+02 3.26464000e+02
1.382760e+02 4.47480000e+02
1.382900e+02 6.25915000e+02
1.383100e+02 1.00042000e+03
1.383300e+02 1.24982000e+03
1.383500e+02 1.00020000e+03
1.383700e+02 6.25635000e+02
1.383930e+02 3.64199000e+02
1.384160e+02 2.27627000e+02
1.384390e+02 1.52970000e+02
1.384610e+02 1.09007000e+02
1.384840e+02 8.13150000e+01
1.385070e+02 6.28775000e+01
1.385520e+02 4.07544000e+01
1.385970e+02 2.85553000e+01
1.386430e+02 2.11452000e+01
1.387340e+02 1.29948000e+01
1.388240e+02 8.84922000e+00
1.389150e+02 6.45483000e+00
1.390060e+02 4.94543000e+00
1.390970e+02 3.93109000e+00
1.392780e+02 2.69059000e+00
1.394600e+02 1.98574000e+00
1.398230e+02 1.24910000e+00
1.401860e+02 8.87462000e-01
1.405500e+02 6.82142000e-01
1.412760e+02 4.72136000e-01
1.420020e+02 3.85129000e-01
1.427290e+02 3.84092000e-01
1.430920e+02 4.44582000e-01
1.432730e+02 5.15466000e-01
1.434550e+02 6.50425000e-01
1.436370e+02 9.40485000e-01
1.437270e+02 1.22476000e+00
1.438180e+02 1.72924000e+00
1.439090e+02 2.75288000e+00
1.439540e+02 3.71262000e+00
1.440000e+02 5.34411000e+00
1.440450e+02 8.44840000e+00
1.440680e+02 1.11677000e+01
1.440910e+02 1.54652000e+01
1.441130e+02 2.27956000e+01
1.441360e+02 3.66417000e+01
1.441470e+02 4.85665000e+01
1.441590e+02 6.65158000e+01
1.441700e+02 9.46289000e+01
1.441810e+02 1.38927000e+02
1.441880e+02 1.77757000e+02
1.441960e+02 2.22132000e+02
1.442100e+02 2.77593000e+02
1.442240e+02 2.22109000e+02
1.442390e+02 1.38898000e+02
1.442550e+02 8.18390000e+01
1.442700e+02 5.15998000e+01
1.442860e+02 3.48907000e+01
1.443020e+02 2.49782000e+01
1.443180e+02 1.87025000e+01
1.443340e+02 1.45088000e+01
1.443650e+02 9.47098000e+00
1.443970e+02 6.67377000e+00
1.444280e+02 4.97270000e+00
1.444910e+02 3.10376000e+00
1.445550e+02 2.15322000e+00
1.446180e+02 1.60721000e+00
1.447440e+02 1.03635000e+00
1.448700e+02 7.60459000e-01
1.449970e+02 6.07673000e-01
1.452490e+02 4.56607000e-01
1.457540e+02 3.67021000e-01
1.462590e+02 3.80167000e-01
1.467640e+02 4.79455000e-01
1.470170e+02 5.88973000e-01
1.472690e+02 7.88607000e-01
1.475220e+02 1.20321000e+00
1.476480e+02 1.60270000e+00
1.477740e+02 2.30670000e+00
1.479010e+02 3.73931000e+00
1.479640e+02 5.09387000e+00
1.480270e+02 7.42905000e+00
1.480900e+02 1.19961000e+01
1.481220e+02 1.61177000e+01
1.481530e+02 2.28199000e+01
1.481850e+02 3.48476000e+01
1.482010e+02 4.47379000e+01
1.482160e+02 5.92799000e+01
1.482320e+02 8.20530000e+01
1.482480e+02 1.19706000e+02
1.482560e+02 1.47976000e+02
1.482640e+02 1.85981000e+02
1.482720e+02 2.37432000e+02
1.482790e+02 3.05467000e+02
1.482870e+02 3.91372000e+02
1.482950e+02 4.88178000e+02
1.483100e+02 6.09850000e+02
1.483180e+02 5.73613000e+02
1.483250e+02 4.88136000e+02
1.483410e+02 3.05429000e+02
1.483510e+02 2.18730000e+02
1.483610e+02 1.60153000e+02
1.483720e+02 1.20647000e+02
1.483820e+02 9.34304000e+01
1.484030e+02 6.01366000e+01
1.484240e+02 4.17527000e+01
1.484450e+02 3.05831000e+01
1.484650e+02 2.33718000e+01
1.485070e+02 1.50010000e+01
1.485480e+02 1.05212000e+01
1.485900e+02 7.87629000e+00
1.486730e+02 5.06893000e+00
1.487560e+02 3.73735000e+00
1.488390e+02 3.06623000e+00
1.490050e+02 2.69839000e+00
1.491710e+02 3.30220000e+00
1.492540e+02 4.15316000e+00
1.493370e+02 5.77442000e+00
1.494210e+02 9.15014000e+00
1.494620e+02 1.23142000e+01
1.495040e+02 1.76507000e+01
1.495450e+02 2.76729000e+01
1.495660e+02 3.63004000e+01
1.495870e+02 4.95990000e+01
1.496070e+02 7.17414000e+01
1.496280e+02 1.11542000e+02
1.496390e+02 1.44264000e+02
1.496490e+02 1.91857000e+02
1.496590e+02 2.62589000e+02
1.496700e+02 3.66293000e+02
1.496850e+02 5.85266000e+02
1.497000e+02 7.31004000e+02
1.497150e+02 5.85186000e+02
1.497300e+02 3.66186000e+02
1.497400e+02 2.65808000e+02
1.497500e+02 1.97381000e+02
1.497700e+02 1.17407000e+02
1.497890e+02 7.64227000e+01
1.498090e+02 5.33062000e+01
1.498290e+02 3.91714000e+01
1.498480e+02 2.99585000e+01
1.498870e+02 1.91336000e+01
1.499270e+02 1.32725000e+01
1.499660e+02 9.77022000e+00
1.500440e+02 5.96399000e+00
1.501230e+02 4.04773000e+00
1.502010e+02 2.95061000e+00
1.502800e+02 2.26175000e+00
1.503580e+02 1.80131000e+00
1.505150e+02 1.24032000e+00
1.506720e+02 9.23152000e-01
1.509860e+02 5.93324000e-01
1.512990e+02 4.32179000e-01
1.516130e+02 3.40602000e-01
1.522410e+02 2.44783000e-01
1.528680e+02 1.98017000e-01
1.534960e+02 1.71990000e-01
1.547510e+02 1.47165000e-01
1.572620e+02 1.42122000e-01
1.585170e+02 1.63876000e-01
1.588310e+02 1.82179000e-01
1.591440e+02 2.28699000e-01
1.593010e+02 2.88677000e-01
1.593800e+02 3.45943000e-01
1.594580e+02 4.45899000e-01
1.595370e+02 6.45993000e-01
1.595760e+02 8.31121000e-01
1.596150e+02 1.14212000e+00
1.596540e+02 1.72381000e+00
1.596740e+02 2.22448000e+00
1.596930e+02 3.00159000e+00
1.597130e+02 4.29349000e+00
1.597330e+02 6.64045000e+00
1.597420e+02 8.57270000e+00
1.597520e+02 1.13969000e+01
1.597620e+02 1.56208000e+01
1.597720e+02 2.19351000e+01
1.597860e+02 3.50227000e+01
1.598000e+02 4.37554000e+01
1.598140e+02 3.50200000e+01
1.598280e+02 2.19320000e+01
1.598410e+02 1.41372000e+01
1.598540e+02 9.53709000e+00
1.598670e+02 6.77241000e+00
1.598790e+02 5.04149000e+00
1.599050e+02 3.08924000e+00
1.599300e+02 2.10098000e+00
1.599560e+02 1.53423000e+00
1.599820e+02 1.18342000e+00
1.600330e+02 7.88927000e-01
1.600840e+02 5.85170000e-01
1.601350e+02 4.66811000e-01
1.602370e+02 3.42405000e-01
1.604410e+02 2.49406000e-01
1.606460e+02 2.17550000e-01
1.614630e+02 2.00499000e-01
1.630980e+02 2.63395000e-01
1.639160e+02 3.45624000e-01
1.643250e+02 4.21522000e-01
1.647330e+02 5.53136000e-01
1.651420e+02 8.22009000e-01
1.653460e+02 1.08218000e+00
1.655510e+02 1.54626000e+00
1.656530e+02 1.93089000e+00
1.657550e+02 2.51004000e+00
1.658570e+02 3.44245000e+00
1.659600e+02 5.08911000e+00
1.660110e+02 6.43317000e+00
1.660620e+02 8.42301000e+00
1.661130e+02 1.15484000e+01
1.661640e+02 1.68659000e+01
1.662150e+02 2.70025000e+01
1.662410e+02 3.59235000e+01
1.662660e+02 5.00013000e+01
1.662920e+02 7.42029000e+01
1.663050e+02 9.32386000e+01
1.663170e+02 1.19999000e+02
1.663300e+02 1.59616000e+02
1.663430e+02 2.19615000e+02
1.663560e+02 3.15190000e+02
1.663680e+02 4.66162000e+02
1.663840e+02 7.45971000e+02
1.664000e+02 9.32604000e+02
1.664160e+02 7.45888000e+02
1.664320e+02 4.66065000e+02
1.664480e+02 2.81076000e+02
1.664650e+02 1.80093000e+02
1.664820e+02 1.23024000e+02
1.664980e+02 8.86315000e+01
1.665150e+02 6.66126000e+01
1.665310e+02 5.17777000e+01
1.665650e+02 3.37691000e+01
1.665980e+02 2.37304000e+01
1.666310e+02 1.75919000e+01
1.666970e+02 1.08066000e+01
1.667640e+02 7.34721000e+00
1.668300e+02 5.35197000e+00
1.668970e+02 4.09930000e+00
1.669630e+02 3.26369000e+00
1.670960e+02 2.25213000e+00
1.672280e+02 1.69013000e+00
1.674940e+02 1.12575000e+00
1.677590e+02 8.69908000e-01
1.680250e+02 7.40394000e-01
1.685560e+02 6.41070000e-01
1.696180e+02 6.87404000e-01
1.706800e+02 9.26994000e-01
1.712110e+02 1.14517000e+00
1.717420e+02 1.47885000e+00
1.722730e+02 2.01697000e+00
1.728040e+02 2.96326000e+00
1.730700e+02 3.73340000e+00
1.733350e+02 4.87416000e+00
1.736010e+02 6.67621000e+00
1.738660e+02 9.79296000e+00
1.739990e+02 1.23003000e+01
1.741320e+02 1.59735000e+01
1.742640e+02 2.17001000e+01
1.743970e+02 3.13865000e+01
1.745300e+02 4.98883000e+01
1.745960e+02 6.62539000e+01
1.746630e+02 9.24367000e+01
1.747290e+02 1.38234000e+02
1.747950e+02 2.28375000e+02
1.748290e+02 3.09168000e+02
1.748620e+02 4.37724000e+02
1.748950e+02 6.52390000e+02
1.749280e+02 1.01601000e+03
1.749640e+02 1.61623000e+03
1.750000e+02 2.01380000e+03
1.750360e+02 1.61657000e+03
1.750720e+02 1.01734000e+03
1.750990e+02 7.05401000e+02
1.751270e+02 5.04514000e+02
1.751540e+02 3.74308000e+02
1.751810e+02 2.87553000e+02
1.752350e+02 1.85363000e+02
1.752900e+02 1.31656000e+02
1.753440e+02 1.01065000e+02
1.753990e+02 8.31282000e+01
1.754530e+02 7.29386000e+01
1.755080e+02 6.82608000e+01
1.755620e+02 6.83037000e+01
1.756160e+02 7.33802000e+01
1.756440e+02 7.82707000e+01
1.756710e+02 8.51723000e+01
1.756980e+02 9.46885000e+01
1.757250e+02 1.07716000e+02
1.757530e+02 1.25724000e+02
1.757800e+02 1.50810000e+02
1.758070e+02 1.86708000e+02
1.758340e+02 2.39772000e+02
1.758610e+02 3.21520000e+02
1.758890e+02 4.53799000e+02
1.759160e+02 6.78829000e+02
1.759290e+02 8.48025000e+02
1.759430e+02 1.06956000e+03
1.759720e+02 1.69745000e+03
1.760000e+02 2.11320000e+03
1.760290e+02 1.69577000e+03
1.760570e+02 1.06666000e+03
1.760770e+02 7.62619000e+02
1.760960e+02 5.58864000e+02
1.761160e+02 4.21138000e+02
1.761360e+02 3.26951000e+02
1.761750e+02 2.11586000e+02
1.762140e+02 1.47673000e+02
1.762540e+02 1.09000000e+02
1.762930e+02 8.39356000e+01
1.763710e+02 5.45797000e+01
1.764500e+02 3.86388000e+01
1.765290e+02 2.90049000e+01
1.766860e+02 1.83666000e+01
1.768430e+02 1.28595000e+01
1.770000e+02 9.60991000e+00
1.773140e+02 6.07887000e+00
1.776290e+02 4.29917000e+00
1.779430e+02 3.35234000e+00
1.781000e+02 3.14420000e+00
1.782570e+02 3.29350000e+00
1.783360e+02 3.74762000e+00
1.784140e+02 5.08821000e+00
1.784540e+02 6.74599000e+00
1.784930e+02 1.04525000e+01
1.785130e+02 1.42327000e+01
1.785320e+02 2.10664000e+01
1.785520e+02 3.48481000e+01
1.785620e+02 4.70135000e+01
1.785710e+02 6.51003000e+01
1.785860e+02 1.03031000e+02
1.786000e+02 1.28334000e+02
1.786140e+02 1.02987000e+02
1.786290e+02 6.50200000e+01
1.786450e+02 3.84063000e+01
1.786610e+02 2.45806000e+01
1.786770e+02 1.70478000e+01
1.786930e+02 1.26180000e+01
1.787260e+02 7.96656000e+00
1.787580e+02 5.72972000e+00
1.787910e+02 4.47980000e+00
1.788230e+02 3.71019000e+00
1.788880e+02 2.84111000e+00
1.790170e+02 2.08436000e+00
1.791470e+02 1.73930000e+00
1.794060e+02 1.38554000e+00
1.796640e+02 1.18213000e+00
1.801820e+02 9.30667000e-01
1.807000e+02 7.76225000e-01
1.817360e+02 6.45021000e-01
1.819950e+02 6.75966000e-01
1.822540e+02 8.21131000e-01
1.823830e+02 1.03789000e+00
1.824480e+02 1.25119000e+00
1.825130e+02 1.62696000e+00
1.825780e+02 2.37642000e+00
1.826100e+02 3.06287000e+00
1.826420e+02 4.19381000e+00
1.826750e+02 6.25950000e+00
1.826910e+02 7.98787000e+00
1.827070e+02 1.05729000e+01
1.827230e+02 1.47140000e+01
1.827390e+02 2.17847000e+01
1.827560e+02 3.48175000e+01
1.827720e+02 5.97938000e+01
1.827860e+02 9.53467000e+01
1.828000e+02 1.19027000e+02
1.828140e+02 9.53372000e+01
1.828280e+02 5.97805000e+01
1.828390e+02 4.18546000e+01
1.828490e+02 3.02070000e+01
1.828600e+02 2.24765000e+01
1.828700e+02 1.73108000e+01
1.828910e+02 1.10912000e+01
1.829110e+02 7.72867000e+00
1.829320e+02 5.71318000e+00
1.829520e+02 4.42862000e+00
1.829940e+02 2.94009000e+00
1.830350e+02 2.14820000e+00
1.830760e+02 1.67810000e+00
1.831590e+02 1.17126000e+00
1.832420e+02 9.17621000e-01
1.833240e+02 7.72198000e-01
1.834890e+02 6.19228000e-01
1.838200e+02 5.01398000e-01
1.841500e+02 4.61444000e-01
1.844810e+02 4.58142000e-01
1.848110e+02 5.09207000e-01
1.849760e+02 5.94563000e-01
1.851410e+02 8.33940000e-01
1.852240e+02 1.14559000e+00
1.852650e+02 1.43676000e+00
1.853070e+02 1.92906000e+00
1.853480e+02 2.85706000e+00
1.853690e+02 3.66406000e+00
1.853890e+02 4.91950000e+00
1.854100e+02 7.03826000e+00
1.854300e+02 1.09256000e+01
1.854410e+02 1.42080000e+01
1.854510e+02 1.90314000e+01
1.854610e+02 2.63654000e+01
1.854720e+02 3.75316000e+01
1.854860e+02 5.98577000e+01
1.855000e+02 7.45779000e+01
1.855140e+02 5.96852000e+01
1.855280e+02 3.75252000e+01
1.855430e+02 2.28401000e+01
1.855580e+02 1.48296000e+01
1.855720e+02 1.02731000e+01
1.855870e+02 7.51422000e+00
1.856020e+02 5.73214000e+00
1.856160e+02 4.53813000e+00
1.856450e+02 3.08440000e+00
1.856750e+02 2.26947000e+00
1.857040e+02 1.77217000e+00
1.857620e+02 1.22047000e+00
1.858210e+02 9.38731000e-01
1.858790e+02 7.76027000e-01
1.859960e+02 6.05478000e-01
1.862300e+02 4.77502000e-01
1.864640e+02 4.33180000e-01
1.874000e+02 4.17601000e-01
1.883360e+02 5.10472000e-01
1.885700e+02 5.80989000e-01
1.888040e+02 7.48256000e-01
1.889210e+02 9.54432000e-01
1.889790e+02 1.14634000e+00
1.890380e+02 1.47469000e+00
1.890960e+02 2.11242000e+00
1.891260e+02 2.68755000e+00
1.891550e+02 3.62193000e+00
1.891840e+02 5.29923000e+00
1.892130e+02 8.70814000e+00
1.892280e+02 1.18761000e+01
1.892430e+02 1.71106000e+01
1.892570e+02 2.63185000e+01
1.892720e+02 4.30559000e+01
1.892860e+02 6.86567000e+01
1.893000e+02 8.55555000e+01
1.893140e+02 6.84627000e+01
1.893280e+02 4.30562000e+01
1.893390e+02 2.99689000e+01
1.893490e+02 2.15497000e+01
1.893600e+02 1.60548000e+01
1.893700e+02 1.23668000e+01
1.893910e+02 7.97684000e+00
1.894120e+02 5.60849000e+00
1.894340e+02 4.19818000e+00
1.894550e+02 3.30401000e+00
1.894970e+02 2.27665000e+00
1.895390e+02 1.73395000e+00
1.895810e+02 1.41637000e+00
1.896650e+02 1.08168000e+00
1.898330e+02 8.38698000e-01
1.900010e+02 7.67962000e-01
1.906730e+02 8.27750000e-01
1.913460e+02 1.07672000e+00
1.920180e+02 1.55696000e+00
1.923550e+02 1.96175000e+00
1.926910e+02 2.57486000e+00
1.930270e+02 3.56666000e+00
1.933630e+02 5.32681000e+00
1.935310e+02 6.77093000e+00
1.936990e+02 8.91709000e+00
1.938680e+02 1.23081000e+01
1.940360e+02 1.81280000e+01
1.941200e+02 2.27443000e+01
1.942040e+02 2.93769000e+01
1.942880e+02 3.94086000e+01
1.943720e+02 5.55372000e+01
1.944560e+02 8.38394000e+01
1.944980e+02 1.06584000e+02
1.945400e+02 1.39564000e+02
1.945820e+02 1.89638000e+02
1.946240e+02 2.69083000e+02
1.946660e+02 4.01538000e+02
1.947080e+02 6.26497000e+02
1.947540e+02 1.00210000e+03
1.948000e+02 1.25225000e+03
1.948460e+02 1.00161000e+03
1.948920e+02 6.26006000e+02
1.949320e+02 4.11067000e+02
1.949710e+02 2.80892000e+02
1.950110e+02 2.00767000e+02
1.950500e+02 1.49376000e+02
1.951290e+02 9.08843000e+01
1.952080e+02 6.07301000e+01
1.952870e+02 4.33149000e+01
1.953660e+02 3.24329000e+01
1.955240e+02 2.01367000e+01
1.956830e+02 1.37454000e+01
1.958410e+02 1.00170000e+01
1.959990e+02 7.66096000e+00
1.961570e+02 6.08333000e+00
1.964730e+02 4.18377000e+00
1.967890e+02 3.15233000e+00
1.971050e+02 2.56439000e+00
1.974220e+02 2.24284000e+00
1.980540e+02 2.17126000e+00
1.983700e+02 2.46309000e+00
1.986860e+02 3.16388000e+00
1.990030e+02 4.79791000e+00
1.991610e+02 6.43983000e+00
1.993190e+02 9.38170000e+00
1.994770e+02 1.53892000e+01
1.995560e+02 2.10468000e+01
1.996350e+02 3.06781000e+01
1.997140e+02 4.90933000e+01
1.997540e+02 6.52611000e+01
1.997930e+02 9.08944000e+01
1.998330e+02 1.34970000e+02
1.998530e+02 1.69681000e+02
1.998720e+02 2.18697000e+02
1.998920e+02 2.91218000e+02
1.999120e+02 4.01670000e+02
1.999320e+02 5.77764000e+02
1.999510e+02 8.57916000e+02
1.999760e+02 1.37264000e+03
2.000000e+02 1.71581000e+03
2.000240e+02 1.37236000e+03
2.000490e+02 8.57617000e+02
2.000670e+02 5.95737000e+02
2.000850e+02 4.25316000e+02
2.001030e+02 3.14117000e+02
2.001210e+02 2.39846000e+02
2.001570e+02 1.51061000e+02
2.001930e+02 1.03107000e+02
2.002290e+02 7.46217000e+01
2.002660e+02 5.64313000e+01
2.003380e+02 3.54796000e+01
2.004100e+02 2.43608000e+01
2.004820e+02 1.77918000e+01
2.006270e+02 1.07401000e+01
2.007710e+02 7.23492000e+00
2.009160e+02 5.24463000e+00
2.010600e+02 4.00552000e+00
2.012040e+02 3.18156000e+00
2.014930e+02 2.18703000e+00
2.017820e+02 1.63273000e+00
2.023600e+02 1.07354000e+00
2.029370e+02 8.31633000e-01
2.035150e+02 7.73144000e-01
2.038040e+02 8.48913000e-01
2.039480e+02 9.51656000e-01
2.040930e+02 1.15431000e+00
2.042370e+02 1.59537000e+00
2.043100e+02 2.02648000e+00
2.043820e+02 2.78527000e+00
2.044540e+02 4.29987000e+00
2.044900e+02 5.69290000e+00
2.045260e+02 8.01001000e+00
2.045620e+02 1.22723000e+01
2.045800e+02 1.58870000e+01
2.045980e+02 2.13617000e+01
2.046160e+02 3.02727000e+01
2.046340e+02 4.57393000e+01
2.046530e+02 7.53800000e+01
2.046620e+02 1.00031000e+02
2.046710e+02 1.35051000e+02
2.046780e+02 1.72893000e+02
2.046850e+02 2.16144000e+02
2.047000e+02 2.69738000e+02
2.047150e+02 2.15541000e+02
2.047300e+02 1.35028000e+02
2.047440e+02 8.44327000e+01
2.047580e+02 5.57598000e+01
2.047720e+02 3.89510000e+01
2.047860e+02 2.85507000e+01
2.048150e+02 1.71260000e+01
2.048430e+02 1.14137000e+01
2.048720e+02 8.17481000e+00
2.049000e+02 6.18344000e+00
2.049570e+02 3.96096000e+00
2.050140e+02 2.81558000e+00
2.050710e+02 2.15199000e+00
2.051840e+02 1.45223000e+00
2.052980e+02 1.11098000e+00
2.054120e+02 9.20802000e-01
2.056390e+02 7.32079000e-01
2.060940e+02 6.25056000e-01
2.065480e+02 6.62113000e-01
2.070030e+02 8.45605000e-01
2.072300e+02 1.04890000e+00
2.074580e+02 1.42655000e+00
2.076850e+02 2.22837000e+00
2.077990e+02 3.01175000e+00
2.079120e+02 4.40158000e+00
2.080260e+02 7.23474000e+00
2.080830e+02 9.90852000e+00
2.081400e+02 1.44753000e+01
2.081970e+02 2.32726000e+01
2.082250e+02 3.10534000e+01
2.082540e+02 4.34929000e+01
2.082820e+02 6.50733000e+01
2.082960e+02 8.22566000e+01
2.083100e+02 1.06930000e+02
2.083250e+02 1.43800000e+02
2.083390e+02 2.01385000e+02
2.083530e+02 2.95158000e+02
2.083670e+02 4.49910000e+02
2.083840e+02 7.20652000e+02
2.084000e+02 8.99718000e+02
2.084080e+02 8.45846000e+02
2.084170e+02 7.18832000e+02
2.084330e+02 4.49830000e+02
2.084460e+02 3.07167000e+02
2.084580e+02 2.16857000e+02
2.084710e+02 1.58823000e+02
2.084840e+02 1.20346000e+02
2.085090e+02 7.51050000e+01
2.085350e+02 5.09827000e+01
2.085600e+02 3.67309000e+01
2.085860e+02 2.77259000e+01
2.086360e+02 1.74106000e+01
2.086870e+02 1.19633000e+01
2.087380e+02 8.75943000e+00
2.088400e+02 5.33390000e+00
2.089410e+02 3.63950000e+00
2.090430e+02 2.68215000e+00
2.092460e+02 1.69978000e+00
2.094500e+02 1.23509000e+00
2.096530e+02 9.83359000e-01
2.100600e+02 7.45177000e-01
2.104660e+02 6.57777000e-01
2.108730e+02 6.40301000e-01
2.116870e+02 7.39889000e-01
2.125000e+02 1.06552000e+00
2.129070e+02 1.40448000e+00
2.133130e+02 2.01812000e+00
2.135170e+02 2.52761000e+00
2.137200e+02 3.29326000e+00
2.139230e+02 4.52334000e+00
2.141270e+02 6.68837000e+00
2.142280e+02 8.45355000e+00
2.143300e+02 1.10658000e+01
2.144320e+02 1.51709000e+01
2.145330e+02 2.21598000e+01
2.145840e+02 2.76762000e+01
2.146350e+02 3.55522000e+01
2.146860e+02 4.73906000e+01
2.147370e+02 6.62295000e+01
2.147880e+02 9.88662000e+01
2.148130e+02 1.24720000e+02
2.148390e+02 1.61718000e+02
2.148640e+02 2.16761000e+02
2.148890e+02 3.02232000e+02
2.149150e+02 4.40345000e+02
2.149400e+02 6.66150000e+02
2.149700e+02 1.06573000e+03
2.150000e+02 1.33068000e+03
2.150300e+02 1.06409000e+03
2.150600e+02 6.65973000e+02
2.150840e+02 4.52888000e+02
2.151070e+02 3.18353000e+02
2.151310e+02 2.32444000e+02
2.151540e+02 1.75774000e+02
2.152010e+02 1.09505000e+02
2.152480e+02 7.43756000e+01
2.152950e+02 5.37811000e+01
2.153420e+02 4.07666000e+01
2.154360e+02 2.59803000e+01
2.155300e+02 1.83246000e+01
2.156240e+02 1.39667000e+01
2.158120e+02 9.88615000e+00
2.160000e+02 9.23213000e+00
2.160940e+02 1.01721000e+01
2.161880e+02 1.25802000e+01
2.162820e+02 1.81138000e+01
2.163290e+02 2.34578000e+01
2.163760e+02 3.25467000e+01
2.164230e+02 4.95819000e+01
2.164470e+02 6.41795000e+01
2.164700e+02 8.66733000e+01
2.164940e+02 1.23629000e+02
2.165170e+02 1.89511000e+02
2.165290e+02 2.42977000e+02
2.165410e+02 3.19036000e+02
2.165520e+02 4.31191000e+02
2.165640e+02 5.93207000e+02
2.165820e+02 9.47712000e+02
2.166000e+02 1.18399000e+03
2.166180e+02 9.47525000e+02
2.166360e+02 5.92926000e+02
2.166480e+02 4.28585000e+02
2.166600e+02 3.17120000e+02
2.166830e+02 1.87929000e+02
2.167070e+02 1.22073000e+02
2.167310e+02 8.53171000e+01
2.167540e+02 6.28336000e+01
2.167780e+02 4.82791000e+01
2.168250e+02 3.11681000e+01
2.168730e+02 2.19295000e+01
2.169200e+02 1.63877000e+01
2.170140e+02 1.03487000e+01
2.171090e+02 7.29269000e+00
2.172040e+02 5.52737000e+00
2.173930e+02 3.66334000e+00
2.175820e+02 2.75189000e+00
2.177710e+02 2.25418000e+00
2.181490e+02 1.84817000e+00
2.185280e+02 1.96867000e+00
2.187170e+02 2.29394000e+00
2.189060e+02 2.98259000e+00
2.190950e+02 4.51627000e+00
2.191900e+02 6.02669000e+00
2.192840e+02 8.69034000e+00
2.193790e+02 1.40292000e+01
2.194260e+02 1.89546000e+01
2.194730e+02 2.71728000e+01
2.195210e+02 4.23604000e+01
2.195440e+02 5.52922000e+01
2.195680e+02 7.49983000e+01
2.195920e+02 1.07245000e+02
2.196150e+02 1.63833000e+02
2.196270e+02 2.08978000e+02
2.196390e+02 2.73047000e+02
2.196510e+02 3.65473000e+02
2.196630e+02 4.98193000e+02
2.196810e+02 7.97027000e+02
2.197000e+02 9.94566000e+02
2.197190e+02 7.95232000e+02
2.197380e+02 4.98076000e+02
2.197570e+02 2.98332000e+02
2.197770e+02 1.90632000e+02
2.197970e+02 1.30022000e+02
2.198170e+02 9.36021000e+01
2.198370e+02 7.03326000e+01
2.198560e+02 5.46781000e+01
2.198960e+02 3.57009000e+01
2.199360e+02 2.51150000e+01
2.199750e+02 1.86660000e+01
2.200550e+02 1.15378000e+01
2.201340e+02 7.89791000e+00
2.202130e+02 5.79931000e+00
2.203710e+02 3.59624000e+00
2.205300e+02 2.52573000e+00
2.206880e+02 1.93019000e+00
2.210050e+02 1.34432000e+00
2.213220e+02 1.12763000e+00
2.216390e+02 1.18350000e+00
2.217980e+02 1.41771000e+00
2.218770e+02 1.67204000e+00
2.219560e+02 2.13758000e+00
2.220350e+02 3.09588000e+00
2.220750e+02 3.99460000e+00
2.221150e+02 5.51719000e+00
2.221540e+02 8.39208000e+00
2.221740e+02 1.08876000e+01
2.221940e+02 1.47927000e+01
2.222140e+02 2.13584000e+01
2.222330e+02 3.34876000e+01
2.222430e+02 4.36437000e+01
2.222530e+02 5.87290000e+01
2.222630e+02 8.17490000e+01
2.222730e+02 1.16951000e+02
2.222800e+02 1.49805000e+02
2.222870e+02 1.86802000e+02
2.223000e+02 2.33402000e+02
2.223140e+02 1.86789000e+02
2.223270e+02 1.16934000e+02
2.223390e+02 7.73065000e+01
2.223500e+02 5.31416000e+01
2.223620e+02 3.82228000e+01
2.223730e+02 2.86998000e+01
2.223960e+02 1.77672000e+01
2.224190e+02 1.20990000e+01
2.224420e+02 8.82001000e+00
2.224650e+02 6.76409000e+00
2.225100e+02 4.43766000e+00
2.225560e+02 3.22368000e+00
2.226020e+02 2.51623000e+00
2.226940e+02 1.76867000e+00
2.227850e+02 1.40706000e+00
2.228770e+02 1.21076000e+00
2.230600e+02 1.03239000e+00
2.234270e+02 1.00513000e+00
2.237930e+02 1.21677000e+00
2.241600e+02 1.78347000e+00
2.243430e+02 2.36471000e+00
2.245260e+02 3.41640000e+00
2.246180e+02 4.29009000e+00
2.247090e+02 5.59941000e+00
2.248010e+02 7.68974000e+00
2.248930e+02 1.13267000e+01
2.249840e+02 1.85129000e+01
2.250300e+02 2.50524000e+01
2.250760e+02 3.58256000e+01
2.250990e+02 4.40237000e+01
2.251220e+02 5.53679000e+01
2.251450e+02 7.16529000e+01
2.251680e+02 9.61046000e+01
2.251900e+02 1.34906000e+02
2.252130e+02 2.00749000e+02
2.252250e+02 2.51689000e+02
2.252360e+02 3.21073000e+02
2.252480e+02 4.18288000e+02
2.252590e+02 5.51145000e+02
2.252800e+02 8.83005000e+02
2.253000e+02 1.10298000e+03
2.253210e+02 8.81157000e+02
2.253410e+02 5.51014000e+02
2.253610e+02 3.41755000e+02
2.253810e+02 2.23934000e+02
2.254010e+02 1.55362000e+02
2.254210e+02 1.13157000e+02
2.254410e+02 8.57213000e+01
2.254610e+02 6.70269000e+01
2.255010e+02 4.40705000e+01
2.255410e+02 3.11037000e+01
2.255810e+02 2.31385000e+01
2.256610e+02 1.42690000e+01
2.257410e+02 9.71102000e+00
2.258210e+02 7.07405000e+00
2.259010e+02 5.41102000e+00
2.259810e+02 4.29892000e+00
2.261410e+02 2.95025000e+00
2.263020e+02 2.19839000e+00
2.266220e+02 1.44322000e+00
2.269420e+02 1.10478000e+00
2.272620e+02 9.42316000e-01
2.279030e+02 8.67012000e-01
2.285430e+02 1.02479000e+00
2.288630e+02 1.22471000e+00
2.291830e+02 1.58675000e+00
2.295040e+02 2.31397000e+00
2.296640e+02 2.99471000e+00
2.298240e+02 4.17134000e+00
2.299840e+02 6.52362000e+00
2.300640e+02 8.73303000e+00
2.301440e+02 1.25283000e+01
2.302240e+02 1.99580000e+01
2.302640e+02 2.66821000e+01
2.303040e+02 3.77228000e+01
2.303440e+02 5.76878000e+01
2.303640e+02 7.42867000e+01
2.303840e+02 9.91637000e+01
2.304040e+02 1.38551000e+02
2.304240e+02 2.05189000e+02
2.304440e+02 3.26460000e+02
2.304540e+02 4.23564000e+02
2.304640e+02 5.57036000e+02
2.304820e+02 8.90233000e+02
2.305000e+02 1.11233000e+03
2.305180e+02 8.90201000e+02
2.305360e+02 5.57055000e+02
2.305490e+02 3.87013000e+02
2.305630e+02 2.77173000e+02
2.305760e+02 2.04945000e+02
2.305890e+02 1.56849000e+02
2.306160e+02 9.93661000e+01
2.306430e+02 6.84670000e+01
2.306690e+02 5.00683000e+01
2.306960e+02 3.83537000e+01
2.307490e+02 2.49552000e+01
2.308030e+02 1.79230000e+01
2.308560e+02 1.38523000e+01
2.309630e+02 9.70544000e+00
2.310700e+02 7.96531000e+00
2.311760e+02 7.35773000e+00
2.313900e+02 8.15867000e+00
2.314960e+02 9.53729000e+00
2.316030e+02 1.18727000e+01
2.317100e+02 1.57935000e+01
2.318160e+02 2.27302000e+01
2.318700e+02 2.83053000e+01
2.319230e+02 3.63609000e+01
2.319770e+02 4.86200000e+01
2.320300e+02 6.84204000e+01
2.320830e+02 1.03403000e+02
2.321100e+02 1.31716000e+02
2.321370e+02 1.72815000e+02
2.321630e+02 2.35670000e+02
2.321900e+02 3.36035000e+02
2.322170e+02 5.05916000e+02
2.322430e+02 7.97355000e+02
2.322720e+02 1.27635000e+03
2.323000e+02 1.59410000e+03
2.323290e+02 1.27424000e+03
2.323570e+02 7.97004000e+02
2.323760e+02 5.71679000e+02
2.323950e+02 4.19072000e+02
2.324150e+02 3.15912000e+02
2.324340e+02 2.44703000e+02
2.324720e+02 1.57396000e+02
2.325110e+02 1.08889000e+02
2.325490e+02 7.95303000e+01
2.325870e+02 6.05329000e+01
2.326640e+02 3.83692000e+01
2.327410e+02 2.64734000e+01
2.328180e+02 1.93752000e+01
2.329710e+02 1.16965000e+01
2.331250e+02 7.85244000e+00
2.332790e+02 5.65636000e+00
2.334320e+02 4.28380000e+00
2.335860e+02 3.36875000e+00
2.338930e+02 2.25979000e+00
2.342000e+02 1.63863000e+00
2.345070e+02 1.25582000e+00
2.348140e+02 1.00425000e+00
2.354290e+02 7.10757000e-01
2.360430e+02 5.78240000e-01
2.363500e+02 5.72266000e-01
2.366570e+02 6.68947000e-01
2.368110e+02 8.39881000e-01
2.368880e+02 1.01446000e+00
2.369640e+02 1.32814000e+00
2.370410e+02 1.96511000e+00
2.370800e+02 2.55819000e+00
2.371180e+02 3.55533000e+00
2.371560e+02 5.41678000e+00
2.371760e+02 7.01335000e+00
2.371950e+02 9.48076000e+00
2.372140e+02 1.35557000e+01
2.372330e+02 2.08824000e+01
2.372520e+02 3.54832000e+01
2.372620e+02 4.82279000e+01
2.372710e+02 6.67596000e+01
2.372860e+02 1.06557000e+02
2.373000e+02 1.33065000e+02
2.373140e+02 1.06548000e+02
2.373290e+02 6.67467000e+01
2.373390e+02 4.66394000e+01
2.373500e+02 3.35877000e+01
2.373600e+02 2.49347000e+01
2.373700e+02 1.91565000e+01
2.373910e+02 1.22053000e+01
2.374120e+02 8.45014000e+00
2.374330e+02 6.20052000e+00
2.374540e+02 4.76716000e+00
2.374960e+02 3.10670000e+00
2.375370e+02 2.22352000e+00
2.375790e+02 1.69924000e+00
2.376620e+02 1.13384000e+00
2.377460e+02 8.50657000e-01
2.378290e+02 6.88041000e-01
2.379960e+02 5.16247000e-01
2.383300e+02 3.80662000e-01
2.386630e+02 3.27022000e-01
2.393300e+02 2.89014000e-01
2.399980e+02 2.95049000e-01
2.406650e+02 3.53476000e-01
2.409990e+02 4.23444000e-01
2.413320e+02 5.57434000e-01
2.416660e+02 8.48116000e-01
2.418330e+02 1.13631000e+00
2.419990e+02 1.65492000e+00
2.420830e+02 2.08519000e+00
2.421660e+02 2.73175000e+00
2.422500e+02 3.76743000e+00
2.423330e+02 5.57919000e+00
2.424160e+02 9.18549000e+00
2.424580e+02 1.25014000e+01
2.425000e+02 1.80214000e+01
2.425410e+02 2.81948000e+01
2.425620e+02 3.68384000e+01
2.425830e+02 4.99710000e+01
2.426040e+02 7.14036000e+01
2.426250e+02 1.08820000e+02
2.426350e+02 1.38871000e+02
2.426460e+02 1.81011000e+02
2.426560e+02 2.41520000e+02
2.426670e+02 3.27964000e+02
2.426830e+02 5.24852000e+02
2.427000e+02 6.54883000e+02
2.427170e+02 5.23558000e+02
2.427340e+02 3.27912000e+02
2.427510e+02 1.98373000e+02
2.427680e+02 1.27664000e+02
2.427860e+02 8.72901000e+01
2.428030e+02 6.30291000e+01
2.428200e+02 4.73716000e+01
2.428380e+02 3.68677000e+01
2.428720e+02 2.40796000e+01
2.429070e+02 1.69144000e+01
2.429420e+02 1.25394000e+01
2.430110e+02 7.68757000e+00
2.430800e+02 5.20988000e+00
2.431490e+02 3.77880000e+00
2.432190e+02 2.87900000e+00
2.432880e+02 2.27703000e+00
2.434270e+02 1.54712000e+00
2.435650e+02 1.13957000e+00
2.438430e+02 7.26140000e-01
2.441200e+02 5.34498000e-01
2.443970e+02 4.34683000e-01
2.449510e+02 3.57396000e-01
2.455060e+02 3.78515000e-01
2.457830e+02 4.34979000e-01
2.460600e+02 5.53758000e-01
2.463380e+02 8.19033000e-01
2.464760e+02 1.08302000e+00
2.466150e+02 1.55706000e+00
2.466840e+02 1.94907000e+00
2.467530e+02 2.53614000e+00
2.468230e+02 3.47238000e+00
2.468920e+02 5.10018000e+00
2.469610e+02 8.31070000e+00
2.469960e+02 1.12398000e+01
2.470310e+02 1.60522000e+01
2.470650e+02 2.48131000e+01
2.470830e+02 3.20990000e+01
2.471000e+02 4.30398000e+01
2.471170e+02 6.05329000e+01
2.471350e+02 9.01077000e+01
2.471430e+02 1.13043000e+02
2.471520e+02 1.44214000e+02
2.471610e+02 1.88043000e+02
2.471690e+02 2.47808000e+02
2.471770e+02 3.17130000e+02
2.471850e+02 3.96354000e+02
2.472000e+02 4.95373000e+02
2.472080e+02 4.66238000e+02
2.472150e+02 3.96329000e+02
2.472310e+02 2.47781000e+02
2.472490e+02 1.41676000e+02
2.472670e+02 8.76690000e+01
2.472840e+02 5.85295000e+01
2.473020e+02 4.15213000e+01
2.473200e+02 3.08271000e+01
2.473380e+02 2.37870000e+01
2.473730e+02 1.53789000e+01
2.474090e+02 1.07571000e+01
2.474450e+02 7.97253000e+00
2.475160e+02 4.93191000e+00
2.475870e+02 3.40667000e+00
2.476590e+02 2.54891000e+00
2.478010e+02 1.72097000e+00
2.479440e+02 1.47907000e+00
2.480150e+02 1.53687000e+00
2.480860e+02 1.77667000e+00
2.481570e+02 2.38592000e+00
2.481930e+02 2.98982000e+00
2.482290e+02 4.01976000e+00
2.482640e+02 5.95353000e+00
2.482820e+02 7.59810000e+00
2.483000e+02 1.01141000e+01
2.483180e+02 1.42029000e+01
2.483360e+02 2.13713000e+01
2.483530e+02 3.51028000e+01
2.483620e+02 4.66364000e+01
2.483710e+02 6.30978000e+01
2.483860e+02 1.00661000e+02
2.484000e+02 1.25698000e+02
2.484140e+02 1.00639000e+02
2.484290e+02 6.30588000e+01
2.484380e+02 4.65879000e+01
2.484470e+02 3.50451000e+01
2.484640e+02 2.13491000e+01
2.484820e+02 1.41374000e+01
2.485000e+02 1.00350000e+01
2.485180e+02 7.48621000e+00
2.485350e+02 5.82156000e+00
2.485710e+02 3.84209000e+00
2.486060e+02 2.76147000e+00
2.486420e+02 2.10771000e+00
2.487130e+02 1.38795000e+00
2.487840e+02 1.01846000e+00
2.488550e+02 8.01676000e-01
2.489970e+02 5.66516000e-01
2.491390e+02 4.45039000e-01
2.492810e+02 3.72406000e-01
2.495650e+02 2.91224000e-01
2.501330e+02 2.22233000e-01
2.507000e+02 1.95324000e-01
2.518360e+02 1.90097000e-01
2.521200e+02 2.01992000e-01
2.524040e+02 2.36156000e-01
2.525460e+02 2.81303000e-01
2.526880e+02 3.99487000e-01
2.527590e+02 5.48701000e-01
2.527950e+02 6.85853000e-01
2.528300e+02 9.14331000e-01
2.528660e+02 1.33617000e+00
2.528830e+02 1.69557000e+00
2.529010e+02 2.24247000e+00
2.529190e+02 3.13891000e+00
2.529370e+02 4.71055000e+00
2.529540e+02 7.74479000e+00
2.529630e+02 1.03309000e+01
2.529720e+02 1.40033000e+01
2.529860e+02 2.23128000e+01
2.530000e+02 2.77931000e+01
2.530140e+02 2.22491000e+01
2.530280e+02 1.40025000e+01
2.530400e+02 9.34920000e+00
2.530520e+02 6.48857000e+00
2.530640e+02 4.71100000e+00
2.530750e+02 3.56278000e+00
2.530990e+02 2.24799000e+00
2.531230e+02 1.56468000e+00
2.531460e+02 1.16891000e+00
2.531700e+02 9.20611000e-01
2.532170e+02 6.40029000e-01
2.532640e+02 4.93567000e-01
2.533110e+02 4.08130000e-01
2.534060e+02 3.18192000e-01
2.535940e+02 2.51246000e-01
2.537830e+02 2.29138000e-01
2.545380e+02 2.24407000e-01
2.560470e+02 3.05576000e-01
2.568020e+02 4.03261000e-01
2.571790e+02 4.89231000e-01
2.575560e+02 6.32207000e-01
2.579340e+02 9.11482000e-01
2.581220e+02 1.17363000e+00
2.583110e+02 1.63189000e+00
2.585000e+02 2.56576000e+00
2.585940e+02 3.45808000e+00
2.586880e+02 5.01586000e+00
2.587830e+02 8.13152000e+00
2.588300e+02 1.10160000e+01
2.588770e+02 1.58466000e+01
2.589240e+02 2.48885000e+01
2.589480e+02 3.26640000e+01
2.589710e+02 4.46561000e+01
2.589950e+02 6.46229000e+01
2.590070e+02 7.98361000e+01
2.590190e+02 1.00794000e+02
2.590300e+02 1.30486000e+02
2.590420e+02 1.73757000e+02
2.590540e+02 2.38233000e+02
2.590660e+02 3.33196000e+02
2.590830e+02 5.33561000e+02
2.591000e+02 6.66139000e+02
2.591170e+02 5.32280000e+02
2.591340e+02 3.33158000e+02
2.591500e+02 2.11640000e+02
2.591660e+02 1.40937000e+02
2.591820e+02 9.89336000e+01
2.591980e+02 7.26948000e+01
2.592300e+02 4.36135000e+01
2.592620e+02 2.89560000e+01
2.592940e+02 2.06289000e+01
2.593260e+02 1.54732000e+01
2.593900e+02 9.71050000e+00
2.594540e+02 6.74573000e+00
2.595180e+02 5.02946000e+00
2.596460e+02 3.23556000e+00
2.597740e+02 2.38064000e+00
2.599020e+02 1.92195000e+00
2.601580e+02 1.51134000e+00
2.604140e+02 1.39884000e+00
2.606700e+02 1.43549000e+00
2.611820e+02 1.84294000e+00
2.614380e+02 2.25623000e+00
2.616940e+02 2.90739000e+00
2.619500e+02 3.97851000e+00
2.622060e+02 5.89020000e+00
2.623340e+02 7.45978000e+00
2.624620e+02 9.79300000e+00
2.625900e+02 1.34772000e+01
2.626540e+02 1.61765000e+01
2.627180e+02 1.97878000e+01
2.627820e+02 2.47889000e+01
2.628460e+02 3.19789000e+01
2.629100e+02 4.28345000e+01
2.629740e+02 6.02992000e+01
2.630380e+02 9.08900000e+01
2.630700e+02 1.15490000e+02
2.631020e+02 1.51153000e+02
2.631340e+02 2.05130000e+02
2.631660e+02 2.90892000e+02
2.631980e+02 4.33786000e+02
2.632300e+02 6.75263000e+02
2.632650e+02 1.07978000e+03
2.633000e+02 1.34924000e+03
2.633350e+02 1.07955000e+03
2.633700e+02 6.75075000e+02
2.634110e+02 3.87596000e+02
2.634510e+02 2.40242000e+02
2.634920e+02 1.60464000e+02
2.635320e+02 1.14008000e+02
2.635730e+02 8.48643000e+01
2.636130e+02 6.56154000e+01
2.636940e+02 4.26768000e+01
2.637750e+02 3.01683000e+01
2.638550e+02 2.27281000e+01
2.640170e+02 1.50453000e+01
2.641790e+02 1.22842000e+01
2.642600e+02 1.23373000e+01
2.643410e+02 1.37479000e+01
2.644220e+02 1.77941000e+01
2.644620e+02 2.18867000e+01
2.645020e+02 2.88955000e+01
2.645430e+02 4.19471000e+01
2.645630e+02 5.29147000e+01
2.645830e+02 6.94614000e+01
2.646030e+02 9.58102000e+01
2.646240e+02 1.40635000e+02
2.646440e+02 2.22706000e+02
2.646640e+02 3.79851000e+02
2.646820e+02 6.05409000e+02
2.647000e+02 7.55729000e+02
2.647180e+02 6.05181000e+02
2.647360e+02 3.79442000e+02
2.647500e+02 2.61456000e+02
2.647640e+02 1.86194000e+02
2.647770e+02 1.37251000e+02
2.647910e+02 1.04922000e+02
2.648190e+02 6.65865000e+01
2.648460e+02 4.61003000e+01
2.648730e+02 3.39215000e+01
2.649010e+02 2.61752000e+01
2.649560e+02 1.72057000e+01
2.650110e+02 1.24000000e+01
2.650660e+02 9.52221000e+00
2.651750e+02 6.35003000e+00
2.652850e+02 4.69687000e+00
2.653950e+02 3.70600000e+00
2.656150e+02 2.59079000e+00
2.658350e+02 1.98659000e+00
2.660540e+02 1.61118000e+00
2.664940e+02 1.17781000e+00
2.669330e+02 9.45811000e-01
2.673720e+02 8.13272000e-01
2.682510e+02 7.08841000e-01
2.691300e+02 7.54993000e-01
2.700080e+02 1.01307000e+00
2.704480e+02 1.34050000e+00
2.706680e+02 1.63457000e+00
2.708870e+02 2.12530000e+00
2.711070e+02 3.07658000e+00
2.712170e+02 3.95747000e+00
2.713270e+02 5.47003000e+00
2.714360e+02 8.46826000e+00
2.714910e+02 1.12431000e+01
2.715460e+02 1.59324000e+01
2.715740e+02 1.96102000e+01
2.716010e+02 2.48245000e+01
2.716150e+02 2.83260000e+01
2.716290e+02 3.26257000e+01
2.716420e+02 3.80227000e+01
2.716560e+02 4.49181000e+01
2.716700e+02 5.39835000e+01
2.716840e+02 6.60097000e+01
2.716970e+02 8.25080000e+01
2.717110e+02 1.05865000e+02
2.717250e+02 1.40444000e+02
2.717380e+02 1.92876000e+02
2.717520e+02 2.75653000e+02
2.717660e+02 4.07302000e+02
2.717830e+02 6.50407000e+02
2.718000e+02 8.12358000e+02
2.718090e+02 7.64204000e+02
2.718170e+02 6.50404000e+02
2.718340e+02 4.07341000e+02
2.718500e+02 2.62525000e+02
2.718650e+02 1.76920000e+02
2.718810e+02 1.25418000e+02
2.718960e+02 9.31202000e+01
2.719270e+02 5.67448000e+01
2.719580e+02 3.83330000e+01
2.719890e+02 2.78018000e+01
2.720200e+02 2.12995000e+01
2.720820e+02 1.40461000e+01
2.721440e+02 1.03700000e+01
2.722060e+02 8.30557000e+00
2.723290e+02 6.33414000e+00
2.724530e+02 5.66698000e+00
2.725770e+02 5.64633000e+00
2.728250e+02 6.94337000e+00
2.730720e+02 1.05739000e+01
2.731960e+02 1.41475000e+01
2.733200e+02 2.02684000e+01
2.733820e+02 2.50661000e+01
2.734440e+02 3.18726000e+01
2.735060e+02 4.19514000e+01
2.735670e+02 5.77145000e+01
2.736290e+02 8.41828000e+01
2.736910e+02 1.32963000e+02
2.737220e+02 1.73781000e+02
2.737530e+02 2.34052000e+02
2.737840e+02 3.25645000e+02
2.738150e+02 4.65020000e+02
2.738580e+02 7.43744000e+02
2.739000e+02 9.28761000e+02
2.739430e+02 7.42798000e+02
2.739850e+02 4.64760000e+02
2.740350e+02 2.65145000e+02
2.740840e+02 1.63569000e+02
2.741340e+02 1.08985000e+02
2.741840e+02 7.72152000e+01
2.742330e+02 5.73366000e+01
2.742830e+02 4.42130000e+01
2.743820e+02 2.85642000e+01
2.744810e+02 1.99871000e+01
2.745810e+02 1.48133000e+01
2.747790e+02 9.16871000e+00
2.749780e+02 6.34716000e+00
2.751760e+02 4.76659000e+00
2.755730e+02 3.26915000e+00
2.759700e+02 2.91375000e+00
2.761690e+02 3.11981000e+00
2.763670e+02 3.75674000e+00
2.765660e+02 5.33257000e+00
2.766650e+02 6.93186000e+00
2.767640e+02 9.78224000e+00
2.768630e+02 1.55308000e+01
2.769130e+02 2.08432000e+01
2.769630e+02 2.97181000e+01
2.770120e+02 4.61376000e+01
2.770370e+02 6.00948000e+01
2.770620e+02 8.14713000e+01
2.770870e+02 1.16335000e+02
2.771110e+02 1.77880000e+02
2.771240e+02 2.27110000e+02
2.771360e+02 2.97145000e+02
2.771490e+02 3.98482000e+02
2.771610e+02 5.44487000e+02
2.771810e+02 8.71311000e+02
2.772000e+02 1.08761000e+03
2.772200e+02 8.69434000e+02
2.772390e+02 5.44368000e+02
2.772510e+02 4.04293000e+02
2.772630e+02 3.05272000e+02
2.772860e+02 1.86048000e+02
2.773100e+02 1.23044000e+02
2.773330e+02 8.69030000e+01
2.773570e+02 6.43836000e+01
2.773810e+02 4.96176000e+01
2.774280e+02 3.20495000e+01
2.774750e+02 2.24520000e+01
2.775220e+02 1.66813000e+01
2.776160e+02 1.03833000e+01
2.777100e+02 7.20729000e+00
2.778050e+02 5.39289000e+00
2.779930e+02 3.51481000e+00
2.781820e+02 2.63499000e+00
2.783700e+02 2.18472000e+00
2.787470e+02 1.90349000e+00
2.791240e+02 2.22606000e+00
2.793130e+02 2.72784000e+00
2.795010e+02 3.71681000e+00
2.796900e+02 5.84302000e+00
2.797840e+02 7.90180000e+00
2.798780e+02 1.14853000e+01
2.799720e+02 1.85425000e+01
2.800190e+02 2.49289000e+01
2.800670e+02 3.53775000e+01
2.801140e+02 5.41250000e+01
2.801370e+02 6.96083000e+01
2.801610e+02 9.24908000e+01
2.801840e+02 1.28386000e+02
2.802080e+02 1.87678000e+02
2.802310e+02 2.93013000e+02
2.802430e+02 3.75241000e+02
2.802550e+02 4.84965000e+02
2.802780e+02 7.75875000e+02
2.803000e+02 9.68440000e+02
2.803230e+02 7.74396000e+02
2.803450e+02 4.84843000e+02
2.803590e+02 3.54786000e+02
2.803740e+02 2.64485000e+02
2.804020e+02 1.58170000e+02
2.804310e+02 1.03289000e+02
2.804590e+02 7.22736000e+01
2.804880e+02 5.31697000e+01
2.805170e+02 4.06944000e+01
2.805740e+02 2.60295000e+01
2.806310e+02 1.80758000e+01
2.806880e+02 1.33125000e+01
2.808020e+02 8.12963000e+00
2.809170e+02 5.52473000e+00
2.810310e+02 4.03318000e+00
2.811450e+02 3.09954000e+00
2.812600e+02 2.47603000e+00
2.814880e+02 1.71967000e+00
2.817170e+02 1.29469000e+00
2.821740e+02 8.58122000e-01
2.826310e+02 6.51468000e-01
2.830880e+02 5.42019000e-01
2.840030e+02 4.59878000e-01
2.849170e+02 5.00788000e-01
2.853740e+02 5.84282000e-01
2.858310e+02 7.55042000e-01
2.862890e+02 1.13128000e+00
2.865170e+02 1.50418000e+00
2.867460e+02 2.17406000e+00
2.868600e+02 2.72956000e+00
2.869740e+02 3.56487000e+00
2.870890e+02 4.90584000e+00
2.872030e+02 7.26250000e+00
2.873170e+02 1.19956000e+01
2.873740e+02 1.63989000e+01
2.874320e+02 2.38055000e+01
2.874890e+02 3.77436000e+01
2.875170e+02 4.97975000e+01
2.875460e+02 6.85131000e+01
2.875740e+02 9.99115000e+01
2.875890e+02 1.24026000e+02
2.876030e+02 1.57213000e+02
2.876170e+02 2.04936000e+02
2.876320e+02 2.75281000e+02
2.876460e+02 3.81585000e+02
2.876600e+02 5.40936000e+02
2.876800e+02 8.65258000e+02
2.877000e+02 1.08143000e+03
2.877200e+02 8.65174000e+02
2.877400e+02 5.40850000e+02
2.877610e+02 3.29152000e+02
2.877810e+02 2.12284000e+02
2.878020e+02 1.45670000e+02
2.878220e+02 1.05439000e+02
2.878420e+02 7.94199000e+01
2.878630e+02 6.18392000e+01
2.879040e+02 4.04745000e+01
2.879450e+02 2.84971000e+01
2.879860e+02 2.11777000e+01
2.880680e+02 1.30647000e+01
2.881500e+02 8.92897000e+00
2.882310e+02 6.54955000e+00
2.883950e+02 4.08031000e+00
2.885590e+02 2.92108000e+00
2.887230e+02 2.32208000e+00
2.890500e+02 1.89992000e+00
2.893780e+02 2.14335000e+00
2.895420e+02 2.59140000e+00
2.897060e+02 3.47939000e+00
2.898690e+02 5.36791000e+00
2.899510e+02 7.17492000e+00
2.900330e+02 1.02963000e+01
2.901150e+02 1.63848000e+01
2.901560e+02 2.18778000e+01
2.901970e+02 3.08123000e+01
2.902380e+02 4.68355000e+01
2.902580e+02 6.00178000e+01
2.902790e+02 7.94510000e+01
2.902990e+02 1.09893000e+02
2.903200e+02 1.60024000e+02
2.903400e+02 2.48873000e+02
2.903500e+02 3.17669000e+02
2.903610e+02 4.10080000e+02
2.903800e+02 6.54985000e+02
2.904000e+02 8.18132000e+02
2.904200e+02 6.55058000e+02
2.904390e+02 4.10286000e+02
2.904590e+02 2.53313000e+02
2.904790e+02 1.65751000e+02
2.904980e+02 1.14997000e+02
2.905180e+02 8.41631000e+01
2.905380e+02 6.41594000e+01
2.905570e+02 5.07010000e+01
2.905970e+02 3.43766000e+01
2.906360e+02 2.54161000e+01
2.906750e+02 2.02114000e+01
2.907540e+02 1.55323000e+01
2.908320e+02 1.57006000e+01
2.908710e+02 1.78095000e+01
2.909110e+02 2.22442000e+01
2.909500e+02 3.12792000e+01
2.909700e+02 3.91628000e+01
2.909890e+02 5.13165000e+01
2.910090e+02 7.12353000e+01
2.910280e+02 1.05921000e+02
2.910480e+02 1.71809000e+02
2.910580e+02 2.26633000e+02
2.910680e+02 3.04252000e+02
2.910840e+02 4.84414000e+02
2.911000e+02 6.04308000e+02
2.911160e+02 4.84140000e+02
2.911320e+02 3.03729000e+02
2.911450e+02 2.08220000e+02
2.911580e+02 1.47675000e+02
2.911700e+02 1.08464000e+02
2.911830e+02 8.26784000e+01
2.912080e+02 5.22000000e+01
2.912330e+02 3.59685000e+01
2.912580e+02 2.63307000e+01
2.912830e+02 2.01871000e+01
2.913330e+02 1.31062000e+01
2.913830e+02 9.31001000e+00
2.914330e+02 7.03698000e+00
2.915340e+02 4.53336000e+00
2.916340e+02 3.23796000e+00
2.917340e+02 2.46909000e+00
2.919350e+02 1.62214000e+00
2.921350e+02 1.17883000e+00
2.923360e+02 9.12341000e-01
2.927370e+02 6.14892000e-01
2.931380e+02 4.57590000e-01
2.935400e+02 3.62780000e-01
2.943420e+02 2.57506000e-01
2.951440e+02 2.03092000e-01
2.959470e+02 1.71925000e-01
2.975520e+02 1.43423000e-01
2.991560e+02 1.41609000e-01
3.007610e+02 1.68505000e-01
3.015640e+02 2.03544000e-01
3.023660e+02 2.78690000e-01
3.027670e+02 3.57906000e-01
3.031680e+02 5.33439000e-01
3.033690e+02 7.38399000e-01
3.034690e+02 9.25788000e-01
3.035700e+02 1.24624000e+00
3.036700e+02 1.87998000e+00
3.037200e+02 2.46880000e+00
3.037700e+02 3.46569000e+00
3.038200e+02 5.37353000e+00
3.038460e+02 7.05810000e+00
3.038710e+02 9.73350000e+00
3.038960e+02 1.43821000e+01
3.039210e+02 2.33846000e+01
3.039330e+02 3.13434000e+01
3.039460e+02 4.36594000e+01
3.039580e+02 6.36417000e+01
3.039710e+02 9.64746000e+01
3.039850e+02 1.54076000e+02
3.040000e+02 1.92475000e+02
3.040150e+02 1.54078000e+02
3.040290e+02 9.64860000e+01
3.040460e+02 5.58118000e+01
3.040630e+02 3.49036000e+01
3.040790e+02 2.34867000e+01
3.040960e+02 1.68401000e+01
3.041130e+02 1.26448000e+01
3.041290e+02 9.87806000e+00
3.041620e+02 6.56895000e+00
3.041960e+02 4.75033000e+00
3.042290e+02 3.65560000e+00
3.042950e+02 2.47424000e+00
3.043620e+02 1.89641000e+00
3.044290e+02 1.58586000e+00
3.045620e+02 1.31845000e+00
3.048280e+02 1.33858000e+00
3.050940e+02 1.77394000e+00
3.052270e+02 2.19264000e+00
3.053600e+02 2.84618000e+00
3.054930e+02 3.91712000e+00
3.056260e+02 5.82293000e+00
3.056930e+02 7.38570000e+00
3.057590e+02 9.69852000e+00
3.058260e+02 1.33320000e+01
3.058920e+02 1.95111000e+01
3.059590e+02 3.13002000e+01
3.059920e+02 4.16447000e+01
3.060250e+02 5.79592000e+01
3.060590e+02 8.59163000e+01
3.060750e+02 1.07774000e+02
3.060920e+02 1.38685000e+02
3.061080e+02 1.84300000e+02
3.061250e+02 2.53384000e+02
3.061420e+02 3.62127000e+02
3.061580e+02 5.34490000e+02
3.061790e+02 8.55319000e+02
3.062000e+02 1.06928000e+03
3.062210e+02 8.55230000e+02
3.062420e+02 5.34393000e+02
3.062630e+02 3.26676000e+02
3.062840e+02 2.11344000e+02
3.063050e+02 1.45307000e+02
3.063270e+02 1.05289000e+02
3.063480e+02 7.93510000e+01
3.063690e+02 6.18623000e+01
3.064110e+02 4.04521000e+01
3.064530e+02 2.84510000e+01
3.064960e+02 2.10850000e+01
3.065800e+02 1.29136000e+01
3.066650e+02 8.72915000e+00
3.067500e+02 6.31328000e+00
3.068340e+02 4.79339000e+00
3.069190e+02 3.77646000e+00
3.070880e+02 2.54420000e+00
3.072570e+02 1.85762000e+00
3.074270e+02 1.43830000e+00
3.075960e+02 1.16614000e+00
3.079340e+02 8.53092000e-01
3.082730e+02 6.98526000e-01
3.089500e+02 6.09530000e-01
3.096270e+02 7.18695000e-01
3.099650e+02 8.75391000e-01
3.103040e+02 1.17161000e+00
3.106420e+02 1.78820000e+00
3.108120e+02 2.37802000e+00
3.109810e+02 3.40923000e+00
3.111500e+02 5.48803000e+00
3.112350e+02 7.44087000e+00
3.113190e+02 1.07911000e+01
3.114040e+02 1.72935000e+01
3.114460e+02 2.31296000e+01
3.114890e+02 3.26099000e+01
3.115100e+02 3.97503000e+01
3.115310e+02 4.94697000e+01
3.115520e+02 6.32838000e+01
3.115730e+02 8.35325000e+01
3.115940e+02 1.14990000e+02
3.116150e+02 1.66213000e+02
3.116370e+02 2.55520000e+02
3.116580e+02 4.14237000e+02
3.116790e+02 6.62953000e+02
3.117000e+02 8.27754000e+02
3.117210e+02 6.61680000e+02
3.117420e+02 4.14257000e+02
3.117660e+02 2.41667000e+02
3.117900e+02 1.51698000e+02
3.118130e+02 1.02376000e+02
3.118370e+02 7.32811000e+01
3.118610e+02 5.48780000e+01
3.118840e+02 4.26868000e+01
3.119310e+02 2.80782000e+01
3.119790e+02 2.00493000e+01
3.120260e+02 1.52307000e+01
3.121200e+02 1.00600000e+01
3.122150e+02 7.62214000e+00
3.123090e+02 6.44165000e+00
3.124980e+02 6.04776000e+00
3.126870e+02 7.83198000e+00
3.127820e+02 1.00412000e+01
3.128760e+02 1.41091000e+01
3.129710e+02 2.23031000e+01
3.130180e+02 2.97893000e+01
3.130650e+02 4.20369000e+01
3.131130e+02 6.40673000e+01
3.131360e+02 8.21642000e+01
3.131600e+02 1.08977000e+02
3.131830e+02 1.50744000e+02
3.132070e+02 2.19772000e+02
3.132310e+02 3.41201000e+02
3.132420e+02 4.35445000e+02
3.132540e+02 5.61925000e+02
3.132770e+02 8.98872000e+02
3.133000e+02 1.12356000e+03
3.133230e+02 8.98733000e+02
3.133460e+02 5.61744000e+02
3.133640e+02 3.78269000e+02
3.133830e+02 2.63923000e+02
3.134010e+02 1.91602000e+02
3.134200e+02 1.44239000e+02
3.134560e+02 8.92413000e+01
3.134930e+02 6.02620000e+01
3.135300e+02 4.33199000e+01
3.135670e+02 3.26167000e+01
3.136400e+02 2.04102000e+01
3.137140e+02 1.39878000e+01
3.137880e+02 1.02108000e+01
3.139350e+02 6.16667000e+00
3.140820e+02 4.15596000e+00
3.142290e+02 3.01075000e+00
3.143770e+02 2.29450000e+00
3.145240e+02 1.81557000e+00
3.148180e+02 1.23230000e+00
3.151130e+02 9.02372000e-01
3.157020e+02 5.59098000e-01
3.162910e+02 3.92072000e-01
3.168790e+02 2.98435000e-01
3.180570e+02 2.05445000e-01
3.192350e+02 1.71299000e-01
3.204130e+02 1.82070000e-01
3.210020e+02 2.22223000e-01
3.212960e+02 2.66080000e-01
3.215910e+02 3.47821000e-01
3.218850e+02 5.22491000e-01
3.220330e+02 6.94353000e-01
3.221800e+02 1.00229000e+00
3.222530e+02 1.25742000e+00
3.223270e+02 1.63949000e+00
3.224010e+02 2.24987000e+00
3.224740e+02 3.31390000e+00
3.225480e+02 5.42082000e+00
3.225850e+02 7.34744000e+00
3.226210e+02 1.05358000e+01
3.226580e+02 1.63594000e+01
3.226770e+02 2.12471000e+01
3.226950e+02 2.86391000e+01
3.227130e+02 4.04859000e+01
3.227320e+02 6.08757000e+01
3.227500e+02 9.89148000e+01
3.227590e+02 1.30083000e+02
3.227690e+02 1.73699000e+02
3.227770e+02 2.22583000e+02
3.227840e+02 2.77691000e+02
3.228000e+02 3.46949000e+02
3.228160e+02 2.77675000e+02
3.228310e+02 1.73681000e+02
3.228440e+02 1.16579000e+02
3.228570e+02 8.11879000e+01
3.228700e+02 5.87139000e+01
3.228820e+02 4.41598000e+01
3.229080e+02 2.72375000e+01
3.229330e+02 1.83789000e+01
3.229590e+02 1.31882000e+01
3.229840e+02 9.91671000e+00
3.230350e+02 6.20116000e+00
3.230860e+02 4.25048000e+00
3.231370e+02 3.10754000e+00
3.232390e+02 1.88902000e+00
3.233410e+02 1.28915000e+00
3.234430e+02 9.51043000e-01
3.236470e+02 6.05171000e-01
3.238500e+02 4.42422000e-01
3.240540e+02 3.54933000e-01
3.244620e+02 2.74068000e-01
3.248690e+02 2.47273000e-01
3.252770e+02 2.46589000e-01
3.260920e+02 3.00899000e-01
3.264990e+02 3.62038000e-01
3.269070e+02 4.61797000e-01
3.273140e+02 6.30863000e-01
3.277220e+02 9.42209000e-01
3.279260e+02 1.20461000e+00
3.281300e+02 1.60392000e+00
3.283330e+02 2.25380000e+00
3.285370e+02 3.41529000e+00
3.286390e+02 4.37434000e+00
3.287410e+02 5.80887000e+00
3.288430e+02 8.09288000e+00
3.289450e+02 1.20489000e+01
3.290460e+02 1.98220000e+01
3.290970e+02 2.68731000e+01
3.291480e+02 3.84017000e+01
3.291740e+02 4.71435000e+01
3.291990e+02 5.91832000e+01
3.292250e+02 7.63609000e+01
3.292500e+02 1.01820000e+02
3.292760e+02 1.41885000e+02
3.293010e+02 2.08420000e+02
3.293270e+02 3.27443000e+02
3.293390e+02 4.20547000e+02
3.293520e+02 5.46515000e+02
3.293760e+02 8.74366000e+02
3.294000e+02 1.09288000e+03
3.294240e+02 8.74259000e+02
3.294480e+02 5.46402000e+02
3.294650e+02 3.83342000e+02
3.294830e+02 2.76376000e+02
3.295000e+02 2.05308000e+02
3.295170e+02 1.57443000e+02
3.295520e+02 9.97052000e+01
3.295860e+02 6.82509000e+01
3.296210e+02 4.94620000e+01
3.296550e+02 3.74170000e+01
3.297240e+02 2.34931000e+01
3.297930e+02 1.60873000e+01
3.298620e+02 1.16962000e+01
3.299310e+02 8.88397000e+00
3.300000e+02 1.36325050e+01
3.500000e+02 1.94813000e+01
4.000000e+02 1.77624000e+01
5.000000e+02 1.51984000e+01
6.000000e+02 1.33620000e+01
7.000000e+02 1.19722000e+01
7.200000e+02 1.17332000e+01
8.500000e+02 1.04128000e+01
1.000000e+03 9.25574000e+00
1.250000e+03 7.86278000e+00
1.500000e+03 6.87440000e+00
1.700000e+03 6.26570000e+00
2.000000e+03 5.55215000e+00
2.500000e+03 4.69939000e+00
3.000000e+03 4.09914000e+00
3.500000e+03 3.65153000e+00
4.000000e+03 3.30375000e+00
5.000000e+03 2.76764500e+00
6.272770e+03 2.45332000e+00
1.000000e+04 1.61723000e+00
2.000000e+04 1.01077000e+00
5.000000e+04 5.67264000e-01
1.000000e+05 3.84890000e-01
1.370260e+05 3.30840000e-01
1.594340e+05 2.98129000e-01
2.000000e+05 2.38911000e-01
2.487830e+05 2.19915000e-01
3.033010e+05 1.98687000e-01
3.394220e+05 1.84622000e-01
4.000000e+05 1.61033000e-01
4.848700e+05 1.47778000e-01
4.979510e+05 1.45736000e-01
5.455340e+05 1.38304000e-01
6.000000e+05 1.29798000e-01
6.186400e+05 1.28450000e-01
6.225010e+05 1.28170000e-01
7.206650e+05 1.21070000e-01
7.772790e+05 1.16975000e-01
8.000000e+05 1.15331000e-01
9.703490e+05 1.18560000e-01
1.000000e+06 1.19122000e-01
1.033610e+06 1.20916000e-01
1.200000e+06 1.29796000e-01
1.238270e+06 1.31632000e-01
1.246390e+06 1.32022000e-01
1.314350e+06 1.35283000e-01
1.347470e+06 1.36872000e-01
1.397750e+06 1.39285000e-01
1.400000e+06 1.39393000e-01
1.411220e+06 1.39506000e-01
1.600000e+06 1.41414000e-01
1.800000e+06 1.34842000e-01
2.000000e+06 1.21562000e-01
2.200000e+06 1.05579000e-01
2.400000e+06 8.53023000e-02
2.600000e+06 6.65460000e-02
2.800000e+06 5.20804000e-02
3.000000e+06 3.87768000e-02
3.200000e+06 2.89483000e-02
3.400000e+06 2.18801000e-02
3.600000e+06 1.63613000e-02
3.738370e+06 1.37275000e-02
3.800000e+06 1.25543000e-02
4.000000e+06 9.54714000e-03
4.200000e+06 7.44577000e-03
4.400000e+06 5.79050000e-03
4.600000e+06 4.57329000e-03
4.800000e+06 3.68749000e-03
4.875210e+06 3.40103000e-03
5.000000e+06 2.92576000e-03
5.200000e+06 2.40452000e-03
5.400000e+06 1.95554000e-03
5.600000e+06 1.61286000e-03
5.800000e+06 1.38575000e-03
5.975330e+06 1.19410000e-03
6.000000e+06 1.16714000e-03
6.200000e+06 1.02032000e-03
6.400000e+06 9.30565000e-04
6.600000e+06 8.10572000e-04
6.800000e+06 7.97662000e-04
7.000000e+06 7.86552000e-04
7.200000e+06 7.71690000e-04
7.400000e+06 7.89722000e-04
7.600000e+06 7.62403000e-04
7.618990e+06 7.69906000e-04
7.619000e+06 7.69909000e-04
7.800000e+06 8.41417000e-04
8.000000e+06 9.04019000e-04
8.200000e+06 9.21376000e-04
8.400000e+06 9.81780000e-04
8.600000e+06 9.84926000e-04
8.800000e+06 1.06233000e-03
9.000000e+06 1.13511000e-03
9.200000e+06 1.14814000e-03
9.400000e+06 1.19848000e-03
9.600000e+06 1.20600000e-03
9.800000e+06 1.25765000e-03
1.000000e+07 1.31710000e-03
1.020000e+07 1.31676000e-03
1.040000e+07 1.34806000e-03
1.060000e+07 1.35907000e-03
1.080000e+07 1.38454000e-03
1.100000e+07 1.41850000e-03
1.120000e+07 1.41326000e-03
1.140000e+07 1.42436000e-03
1.160000e+07 1.42305000e-03
1.180000e+07 1.43286000e-03
1.200000e+07 1.44980000e-03
1.220000e+07 1.43199000e-03
1.240000e+07 1.41994000e-03
1.260000e+07 1.39798000e-03
1.280000e+07 1.38039000e-03
1.300000e+07 1.37006000e-03
1.320000e+07 1.33856000e-03
1.340000e+07 1.31414000e-03
1.360000e+07 1.28173000e-03
1.380000e+07 1.23667000e-03
1.400000e+07 1.19850000e-03
1.420000e+07 1.14652000e-03
1.429720e+07 1.12254500e-03
1.440000e+07 1.09720000e-03
1.460000e+07 1.05992000e-03
1.480000e+07 1.03120000e-03
1.500000e+07 9.79946000e-04
1.520000e+07 9.47544000e-04
1.540000e+07 9.13417000e-04
1.560000e+07 8.71817000e-04
1.580000e+07 8.44092000e-04
1.600000e+07 7.99693000e-04
1.620000e+07 7.66958000e-04
1.640000e+07 7.37156000e-04
1.660000e+07 7.12721000e-04
1.680000e+07 6.96092000e-04
1.700000e+07 6.66558000e-04
1.720000e+07 6.46742000e-04
1.740000e+07 6.26101000e-04
1.760000e+07 6.08657000e-04
1.780000e+07 5.93528000e-04
1.800000e+07 5.68429000e-04
1.820000e+07 5.49625000e-04
1.840000e+07 5.30876000e-04
1.860000e+07 5.16863000e-04
1.880000e+07 5.09436000e-04
1.900000e+07 4.92264000e-04
1.920000e+07 4.80173000e-04
1.940000e+07 4.68511000e-04
1.960000e+07 4.60180000e-04
1.980000e+07 4.55993000e-04
