Cl-37(n,g) ENDF/B-VII.1
Energy(eV) XS(b)
1.00000E-05 21.7782
1.25000E-05 19.4790
1.50000E-05 17.7818
2.00000E-05 15.3995
2.75000E-05 13.1327
3.50000E-05 11.6409
4.25000E-05 10.5639
5.00000E-05 9.73946
6.25000E-05 8.71124
7.50000E-05 7.95223
0.000100000 6.88683
0.000125000 6.15977
0.000150000 5.62307
0.000200000 4.86972
0.000275000 4.15291
0.000350000 3.68116
0.000425000 3.34060
0.000500000 3.07988
0.000625000 2.75472
0.000750000 2.51471
0.00100000 2.17780
0.00125000 1.94788
0.00150000 1.77816
0.00200000 1.53993
0.00275000 1.31326
0.00350000 1.16408
0.00425000 1.05638
0.00500000 0.973937
0.00625000 0.871115
0.00750000 0.795214
0.0100000 0.688675
0.0125000 0.615968
0.0150000 0.562299
0.0200000 0.486964
0.0253000 0.432962
0.0314750 0.388174
0.0376500 0.354916
0.0500000 0.307978
0.0625000 0.275462
0.0750000 0.251460
0.100000 0.217768
0.125000 0.194775
0.150000 0.177803
0.200000 0.153978
0.275000 0.131308
0.350000 0.116388
0.500000 0.0973694
0.750000 0.0794919
1.00000 0.0688333
1.50000 0.0561881
2.00000 0.0486482
2.75000 0.0414718
3.50000 0.0367470
5.00000 0.0307218
7.50000 0.0250533
10.0000 0.0216701
15.0000 0.0176505
20.0000 0.0152490
27.5000 0.0129583
35.0000 0.0114463
50.0000 0.00951189
75.0000 0.00768322
100.000 0.00658672
150.000 0.00527907
200.000 0.00449675
275.000 0.00375284
350.000 0.00326588
500.000 0.00265343
750.000 0.00209489
1000.00 0.00177536
1500.00 0.00141539
2000.00 0.00121342
2750.00 0.00103285
3500.00 0.000923742
4250.00 0.000855439
5000.00 0.000819146
5820.35 0.000825341
6230.53 0.000861472
6640.70 0.000946651
6845.79 0.00102509
7050.88 0.00114904
7255.96 0.00135596
7461.05 0.00173250
7563.59 0.00204632
7666.14 0.00251878
7768.68 0.00327651
7819.95 0.00383952
7871.23 0.00460339
7922.50 0.00567605
7973.77 0.00724857
8025.04 0.00968560
8076.31 0.0137533
8101.95 0.0168897
8127.59 0.0212845
8153.22 0.0276981
8178.86 0.0375454
8204.49 0.0536690
8230.13 0.0823129
8242.95 0.105378
8255.77 0.138400
8268.58 0.186561
8281.40 0.256576
8301.10 0.409730
8320.80 0.512915
8340.55 0.411177
8360.30 0.256924
8373.11 0.186510
8385.92 0.138108
8411.54 0.0818282
8437.16 0.0531558
8462.78 0.0370546
8488.40 0.0272419
8514.02 0.0208637
8565.26 0.0133932
8616.50 0.00937157
8667.74 0.00696929
8718.99 0.00542322
8770.23 0.00437107
8872.71 0.00307303
8975.19 0.00233370
9077.67 0.00187314
9180.15 0.00156690
9385.11 0.00119734
9590.08 0.000990681
9795.04 0.000862915
10000.0 0.000777933
10312.5 0.000693521
10625.0 0.000639213
11250.0 0.000573980
11875.0 0.000535965
12500.0 0.000510668
13750.0 0.000478474
15000.0 0.000459238
16250.0 0.000448430
17500.0 0.000445630
18750.0 0.000453289
20000.0 0.000478621
21313.3 0.000546589
21969.9 0.000616309
22626.5 0.000740120
23283.1 0.000985278
23611.4 0.00120700
23939.8 0.00156813
24268.1 0.00221098
24432.2 0.00273617
24596.4 0.00350933
24760.5 0.00470411
24924.7 0.00665795
25088.9 0.0100481
25253.0 0.0161095
25416.0 0.0255287
25579.0 0.0319390
25742.5 0.0256963
25906.0 0.0161386
26025.7 0.0113198
26145.4 0.00817219
26265.1 0.00611296
26384.8 0.00472939
26624.2 0.00308169
26863.6 0.00219414
27103.1 0.00167146
27342.5 0.00135035
27581.9 0.00120833
27641.7 0.00125059
27701.6 0.00145464
27731.5 0.00177123
27746.5 0.00209273
27761.4 0.00267835
27776.4 0.00390721
27783.9 0.00509586
27791.4 0.00718527
27798.8 0.0113704
27802.6 0.0152423
27806.3 0.0217296
27810.1 0.0338016
27811.9 0.0441316
27813.8 0.0600644
27815.7 0.0863127
27817.5 0.133350
27819.4 0.226656
27820.3 0.308306
27821.3 0.426942
27822.7 0.684080
27824.1 0.855033
27825.5 0.683913
27826.9 0.428345
27828.0 0.294942
27829.0 0.209779
27830.1 0.154150
27831.2 0.117426
27833.3 0.0737774
27835.4 0.0504725
27837.5 0.0366218
27839.7 0.0278120
27843.9 0.0177206
27848.2 0.0123745
27852.4 0.00922489
27860.9 0.00584845
27869.4 0.00417164
27877.9 0.00322069
27894.9 0.00223430
27912.0 0.00175749
27929.0 0.00148925
27963.0 0.00120962
28031.0 0.000986657
28099.1 0.000889778
28371.3 0.000728406
28915.6 0.000585820
29460.0 0.000505261
30004.3 0.000453153
31093.0 0.000394159
31637.4 0.000391051
31773.5 0.000404297
31909.5 0.000449658
31977.6 0.000515610
32011.6 0.000581771
32045.6 0.000701977
32079.7 0.000954605
32096.7 0.00120041
32113.7 0.00163567
32130.7 0.00251840
32139.2 0.00334706
32147.7 0.00475535
32156.2 0.00744263
32160.5 0.00979827
32164.7 0.0135272
32169.0 0.0199231
32173.2 0.0320330
32175.3 0.0424825
32177.5 0.0583473
32179.6 0.0835160
32181.7 0.123359
32184.4 0.197364
32187.0 0.246537
32189.7 0.197194
32192.3 0.123465
32194.8 0.0783207
32197.3 0.0522036
32199.8 0.0366916
32202.3 0.0270025
32207.2 0.0162488
32212.2 0.0108417
32217.2 0.00776316
32222.1 0.00586022
32232.0 0.00372982
32242.0 0.00262939
32251.9 0.00198960
32261.8 0.00158537
32271.8 0.00131410
32291.6 0.000983362
32311.5 0.000797335
32351.2 0.000606205
32390.9 0.000514743
32430.6 0.000463788
32510.0 0.000411468
32668.8 0.000371290
32827.6 0.000354996
33463.0 0.000330948
34733.6 0.000311106
37274.8 0.000291375
39816.0 0.000285973
41086.7 0.000290825
41722.0 0.000297558
42039.6 0.000305228
42198.4 0.000320969
42277.9 0.000374517
42317.6 0.000582051
42337.4 0.00139648
42347.3 0.00455518
42352.3 0.0164049
42354.8 0.0581331
42356.0 0.187964
42356.6 0.510854
42357.0 1.07957
42357.3 3.03294
42357.5 6.07504
42357.8 3.03339
42358.1 1.24913
42358.3 0.648624
42358.8 0.258362
42359.8 0.0840757
42361.8 0.0243161
42365.8 0.00674085
42373.8 0.00197068
42389.8 0.000730362
42421.9 0.000414710
42485.9 0.000336221
42614.1 0.000319238
42870.3 0.000321537
43382.9 0.000341174
43895.4 0.000375573
44407.9 0.000437448
44920.4 0.000562594
45176.7 0.000678621
45433.0 0.000872894
45689.2 0.00123353
45817.4 0.00154117
45945.5 0.00201414
46073.6 0.00278987
46137.7 0.00337433
46201.7 0.00417118
46265.8 0.00528622
46329.9 0.00688612
46393.9 0.00922717
46458.0 0.0126441
46555.5 0.0200849
46653.0 0.0252130
46702.0 0.0238422
46751.0 0.0203446
46849.0 0.0127947
46947.5 0.00792406
47045.9 0.00521039
47144.4 0.00365414
47242.9 0.00270688
47341.4 0.00209623
47439.8 0.00168277
47636.8 0.00117842
47833.7 0.000895938
48030.6 0.000722655
48424.5 0.000530498
48818.4 0.000432186
49212.3 0.000375374
49606.1 0.000339766
50000.0 0.000316282
50773.0 0.000291918
50966.2 0.000291255
51159.5 0.000298554
51352.7 0.000355158
51449.3 0.000588428
51473.5 0.000826512
51497.6 0.00148880
51509.7 0.00238464
51521.8 0.00480892
51527.8 0.00797313
51530.9 0.0109613
51533.9 0.0160847
51536.9 0.0259663
51538.4 0.0347492
51539.9 0.0488448
51541.4 0.0734351
51542.9 0.121543
51543.7 0.164652
51544.5 0.231686
51545.2 0.341746
51546.0 0.525181
51546.8 0.839336
51547.7 1.04963
51548.5 0.841618
51549.4 0.526973
51550.2 0.319400
51551.1 0.205318
51552.0 0.140547
51552.9 0.101393
51553.8 0.0762715
51554.6 0.0593206
51556.4 0.0387964
51558.1 0.0272558
51559.9 0.0202265
51563.4 0.0124142
51570.4 0.00611641
51577.4 0.00369440
51591.5 0.00185574
51605.5 0.00118096
51633.6 0.000683883
51661.7 0.000505543
51774.0 0.000329544
51998.7 0.000283282
52223.3 0.000273944
52448.0 0.000270784
52897.3 0.000271119
53346.6 0.000278751
53795.9 0.000298912
54020.6 0.000318626
54245.2 0.000351630
54469.9 0.000411414
54694.6 0.000534552
54806.9 0.000651253
54919.2 0.000852273
55031.5 0.00125222
55087.7 0.00167632
55115.8 0.00225053
55129.8 0.00355324
55136.8 0.00699671
55140.4 0.0144583
55142.1 0.0256883
55143.0 0.0369566
55143.9 0.0554789
55144.9 0.0876945
55145.9 0.109434
55146.9 0.0880854
55147.9 0.0558139
55148.8 0.0365512
55149.7 0.0253037
55151.5 0.0142080
55155.1 0.00701593
55162.3 0.00387495
55176.8 0.00298640
55205.7 0.00322523
55234.5 0.00395361
55263.4 0.00508678
55292.3 0.00683942
55321.2 0.00966173
55350.1 0.0144326
55379.0 0.0226682
55409.8 0.0361532
55440.5 0.0452166
55471.2 0.0363046
55501.9 0.0228100
55523.8 0.0161458
55545.6 0.0117262
55567.5 0.00879522
55589.3 0.00680339
55633.1 0.00440143
55676.8 0.00308869
55720.5 0.00230282
55764.2 0.00179818
55851.7 0.00121381
55939.1 0.000902269
56026.5 0.000717182
56201.4 0.000517685
56376.3 0.000418055
56551.2 0.000361143
56900.9 0.000301636
57250.6 0.000272456
57600.4 0.000255764
58299.9 0.000237883
58999.4 0.000228567
59698.9 0.000222810
61097.9 0.000216013
62496.9 0.000212608
63895.8 0.000213149
64595.3 0.000217396
64945.1 0.000222374
65294.8 0.000231865
65644.6 0.000252122
65819.5 0.000271712
65994.3 0.000305897
66169.2 0.000373567
66256.6 0.000435614
66344.1 0.000539251
66431.5 0.000733893
66475.2 0.000904712
66518.9 0.00117997
66562.7 0.00167715
66584.5 0.00210100
66606.4 0.00276911
66628.2 0.00394169
66639.2 0.00491066
66650.1 0.00638083
66661.0 0.00879275
66672.0 0.0131937
66677.4 0.0168982
66682.9 0.0224799
66688.4 0.0312935
66693.8 0.0456888
66706.8 0.105643
66710.1 0.109319
66713.3 0.100324
66719.8 0.0673679
66722.7 0.0548241
66725.6 0.0449150
66728.5 0.0373226
66731.3 0.0315784
66737.1 0.0238686
66742.9 0.0193789
66748.6 0.0167723
66754.4 0.0153679
66765.9 0.0148866
66777.4 0.0168146
66788.9 0.0214238
66800.4 0.0300698
66811.9 0.0450504
66824.7 0.0683889
66831.0 0.0769213
66837.4 0.0775188
66850.2 0.0577696
66862.9 0.0359813
66872.4 0.0254088
66881.8 0.0185087
66891.3 0.0139495
66900.7 0.0108478
66919.6 0.00707734
66938.5 0.00499260
66957.4 0.00372800
66976.3 0.00290645
67014.1 0.00193965
67051.8 0.00141368
67089.6 0.00109581
67165.2 0.000746457
67240.8 0.000568208
67316.4 0.000464893
67391.9 0.000399577
67467.5 0.000355624
67618.7 0.000301867
67769.8 0.000271405
68072.1 0.000239768
68374.4 0.000224355
68676.7 0.000215580
69281.3 0.000206215
69885.9 0.000201324
70490.5 0.000198251
71699.7 0.000194372
74118.0 0.000189778
76536.4 0.000186703
81373.2 0.000183360
83791.5 0.000183988
85000.7 0.000185897
85605.3 0.000188868
85907.6 0.000196463
86058.8 0.000223891
86134.3 0.000330881
86172.1 0.000749262
86191.0 0.00235310
86200.5 0.00825636
86205.2 0.0282037
86207.6 0.0856940
86208.7 0.211755
86209.3 0.400153
86209.9 0.901862
86210.6 1.80895
86211.3 0.905996
86212.1 0.314112
86212.9 0.147132
86214.5 0.0537506
86217.7 0.0166094
86224.1 0.00474076
86236.9 0.00138744
86262.5 0.000496280
86313.8 0.000266730
86416.4 0.000208795
86621.5 0.000194952
87031.7 0.000193296
87852.2 0.000198243
88672.7 0.000207899
89493.1 0.000225477
90313.6 0.000260905
90723.8 0.000293437
91134.1 0.000347209
91544.3 0.000444937
91749.4 0.000526433
91954.5 0.000648829
92159.7 0.000843116
92262.2 0.000984950
92364.8 0.00117295
92467.3 0.00142704
92569.9 0.00177654
92672.5 0.00226275
92775.0 0.00293493
92956.5 0.00459978
93138.0 0.00575939
93228.8 0.00546221
93319.5 0.00468749
93501.0 0.00299914
93638.5 0.00211730
93775.9 0.00154801
93913.4 0.00117974
94050.9 0.000934473
94325.8 0.000644968
94600.7 0.000490084
94875.6 0.000398671
95150.5 0.000340559
95700.4 0.000273951
96250.2 0.000238987
96800.1 0.000219210
97349.9 0.000212337
97624.8 0.000233785
97762.3 0.000336487
97831.0 0.000747201
97865.4 0.00233357
97882.6 0.00822165
97891.1 0.0285089
97895.4 0.0892744
97897.6 0.231041
97898.7 0.458710
97899.7 1.13771
97900.8 2.31993
97901.4 1.88246
97901.9 1.18143
97902.9 0.490898
97903.9 0.250147
97906.0 0.0974314
97910.1 0.0312306
97918.3 0.00899897
97934.7 0.00254132
97967.5 0.000799326
98033.0 0.000346312
98164.1 0.000229495
98426.4 0.000197492
98688.6 0.000189524
98950.9 0.000185381
99999.9 0.000176814
100000 2.08837E-05
100000 2.08832E-05
100000 2.08817E-05
100001 2.08808E-05
100001 2.08788E-05
100002 2.08744E-05
100004 2.08655E-05
100007 2.08478E-05
100014 2.08131E-05
100029 2.07435E-05
100057 2.06066E-05
100114 2.03386E-05
100229 1.98270E-05
100457 1.88909E-05
100914 1.73047E-05
101827 1.49530E-05
103654 1.22007E-05
107308 1.04984E-05
109135 1.10149E-05
110961 1.33838E-05
111875 1.66909E-05
112332 1.98858E-05
112788 2.55146E-05
113245 3.69166E-05
113473 4.76512E-05
113702 6.60275E-05
113930 0.000101499
114044 0.000133075
114158 0.000183806
114273 0.000272685
114387 0.000447651
114444 0.000604263
114501 0.000852988
114558 0.00126734
114615 0.00196961
114678 0.00314933
114740 0.00396232
114803 0.00319818
114865 0.00200854
114906 0.00146110
114946 0.00108488
115027 0.000646172
115108 0.000422468
115189 0.000296780
115271 0.000220157
115352 0.000170338
115514 0.000112005
115676 8.05880E-05
115838 6.18430E-05
116162 4.16515E-05
116487 3.16720E-05
116811 2.61084E-05
117460 2.06643E-05
118757 1.77324E-05
120054 1.84541E-05
121352 2.13867E-05
122649 2.73771E-05
123946 4.04079E-05
124595 5.46395E-05
124919 7.07453E-05
125001 7.97976E-05
125082 9.86097E-05
125122 0.000119609
125163 0.000167663
125183 0.000221436
125203 0.000334292
125213 0.000445673
125224 0.000639602
125234 0.00101468
125239 0.00133888
125244 0.00180286
125252 0.00287492
125259 0.00377386
125267 0.00321241
125275 0.00206933
125282 0.00136899
125289 0.000949504
125296 0.000696950
125303 0.000538458
125316 0.000363429
125330 0.000277605
125344 0.000230904
125358 0.000205164
125385 0.000187333
125413 0.000202841
125426 0.000227120
125440 0.000271307
125454 0.000355634
125461 0.000426772
125468 0.000531771
125475 0.000699397
125481 0.000980095
125488 0.00148044
125495 0.00237851
125502 0.00370546
125508 0.00444209
125515 0.00345674
125522 0.00218280
125530 0.00127042
125538 0.000816168
125546 0.000575013
125553 0.000436924
125569 0.000292177
125585 0.000224245
125617 0.000165004
125649 0.000141596
125713 0.000125468
125777 0.000122579
126031 0.000141694
126286 0.000183517
126541 0.000255266
126796 0.000387695
126924 0.000499616
127051 0.000670047
127179 0.000946851
127242 0.00115341
127306 0.00143311
127370 0.00182231
127434 0.00237614
127497 0.00318221
127561 0.00436027
127659 0.00704749
127757 0.00929667
127806 0.00906237
127855 0.00793010
127953 0.00520673
128017 0.00403877
128080 0.00358462
128112 0.00382094
128143 0.00488544
128159 0.00621794
128175 0.00893310
128183 0.0114240
128191 0.0153333
128199 0.0217915
128207 0.0326128
128216 0.0514007
128225 0.0640675
128234 0.0516668
128243 0.0328798
128250 0.0227946
128256 0.0164459
128263 0.0123077
128270 0.00960165
128284 0.00638045
128298 0.00464568
128312 0.00360773
128326 0.00293482
128354 0.00213610
128409 0.00139485
128465 0.00104601
128576 0.000699132
128687 0.000520013
128909 0.000333809
129131 0.000239745
129353 0.000185010
129576 0.000150563
130020 0.000112312
130464 9.43869E-05
130909 8.68106E-05
131797 8.99061E-05
132686 0.000114841
133130 0.000139371
133575 0.000178036
134019 0.000241700
134241 0.000289714
134463 0.000355778
134686 0.000451409
134908 0.000603738
135019 0.000725207
135130 0.000921130
135241 0.00133620
135297 0.00179708
135352 0.00273449
135434 0.00467529
135516 0.00296340
135553 0.00236979
135590 0.00204579
135676 0.00178861
135763 0.00180311
135935 0.00205949
136280 0.00241990
136455 0.00223973
136630 0.00188435
136980 0.00117467
137381 0.000685767
137782 0.000435396
138183 0.000300546
138584 0.000222716
138985 0.000175334
139386 0.000145784
140188 0.000118102
140989 0.000120987
141390 0.000136493
141791 0.000168710
142192 0.000233985
142393 0.000291077
142593 0.000379163
142794 0.000522993
142994 0.000775194
143195 0.00125749
143295 0.00166121
143395 0.00223592
143558 0.00355333
143721 0.00444349
143885 0.00360820
144048 0.00241365
144114 0.00214824
144179 0.00214018
144212 0.00234875
144245 0.00292184
144261 0.00350914
144277 0.00450646
144294 0.00630152
144310 0.00956143
144326 0.0146545
144342 0.0180966
144358 0.0146997
144374 0.00953001
144385 0.00703503
144396 0.00534748
144418 0.00341697
144440 0.00244011
144462 0.00188554
144506 0.00130577
144550 0.00101418
144638 0.000718737
144726 0.000563461
144902 0.000393001
145077 0.000297696
145429 0.000194008
145781 0.000140281
146132 0.000108765
146484 8.89599E-05
147187 6.78961E-05
147890 6.19803E-05
148242 6.48110E-05
148594 7.43072E-05
148945 9.81494E-05
149297 0.000164808
149473 0.000249306
149648 0.000453712
149736 0.000686354
149780 0.000882774
149824 0.00118180
149868 0.00167123
149912 0.00254528
149934 0.00326499
149956 0.00433033
149978 0.00598601
150000 0.00869050
150020 0.0127668
150039 0.0194914
150062 0.0312029
150084 0.0390387
150107 0.0312769
150130 0.0196019
150146 0.0136184
150163 0.00973255
150180 0.00720301
150197 0.00551830
150230 0.00351191
150264 0.00243722
150297 0.00180690
150331 0.00141720
150398 0.00101310
150465 0.000909304
150532 0.00116591
150565 0.00165521
150599 0.00304367
150616 0.00484858
150632 0.00928428
150641 0.0144515
150649 0.0256103
150653 0.0366633
150658 0.0562595
150662 0.0944848
150664 0.127171
150666 0.171862
150669 0.276733
150672 0.348494
150676 0.282365
150679 0.178967
150682 0.107975
150686 0.0699431
150689 0.0476419
150692 0.0345632
150699 0.0202521
150706 0.0133243
150719 0.00700597
150732 0.00434186
150759 0.00218545
150785 0.00134864
150892 0.000453928
151105 0.000178577
151530 8.00341E-05
151956 5.28881E-05
152382 4.08958E-05
153233 3.08777E-05
154084 2.79605E-05
154935 2.95580E-05
155361 3.28493E-05
155787 3.96408E-05
156212 5.46201E-05
156425 6.93514E-05
156638 9.54293E-05
156851 0.000148002
156957 0.000196909
157063 0.000279319
157170 0.000433998
157223 0.000567558
157276 0.000775503
157329 0.00112271
157383 0.00175767
157409 0.00228407
157436 0.00305876
157462 0.00422798
157489 0.00599590
157526 0.00957630
157563 0.0121055
157601 0.00980919
157638 0.00613823
157666 0.00423689
157694 0.00300907
157723 0.00221442
157751 0.00168648
157807 0.00106114
157863 0.000726131
157920 0.000528240
157976 0.000402376
158089 0.000258002
158201 0.000181751
158314 0.000136839
158539 8.88841E-05
158764 6.52899E-05
158990 5.20978E-05
159440 3.89693E-05
159891 3.33989E-05
160341 3.11811E-05
161242 3.21851E-05
162143 3.99797E-05
163044 6.29058E-05
163495 9.18578E-05
163945 0.000163552
164170 0.000249598
164283 0.000326082
164396 0.000449748
164508 0.000669526
164565 0.000849203
164621 0.00111464
164677 0.00152732
164733 0.00220893
164790 0.00340985
164846 0.00560526
164900 0.00896073
164954 0.0113370
165008 0.00921455
165062 0.00581399
165105 0.00397604
165147 0.00281271
165190 0.00207414
165232 0.00159055
165318 0.00103301
165403 0.000746901
165488 0.000589363
165573 0.000501949
165744 0.000449463
165914 0.000533172
165999 0.000652593
166084 0.000877581
166170 0.00133223
166212 0.00174482
166255 0.00241566
166297 0.00360382
166340 0.00598005
166361 0.00814241
166383 0.0116380
166404 0.0176124
166425 0.0280720
166469 0.0581114
166491 0.0479603
166513 0.0303068
166536 0.0178621
166560 0.0112668
166584 0.00762629
166608 0.00547223
166632 0.00410802
166656 0.00320393
166703 0.00212148
166751 0.00152921
166798 0.00117801
166894 0.000822018
166989 0.000713830
167084 0.000844831
167132 0.00110979
167180 0.00179175
167203 0.00255603
167227 0.00409039
167239 0.00548183
167251 0.00771261
167263 0.0114604
167275 0.0178353
167288 0.0281472
167301 0.0338323
167327 0.0163407
167338 0.0105894
167350 0.00720229
167362 0.00515936
167374 0.00386603
167397 0.00241084
167421 0.00166721
167468 0.000967858
167515 0.000661559
167609 0.000405083
167704 0.000303391
167892 0.000232452
168080 0.000230015
168269 0.000280169
168363 0.000335767
168457 0.000429182
168551 0.000592919
168646 0.000904134
168693 0.00116940
168740 0.00156871
168787 0.00218727
168834 0.00314833
168896 0.00499977
168958 0.00622936
169020 0.00499113
169082 0.00313807
169141 0.00199102
169200 0.00133125
169259 0.000941465
169318 0.000699542
169436 0.000431978
169554 0.000297173
169673 0.000220360
169791 0.000172556
170027 0.000118635
170263 9.04654E-05
170499 7.39571E-05
170971 5.66233E-05
171916 4.53754E-05
172861 4.62597E-05
173805 5.65626E-05
174278 6.74734E-05
174750 8.62930E-05
175222 0.000122571
175458 0.000155382
175694 0.000210195
175931 0.000314787
176049 0.000408618
176167 0.000562845
176285 0.000846352
176344 0.00108815
176403 0.00146086
176462 0.00207966
176521 0.00320189
176551 0.00412774
176580 0.00548551
176610 0.00752697
176639 0.0106011
176681 0.0169581
176723 0.0212327
176765 0.0170551
176806 0.0107721
176842 0.00715037
176878 0.00496925
176914 0.00363486
176950 0.00279247
177022 0.00186311
177094 0.00142781
177165 0.00123252
177237 0.00118586
177381 0.00145169
177610 0.00234189
177725 0.00189902
177840 0.00126444
177993 0.000772883
178145 0.000548817
178298 0.000445090
178450 0.000400165
178755 0.000403535
179060 0.000497884
179257 0.000615347
179453 0.000809980
179551 0.000973271
179650 0.00127013
179699 0.00155253
179748 0.00206977
179797 0.00319057
179822 0.00427892
179846 0.00603792
179860 0.00743591
179883 0.00999665
179905 0.0113556
179935 0.00922155
179964 0.00604360
179986 0.00442335
180008 0.00337546
180052 0.00223707
180096 0.00168643
180141 0.00137984
180317 0.000876991
180494 0.000660652
180670 0.000517542
181056 0.000324293
181442 0.000221118
181827 0.000162958
182213 0.000128475
182985 9.45702E-05
183756 8.48325E-05
184528 9.30163E-05
184913 0.000106705
185299 0.000132951
185685 0.000186469
185878 0.000235642
186071 0.000317088
186456 0.000785769
186553 0.00109935
186601 0.00133340
186649 0.00165013
186697 0.00208902
186746 0.00271108
186794 0.00360646
186842 0.00488658
186881 0.00623761
186920 0.00775603
186997 0.00950620
187036 0.00885526
187074 0.00748631
187151 0.00469474
187198 0.00350415
187245 0.00266591
187338 0.00165923
187432 0.00112875
187525 0.000824901
187619 0.000638176
187713 0.000517033
187900 0.000378461
188087 0.000310142
188274 0.000277262
188649 0.000269629
189023 0.000319048
189397 0.000441593
189772 0.000708094
189959 0.000946624
190146 0.00130163
190424 0.00207200
190702 0.00277787
190872 0.00331164
190957 0.00428635
191000 0.00538999
191042 0.00734995
191088 0.0106474
191134 0.0128032
191180 0.0104296
191226 0.00691412
191258 0.00519245
191292 0.00395548
191326 0.00313223
191395 0.00215585
191463 0.00162046
191531 0.00128861
191668 0.000900663
191804 0.000680125
192078 0.000438146
192351 0.000309994
192624 0.000232568
192897 0.000181905
193444 0.000121573
193990 8.82575E-05
194536 6.78959E-05
195629 4.52884E-05
196722 3.36947E-05
197815 2.70432E-05
200000 2.04988E-05
202022 1.85683E-05
204044 1.99717E-05
205054 2.30678E-05
206065 3.11553E-05
206571 4.08064E-05
206824 4.93077E-05
207076 6.29399E-05
207329 8.68909E-05
207582 0.000134721
207708 0.000178404
207834 0.000249260
207961 0.000370923
208087 0.000584090
208152 0.000740528
208217 0.000915383
208346 0.00111362
208476 0.000876883
208606 0.000553753
208750 0.000334936
208894 0.000220156
209038 0.000157127
209182 0.000120113
209470 8.19289E-05
209758 6.47747E-05
210333 5.33858E-05
210909 5.53927E-05
211485 6.79471E-05
211773 8.03913E-05
212060 0.000100907
212348 0.000138604
212636 0.000225896
212924 0.000591673
213068 0.00178416
213104 0.00286756
213140 0.00553177
213158 0.00862653
213176 0.0153452
213194 0.0340433
213203 0.0577751
213212 0.107706
213219 0.172437
213225 0.216546
213232 0.174086
213239 0.109002
213245 0.0699368
213251 0.0472046
213264 0.0247807
213276 0.0149799
213288 0.0100377
213313 0.00543864
213337 0.00346701
213386 0.00187309
213435 0.00127898
213533 0.000900242
213631 0.000885130
213729 0.00107111
213827 0.00151503
213876 0.00190319
213925 0.00248278
213974 0.00336547
214023 0.00471726
214159 0.0100858
214193 0.00989598
214228 0.00867389
214296 0.00554227
214346 0.00388924
214395 0.00279850
214444 0.00208364
214494 0.00160421
214593 0.00103593
214691 0.000731970
214889 0.000441914
215087 0.000318562
215482 0.000235734
215877 0.000242856
216272 0.000321603
216470 0.000404224
216668 0.000542395
216865 0.000787886
217063 0.00127039
217162 0.00169897
217260 0.00237356
217359 0.00348534
217458 0.00535945
217675 0.0112188
217784 0.00959441
217892 0.00620900
217978 0.00426210
218064 0.00302178
218150 0.00224382
218237 0.00175549
218323 0.00146529
218409 0.00135665
218495 0.00155461
218538 0.00193481
218581 0.00272757
218619 0.00366519
218656 0.00371749
218732 0.00177833
218760 0.00136944
218788 0.00110225
218844 0.000795821
218900 0.000633880
218956 0.000536513
219068 0.000428097
219180 0.000377493
219404 0.000430721
219516 0.000745234
219572 0.00133749
219600 0.00202610
219628 0.00328895
219654 0.00494001
219668 0.00538323
219681 0.00518189
219735 0.00221188
219757 0.00154467
219779 0.00113350
219822 0.000698629
219865 0.000491683
219909 0.000379185
219995 0.000266926
220082 0.000214631
220255 0.000170266
220428 0.000160036
220602 0.000177981
220688 0.000205251
220775 0.000258892
220862 0.000372752
220948 0.000662172
221035 0.00174917
221057 0.00249823
221078 0.00383622
221089 0.00493428
221100 0.00650522
221111 0.00881338
221122 0.0121893
221130 0.0155876
221138 0.0194296
221154 0.0239293
221163 0.0223418
221171 0.0188778
221187 0.0117930
221198 0.00861145
221208 0.00641741
221229 0.00384843
221250 0.00252757
221271 0.00178037
221292 0.00132238
221313 0.00102323
221355 0.000671383
221397 0.000479964
221439 0.000365006
221523 0.000239043
221607 0.000174853
221691 0.000137512
221858 9.72624E-05
222026 7.65271E-05
222194 6.40336E-05
222530 4.96413E-05
223201 3.60899E-05
223872 2.95059E-05
225215 2.48390E-05
225886 2.91374E-05
226222 4.63459E-05
226390 0.000108333
226474 0.000342271
226516 0.00121644
226537 0.00429151
226547 0.0138412
226552 0.0370075
226555 0.0766244
226558 0.206489
226560 0.408770
226561 0.323665
226562 0.202165
226567 0.0483382
226571 0.0193498
226579 0.00631002
226596 0.00184085
226629 0.000518591
226696 0.000160348
226830 7.22969E-05
227098 7.50849E-05
227365 0.000202849
227499 0.000636370
227566 0.00182585
227599 0.00422845
227616 0.00748440
227633 0.0150307
227644 0.0240356
227655 0.0300672
227667 0.0240914
227678 0.0150746
227694 0.00756124
227711 0.00430293
227744 0.00187118
227809 0.000654956
227941 0.000208309
228203 7.29570E-05
228728 4.25880E-05
228991 4.79897E-05
229254 7.03108E-05
229385 9.76786E-05
229516 0.000155583
229582 0.000210714
229648 0.000303297
229713 0.000469564
229779 0.000775399
229841 0.00121521
229903 0.00144978
230028 0.000692673
230083 0.000456612
230138 0.000315448
230193 0.000229104
230248 0.000173835
230357 0.000110947
230467 7.83551E-05
230687 4.75421E-05
230906 3.39445E-05
231345 2.24239E-05
231785 1.76899E-05
232663 1.37661E-05
233541 1.21451E-05
237054 1.06089E-05
240567 1.22859E-05
242324 1.69251E-05
243202 3.06680E-05
243641 8.00452E-05
243860 0.000263202
243915 0.000441147
243970 0.000909493
243998 0.00150126
244025 0.00293553
244039 0.00457020
244053 0.00802209
244059 0.0113893
244066 0.0171119
244073 0.0279923
244080 0.0491881
244086 0.0787892
244092 0.0988712
244097 0.0793809
244103 0.0496506
244107 0.0347708
244112 0.0249825
244120 0.0141844
244128 0.00896661
244137 0.00615815
244153 0.00337239
244170 0.00212414
244204 0.00106346
244237 0.000639598
244304 0.000309690
244371 0.000186469
244639 6.17899E-05
245174 3.10181E-05
245710 2.81302E-05
246246 3.14809E-05
246781 4.11802E-05
247049 5.08171E-05
247317 6.77972E-05
247585 0.000102144
247719 0.000134516
247852 0.000190188
247986 0.000298548
248120 0.000554708
248254 0.00141110
248288 0.00194134
248321 0.00281171
248338 0.00346278
248355 0.00432721
248371 0.00548737
248388 0.00702883
248405 0.00898864
248421 0.0112084
248455 0.0138471
248471 0.0129498
248488 0.0109577
248521 0.00684313
248542 0.00508234
248562 0.00384079
248602 0.00235035
248643 0.00156033
248683 0.00110650
248723 0.000824327
248764 0.000639050
248844 0.000419253
248925 0.000299455
249006 0.000227509
249167 0.000149703
249328 0.000111265
249490 9.00441E-05
249812 7.00412E-05
250135 6.32829E-05
250457 6.28836E-05
251103 7.44666E-05
251748 0.000105573
252071 0.000134536
252393 0.000181322
252716 0.000262990
253039 0.000422736
253200 0.000565318
253361 0.000791475
253523 0.00116899
253684 0.00181432
253858 0.00288818
254031 0.00366459
254205 0.00304514
254378 0.00208957
254471 0.00181989
254564 0.00187940
254610 0.00218754
254657 0.00302610
254680 0.00393419
254703 0.00563211
254726 0.00915394
254738 0.0123390
254749 0.0171863
254782 0.0347177
254798 0.0286569
254814 0.0183092
254827 0.0126046
254839 0.00901240
254865 0.00520481
254890 0.00344268
254916 0.00250768
254967 0.00160581
255018 0.00120290
255120 0.000876023
255222 0.000799619
255324 0.000896857
255426 0.00132971
255477 0.00190542
255528 0.00325538
255553 0.00470381
255579 0.00750548
255604 0.0137633
255617 0.0198498
255629 0.0296709
255645 0.0470300
255660 0.0570346
255691 0.0276980
255708 0.0164861
255724 0.0105652
255741 0.00726610
255758 0.00529444
255791 0.00319170
255825 0.00217436
255892 0.00126655
255958 0.000895308
256092 0.000633231
256226 0.000613900
256360 0.000779959
256493 0.00136579
256560 0.00215842
256627 0.00417475
256694 0.0119634
256728 0.0278266
256744 0.0495518
256753 0.0697859
256761 0.100792
256772 0.162100
256783 0.205057
256794 0.166010
256805 0.104302
256824 0.0467018
256843 0.0248498
256862 0.0151113
256881 0.0101203
256919 0.00543050
256957 0.00339719
257032 0.00171453
257108 0.00105533
257260 0.000546606
257411 0.000357898
257714 0.000223775
258017 0.000193605
258320 0.000222723
258623 0.000366980
258775 0.000578314
258926 0.00115900
259002 0.00191796
259078 0.00384978
259116 0.00618595
259153 0.0115087
259172 0.0171759
259191 0.0280103
259210 0.0520556
259220 0.0757061
259229 0.113875
259240 0.183443
259252 0.232635
259263 0.188549
259274 0.118372
259286 0.0696265
259299 0.0439191
259311 0.0296741
259323 0.0212114
259347 0.0122646
259372 0.00794673
259421 0.00410470
259469 0.00250533
259567 0.00122430
259665 0.000734785
259860 0.000363955
260055 0.000228421
260836 0.000102825
261617 0.000151684
261813 0.000223604
262008 0.000420476
262106 0.000673724
262203 0.00130200
262252 0.00203596
262301 0.00363698
262325 0.00524122
262350 0.00812239
262374 0.0138475
262386 0.0188220
262398 0.0260980
262417 0.0415017
262435 0.0508471
262454 0.0399327
262472 0.0248717
262492 0.0146893
262512 0.00929340
262533 0.00630294
262553 0.00453044
262593 0.00264109
262633 0.00172897
262714 0.000914633
262795 0.000576290
262956 0.000310169
263118 0.000218252
263279 0.000192331
263440 0.000221564
263521 0.000273449
263602 0.000385224
263682 0.000649075
263723 0.000914487
263763 0.00135413
263810 0.00212275
263857 0.00260672
263904 0.00207389
263950 0.00131859
263979 0.000986331
264008 0.000754342
264066 0.000478677
264125 0.000334813
264183 0.000252843
264299 0.000169633
264415 0.000132103
264648 0.000106110
264881 0.000111019
265113 0.000147617
265346 0.000265951
265462 0.000425726
265579 0.000837366
265637 0.00133863
265695 0.00249119
265724 0.00372397
265753 0.00611841
265782 0.0115388
265797 0.0169214
265811 0.0258502
265828 0.0415434
265845 0.0526214
265861 0.0426839
265878 0.0268206
265890 0.0188640
265902 0.0135939
265925 0.00774721
265949 0.00490965
265973 0.00336511
266021 0.00185262
266068 0.00117029
266163 0.000592416
266259 0.000361068
266449 0.000180253
266639 0.000112014
267401 4.07088E-05
268924 1.95681E-05
271969 1.27728E-05
273492 1.22393E-05
275015 1.30333E-05
276538 1.80403E-05
277299 3.31278E-05
277680 7.98151E-05
277870 0.000211950
277965 0.000502257
278013 0.000938404
278037 0.00137435
278061 0.00209233
278088 0.00332857
278115 0.00409420
278143 0.00322899
278170 0.00201886
278208 0.00105104
278246 0.000616369
278323 0.000283019
278399 0.000166161
278475 0.000113354
278628 6.94601E-05
278780 5.33283E-05
279391 5.13446E-05
280001 0.000127612
280154 0.000199298
280306 0.000377753
280383 0.000589903
280459 0.00106932
280497 0.00157338
280535 0.00253109
280554 0.00336196
280573 0.00462993
280592 0.00665882
280611 0.00990233
280635 0.0158362
280658 0.0198694
280681 0.0159696
280705 0.0100134
280728 0.00616293
280752 0.00401974
280775 0.00279212
280799 0.00204647
280846 0.00124520
280893 0.000858321
280986 0.000531847
281080 0.000438752
281268 0.000673414
281362 0.00134903
281409 0.00226750
281433 0.00309590
281456 0.00434516
281473 0.00554416
281489 0.00694059
281522 0.00885145
281555 0.00725367
281588 0.00457840
281614 0.00310460
281641 0.00217843
281667 0.00158948
281693 0.00120510
281746 0.000757396
281799 0.000521283
281851 0.000382349
281904 0.000294227
282009 0.000192565
282115 0.000138210
282220 0.000105590
282431 6.97296E-05
282641 5.12636E-05
282852 4.04126E-05
283273 2.87340E-05
283694 2.29212E-05
284115 1.96967E-05
284958 1.68761E-05
285800 1.69653E-05
286643 2.12804E-05
287485 4.83937E-05
287906 0.000152993
288012 0.000255904
288117 0.000530309
288170 0.000882235
288222 0.00175742
288249 0.00279113
288275 0.00506213
288288 0.00737682
288301 0.0115657
288315 0.0201838
288321 0.0279160
288328 0.0393753
288337 0.0632245
288346 0.0798619
288356 0.0644633
288365 0.0403412
288375 0.0237059
288385 0.0148976
288395 0.0100403
288406 0.00718589
288426 0.00415131
288446 0.00268746
288487 0.00138528
288527 0.000843361
288609 0.000409751
288690 0.000243974
288852 0.000118619
289015 7.27658E-05
289664 2.70851E-05
290963 1.56805E-05
292263 1.42599E-05
293562 1.48094E-05
294861 1.67241E-05
296160 2.11055E-05
297460 3.61534E-05
298109 7.98750E-05
298434 0.000234403
298596 0.000808891
298678 0.00287061
298718 0.00956557
298739 0.0275297
298749 0.0631526
298754 0.110270
298759 0.213148
298762 0.341928
298766 0.431546
298770 0.348468
298773 0.218255
298778 0.115372
298783 0.0675115
298792 0.0300614
298812 0.0105618
298850 0.00319680
298927 0.000906479
299080 0.000271739
299387 0.000114180
299693 0.000100584
300000 0.000123059
300243 0.000170535
300365 0.000212684
300486 0.000277739
300608 0.000383607
300729 0.000568533
300851 0.000919836
300911 0.00121264
300972 0.00162682
301073 0.00259014
301173 0.00322504
301273 0.00257990
301373 0.00162293
301487 0.000946863
301602 0.000597306
301716 0.000407692
301831 0.000296763
301945 0.000227174
302059 0.000181113
302288 0.000126286
302517 9.65569E-05
302745 7.89901E-05
303203 6.09560E-05
304118 5.11807E-05
305033 5.52373E-05
305947 6.97790E-05
306862 0.000103024
307320 0.000136492
307777 0.000201390
308006 0.000262816
308235 0.000373145
308349 0.000466177
308463 0.000608082
308578 0.000836267
308692 0.00121223
308950 0.00234855
309079 0.00198086
309208 0.00135033
309374 0.000874252
309539 0.000669657
309705 0.000590756
309870 0.000573760
310465 0.000721034
311060 0.000853693
311650 0.000678244
312240 0.000429649
312780 0.000281036
313319 0.000193708
313859 0.000141931
314399 0.000110792
314939 9.36535E-05
315478 9.22475E-05
315748 0.000104821
316018 0.000148328
316153 0.000207115
316288 0.000352723
316423 0.000871074
316490 0.00179511
316524 0.00288783
316558 0.00506698
316586 0.00816922
316614 0.0106562
316642 0.00892482
316670 0.00565588
316703 0.00325599
316735 0.00202133
316767 0.00135672
316799 0.000970237
316864 0.000569297
316928 0.000379560
316993 0.000275431
317057 0.000212463
317186 0.000143159
317315 0.000107643
317444 8.68642E-05
317701 6.43427E-05
318217 4.54886E-05
318732 3.71171E-05
319763 2.89780E-05
320794 2.48754E-05
322856 2.12290E-05
324918 2.09785E-05
326980 2.42463E-05
328011 2.82023E-05
329042 3.53925E-05
330073 4.96508E-05
331104 8.38682E-05
331620 0.000123313
331877 0.000157638
332135 0.000212684
332393 0.000311740
332522 0.000395796
332651 0.000527045
332780 0.000752777
332908 0.00119777
332973 0.00160599
333037 0.00227748
333102 0.00346531
333166 0.00566345
333226 0.00895639
333286 0.0113250
333346 0.00930069
333406 0.00601853
333444 0.00453573
333483 0.00352275
333559 0.00236978
333624 0.00188544
333689 0.00162716
333819 0.00143694
334078 0.00139953
334338 0.00111375
334597 0.000760559
334849 0.000566402
335101 0.000506872
335352 0.000575738
335604 0.000836728
335999 0.00149282
336197 0.00121309
336394 0.000782171
336563 0.000533136
336732 0.000379501
336900 0.000283322
337069 0.000220480
337407 0.000146785
337744 0.000106942
338082 8.28337E-05
338419 6.70382E-05
339094 4.80751E-05
339770 3.74293E-05
340445 3.08070E-05
341795 2.33193E-05
344495 1.73216E-05
347196 1.56268E-05
349896 1.61440E-05
352596 1.97272E-05
353947 2.45559E-05
354622 2.90002E-05
355297 3.64295E-05
355972 5.03675E-05
356309 6.25174E-05
356647 8.17492E-05
357322 0.000178917
357491 0.000235415
357660 0.000323949
357828 0.000469188
357913 0.000575168
357997 0.000710849
358093 0.000903421
358188 0.00112258
358379 0.00139222
358570 0.00111731
358761 0.000712637
358996 0.000416404
359231 0.000276290
359465 0.000211955
359700 0.000190976
359935 0.000209944
360052 0.000242346
360170 0.000303859
360287 0.000423664
360346 0.000526389
360404 0.000682474
360463 0.000933548
360522 0.00136554
360580 0.00217211
360639 0.00377770
360738 0.00817879
360762 0.00802397
360787 0.00703095
360836 0.00448503
360895 0.00251994
360954 0.00153617
361012 0.00101918
361071 0.000724434
361130 0.000542461
361189 0.000423364
361306 0.000282406
361541 0.000158866
361776 0.000107532
362246 6.56614E-05
362716 4.90755E-05
363655 3.63995E-05
364595 3.27428E-05
365535 3.32626E-05
366475 3.90143E-05
367414 6.89368E-05
367884 0.000171454
368002 0.000264718
368119 0.000491622
368178 0.000751751
368237 0.00130329
368266 0.00184050
368295 0.00276918
368325 0.00452662
368354 0.00800934
368379 0.0127630
368403 0.0156995
368428 0.0123672
368453 0.00771664
368480 0.00452369
368508 0.00284999
368535 0.00193036
368563 0.00138649
368618 0.000813426
368673 0.000537577
368783 0.000292660
368892 0.000191103
369112 0.000110345
369332 8.00961E-05
369772 5.86870E-05
370212 5.26560E-05
371092 5.30691E-05
371971 6.05180E-05
372851 7.39887E-05
373731 9.63562E-05
374610 0.000134671
375490 0.000202762
377170 0.000412156
378015 0.000520763
378438 0.000713427
378649 0.000929496
378860 0.00131963
378953 0.00157698
379171 0.00239912
379388 0.00298932
379606 0.00246837
379823 0.00162672
379996 0.00117171
380168 0.000887892
380513 0.000602595
380858 0.000493479
381203 0.000466188
381892 0.000564559
382237 0.000694931
382582 0.000901154
383648 0.00181443
384181 0.00154599
384714 0.000994023
385160 0.000667398
385606 0.000464769
386052 0.000338848
386498 0.000257697
387390 0.000165091
388282 0.000117539
389174 9.14386E-05
390065 7.96381E-05
390957 9.80546E-05
391403 0.000201284
391515 0.000300022
391626 0.000546256
391682 0.000834892
391738 0.00146415
391766 0.00209625
391794 0.00322705
391821 0.00548037
391835 0.00742830
391849 0.0102683
391870 0.0162806
391891 0.0198132
391913 0.0154755
391934 0.00963767
391953 0.00620323
391972 0.00418456
391992 0.00297095
392011 0.00220515
392049 0.00134721
392088 0.000910832
392165 0.000504129
392242 0.000328705
392397 0.000184375
392551 0.000127961
392859 8.51290E-05
393168 7.11663E-05
393477 6.96256E-05
393785 8.46296E-05
393940 0.000109793
394094 0.000179532
394248 0.000485739
394325 0.00125392
394364 0.00262457
394383 0.00424944
394402 0.00746044
394419 0.0120072
394435 0.0154499
394451 0.0127366
394467 0.00802915
394489 0.00423568
394510 0.00248476
394554 0.00112157
394597 0.000636788
394640 0.000415729
394727 0.000226365
394813 0.000149922
394986 8.95335E-05
395159 6.63650E-05
395505 4.82301E-05
395850 4.09778E-05
397234 3.17537E-05
400000 2.80245E-05
402903 2.96859E-05
405806 3.75684E-05
407258 4.63037E-05
408709 6.30918E-05
409435 7.86242E-05
410161 0.000107545
410524 0.000135687
410887 0.000193565
411068 0.000254597
411250 0.000381837
411340 0.000508468
411431 0.000740946
411476 0.000937891
411522 0.00123695
411567 0.00171852
411612 0.00253508
411666 0.00431748
411719 0.00711494
411746 0.00808923
411773 0.00791659
411826 0.00527374
411883 0.00298064
411939 0.00181618
411996 0.00122270
412052 0.000894810
412278 0.000437001
412504 0.000334827
412730 0.000312923
413108 0.000336530
413485 0.000395182
414240 0.000566427
414485 0.000652214
414729 0.000804122
414959 0.00110716
415189 0.00174791
415304 0.00216188
415420 0.00238294
415535 0.00221377
415650 0.00181555
415760 0.00145274
415890 0.00114708
416020 0.000959456
416280 0.000808363
416444 0.000827095
416609 0.000971793
416691 0.00114418
416773 0.00147222
416855 0.00215819
416896 0.00278069
416937 0.00372145
416994 0.00561405
417052 0.00682614
417109 0.00552737
417166 0.00365447
417209 0.00268994
417253 0.00206840
417340 0.00139709
417426 0.00107702
417513 0.000903208
417687 0.000727058
417860 0.000636219
418253 0.000512200
418645 0.000418261
419430 0.000279830
419986 0.000218433
420542 0.000179740
421655 0.000151652
422211 0.000164654
422767 0.000219291
423045 0.000288648
423323 0.000443679
423462 0.000603457
423601 0.000903129
423671 0.00116031
423740 0.00155418
423810 0.00218362
423879 0.00321111
424043 0.00665855
424125 0.00568709
424207 0.00373535
424291 0.00241954
424375 0.00172632
424459 0.00137823
424544 0.00122690
424712 0.00130222
424796 0.00151292
424880 0.00184871
425031 0.00258036
425107 0.00270696
425182 0.00250970
425333 0.00168203
425483 0.00105867
425606 0.000764768
425730 0.000588038
425976 0.000412458
426223 0.000353153
426469 0.000365732
426716 0.000468054
426963 0.000790671
427086 0.00119691
427209 0.00213209
427271 0.00312080
427332 0.00500350
427363 0.00663077
427394 0.00912372
427425 0.0130819
427456 0.0194238
427494 0.0310539
427531 0.0389793
427569 0.0313945
427607 0.0197127
427633 0.0140457
427659 0.0102409
427686 0.00769158
427712 0.00594503
427764 0.00382120
427817 0.00265092
427921 0.00149218
428026 0.000964176
428236 0.000512158
428445 0.000329152
428864 0.000185003
429283 0.000132267
429702 0.000112684
430121 0.000119931
430331 0.000144492
430540 0.000215391
430645 0.000302527
430750 0.000497893
430855 0.00106805
430907 0.00183261
430933 0.00252575
430959 0.00357623
430978 0.00456505
430996 0.00569544
431032 0.00715634
431068 0.00577993
431104 0.00364107
431152 0.00196003
431199 0.00117344
431247 0.000776277
431295 0.000554794
431391 0.000332352
431486 0.000229966
431582 0.000174733
431677 0.000141723
431868 0.000106018
432250 7.90934E-05
432633 7.24451E-05
433015 7.73776E-05
433397 0.000102936
433588 0.000139024
433779 0.000233298
433875 0.000349930
433970 0.000625793
434066 0.00154969
434114 0.00306441
434137 0.00470481
434161 0.00761916
434173 0.00974036
434185 0.0120989
434209 0.0147669
434233 0.0115614
434257 0.00721555
434281 0.00442636
434305 0.00289106
434354 0.00147506
434403 0.000893945
434451 0.000608513
434549 0.000352017
434646 0.000247027
434840 0.000173172
435035 0.000166064
435230 0.000204568
435424 0.000333452
435521 0.000493110
435619 0.000848834
435667 0.00120988
435716 0.00186142
435765 0.00315787
435789 0.00427442
435813 0.00587149
435852 0.00913564
435871 0.0102379
435890 0.0101707
435967 0.00444711
436003 0.00283352
436040 0.00191424
436076 0.00136656
436113 0.00102165
436185 0.000634580
436258 0.000436401
436404 0.000251017
436549 0.000170259
436695 0.000128065
436841 0.000103304
437132 7.69769E-05
437714 5.72037E-05
438297 5.10278E-05
439462 5.10022E-05
440627 5.99174E-05
441791 8.00259E-05
442956 0.000123995
443539 0.000165870
444121 0.000235966
444704 0.000360864
445286 0.000590734
445840 0.000934205
446394 0.00115476
446948 0.000919652
447502 0.000579013
448162 0.000332718
448823 0.000208739
449483 0.000142664
450143 0.000104386
450804 8.05358E-05
451464 6.47750E-05
452784 4.60043E-05
454105 3.57394E-05
455425 2.95634E-05
458067 2.29286E-05
463349 1.82936E-05
468631 1.78260E-05
473913 1.98658E-05
479196 2.56521E-05
481837 3.16396E-05
484478 4.28273E-05
485798 5.26912E-05
487119 6.88396E-05
488440 9.86517E-05
489760 0.000161291
491520 0.000298427
492405 0.000330975
492626 0.000362630
492848 0.000443723
493069 0.000695445
493179 0.00104500
493235 0.00137433
493290 0.00190567
493322 0.00234578
493389 0.00360831
493456 0.00444270
493524 0.00359693
493591 0.00233934
493649 0.00161735
493707 0.00118162
493765 0.000914453
493823 0.000744572
493940 0.000553993
494056 0.000459232
494288 0.000380837
494521 0.000363388
494986 0.000424140
495219 0.000531869
495335 0.000640127
495451 0.000836045
495578 0.00128529
495642 0.00169479
495705 0.00228075
495768 0.00294588
495832 0.00331890
495895 0.00310832
495958 0.00257653
496028 0.00202789
496098 0.00164394
496237 0.00123756
496516 0.00102045
496795 0.00105773
497074 0.00120295
498142 0.00235888
498409 0.00262235
498676 0.00274697
499209 0.00256305
499345 0.00244346
499480 0.00228767
499590 0.00212782
499699 0.00193616
499919 0.00149684
500138 0.00110113
500357 0.000826111
500796 0.000538961
501234 0.000404018
501880 0.000298790
502527 0.000241586
503819 0.000196148
505112 0.000215975
505758 0.000257990
506404 0.000335485
507186 0.000487326
507968 0.000606759
508750 0.000513781
509532 0.000349556
510523 0.000227205
511514 0.000184717
512010 0.000189251
512505 0.000228324
512753 0.000283653
513001 0.000420159
513125 0.000576728
513249 0.000911462
513311 0.00124087
513373 0.00181996
513435 0.00293728
513466 0.00388290
513497 0.00522993
513546 0.00822007
513596 0.0100055
513695 0.00496198
513732 0.00348631
513769 0.00253785
513844 0.00151119
513918 0.00102483
513993 0.000765643
514142 0.000521712
514291 0.000423106
514590 0.000372531
514888 0.000407028
515187 0.000508014
515485 0.000707197
515784 0.00109438
516082 0.00184332
516352 0.00281217
516486 0.00311557
516621 0.00305948
517161 0.00134009
517341 0.000986099
517521 0.000748991
517881 0.000475846
518242 0.000337006
518602 0.000259874
519322 0.000187577
520043 0.000166140
520763 0.000176910
521483 0.000231861
521844 0.000294210
522204 0.000411472
522564 0.000658131
522744 0.000885609
522924 0.00123562
523159 0.00188140
523394 0.00224971
523864 0.00127209
524044 0.00102314
524224 0.000902278
524584 0.000940120
524764 0.00109870
524944 0.00139300
525124 0.00190323
525304 0.00275950
525519 0.00429815
525733 0.00529800
525948 0.00422624
526163 0.00266279
526372 0.00168483
526581 0.00112659
526790 0.000798983
526999 0.000595581
527416 0.000370418
527834 0.000256216
528252 0.000190558
528670 0.000149293
529505 0.000102063
530341 7.68807E-05
531177 6.17742E-05
532848 4.52270E-05
534519 3.68859E-05
536190 3.22783E-05
539533 2.85997E-05
542875 2.98342E-05
546217 3.82464E-05
547889 4.92584E-05
549560 7.41614E-05
550395 0.000100026
551231 0.000148970
551649 0.000191291
552067 0.000256478
552484 0.000361013
552902 0.000530121
553395 0.000820312
553887 0.000993477
554871 0.000573546
555348 0.000472288
555824 0.000515870
556062 0.000620400
556301 0.000834342
556539 0.00127097
556777 0.00216802
556976 0.00333911
557076 0.00379751
557175 0.00386620
557572 0.00181246
557755 0.00118609
557938 0.000819266
558120 0.000597443
558303 0.000456152
558669 0.000295360
559034 0.000211428
559400 0.000162206
559766 0.000130848
560497 9.46178E-05
561228 7.54286E-05
561959 6.43901E-05
563422 5.44928E-05
564884 5.44934E-05
566346 6.64857E-05
567078 8.32937E-05
567809 0.000123762
568174 0.000169821
568540 0.000269637
568723 0.000370754
568906 0.000557118
568997 0.000713700
569088 0.000947864
569180 0.00130944
569271 0.00187176
569510 0.00377526
569630 0.00310858
569749 0.00199410
569893 0.00116654
570038 0.000761746
570182 0.000557587
570326 0.000451726
570615 0.000384533
570903 0.000436942
571439 0.000669864
571975 0.000389350
572215 0.000291700
572454 0.000235962
572934 0.000190303
573413 0.000187843
573892 0.000213748
574371 0.000274276
574851 0.000399466
575090 0.000510328
575330 0.000682474
575569 0.000960693
575809 0.00141730
576086 0.00221658
576363 0.00279196
576641 0.00233434
576918 0.00160485
577115 0.00127668
577311 0.00110460
577704 0.00110876
578047 0.00137402
578390 0.00148439
579077 0.000729679
579419 0.000487532
579760 0.000349468
580102 0.000267813
580444 0.000217145
581127 0.000163789
581811 0.000144639
582494 0.000149931
583177 0.000191564
583519 0.000243400
583861 0.000349284
584032 0.000446030
584202 0.000602425
584373 0.000869731
584544 0.00133909
584719 0.00208172
584893 0.00258357
585068 0.00210608
585242 0.00138164
585393 0.000971440
585544 0.000732412
585695 0.000598083
585846 0.000528310
586147 0.000516111
586449 0.000669361
586872 0.00104708
587294 0.000893131
587491 0.000972029
587687 0.00125376
587884 0.00188581
588080 0.00322488
588241 0.00505828
588402 0.00627925
588563 0.00503841
588724 0.00317908
588849 0.00219708
588973 0.00156897
589098 0.00116434
589223 0.000895709
589472 0.000578493
589721 0.000408220
589971 0.000307177
590220 0.000242552
590718 0.000167906
591217 0.000128365
591715 0.000105398
592713 8.33757E-05
593710 7.95354E-05
594707 9.63574E-05
595205 0.000123236
595704 0.000188882
595953 0.000260466
596203 0.000400980
596327 0.000525887
596452 0.000722074
596576 0.00104326
596701 0.00157306
596845 0.00246493
596988 0.00296678
597276 0.00144707
597446 0.000842628
597617 0.000537767
597787 0.000374417
597957 0.000279638
598298 0.000181867
598638 0.000136484
599319 0.000100157
600000 9.14704E-05
600864 0.000100796
601729 0.000139461
602161 0.000183405
602593 0.000268813
602809 0.000343531
603025 0.000459024
603241 0.000644025
603457 0.000939438
603721 0.00144109
603852 0.00163392
603984 0.00166112
604511 0.000830023
604761 0.000591715
605011 0.000479783
605261 0.000455589
605511 0.000512129
605769 0.000644631
606026 0.000707298
606541 0.000404712
606939 0.000276679
607338 0.000234457
607736 0.000232890
608135 0.000260519
608533 0.000322337
608931 0.000439710
609330 0.000664569
609728 0.00110506
610075 0.00172337
610422 0.00213037
610769 0.00178726
611115 0.00138858
611293 0.00138249
611470 0.00160756
611641 0.00209531
611811 0.00247428
611982 0.00205446
612152 0.00137302
612381 0.000810141
612609 0.000535049
612838 0.000387557
613067 0.000299268
613524 0.000201574
613981 0.000150192
614895 9.89479E-05
615810 7.47371E-05
617639 5.39303E-05
619468 4.76504E-05
621296 4.97096E-05
623125 6.42355E-05
624040 8.37381E-05
624497 0.000101302
624954 0.000129680
625411 0.000179698
625869 0.000279618
626326 0.000519041
626554 0.000774841
626783 0.00123213
626897 0.00156845
627011 0.00196348
627239 0.00253056
627468 0.00210726
627696 0.00134536
627900 0.000884127
628104 0.000609567
628308 0.000444680
628512 0.000341459
628919 0.000227993
629327 0.000173005
630143 0.000130214
630958 0.000126337
631774 0.000149927
632589 0.000220183
632997 0.000296882
633405 0.000444688
633608 0.000574332
633812 0.000776773
634016 0.00110732
634220 0.00165298
634451 0.00255204
634681 0.00305580
635142 0.00166255
635293 0.00134485
635444 0.00116267
635746 0.00109997
636047 0.00143022
636198 0.00181825
636349 0.00244370
636558 0.00373153
636766 0.00457838
636974 0.00366922
637182 0.00233211
637360 0.00156701
637539 0.00109898
637717 0.000808556
637896 0.000620713
638252 0.000404193
638609 0.000290323
638966 0.000223584
639322 0.000181393
640036 0.000133770
640749 0.000110173
641463 9.85199E-05
642890 9.53570E-05
644316 0.000114772
645030 0.000136686
645743 0.000173211
646457 0.000236288
647170 0.000353416
647527 0.000450951
647884 0.000594532
648240 0.000810744
648597 0.00113565
648849 0.00144406
649102 0.00179343
649606 0.00221517
650111 0.00177538
650615 0.00115444
651211 0.000844813
651509 0.00125676
651658 0.00290300
651733 0.00706019
651770 0.0143029
651788 0.0225742
651807 0.0382155
651841 0.0742833
651858 0.0583993
651875 0.0364628
651892 0.0221973
651910 0.0143991
651945 0.00729414
652015 0.00299030
652156 0.00114884
652437 0.000500201
652719 0.000335571
653000 0.000259066
653563 0.000181155
654126 0.000139407
655251 9.46595E-05
656377 7.15945E-05
658627 4.98536E-05
660878 4.17409E-05
663129 4.14756E-05
664255 4.49876E-05
665380 5.31983E-05
666506 7.19630E-05
667068 9.04138E-05
667631 0.000122639
668194 0.000185779
668475 0.000242538
668757 0.000334486
669038 0.000496998
669319 0.000820633
669601 0.00158255
669741 0.00236954
669882 0.00370126
669959 0.00471740
670036 0.00582635
670113 0.00670098
670190 0.00690466
670345 0.00525478
670499 0.00324804
670677 0.00188247
670855 0.00118170
671033 0.000800363
671211 0.000575995
671388 0.000434450
671566 0.000340093
671922 0.000226699
672278 0.000164017
672634 0.000125889
673345 8.38813E-05
674057 6.24979E-05
674768 5.01593E-05
676191 3.72295E-05
679037 2.76612E-05
681883 2.48663E-05
684729 2.50982E-05
687575 2.93804E-05
690421 5.35065E-05
691844 0.000139695
692555 0.000423501
692733 0.000665899
692911 0.00121058
693000 0.00177683
693089 0.00283721
693178 0.00509454
693222 0.00720195
693267 0.0104725
693325 0.0166996
693383 0.0206309
693441 0.0163253
693499 0.0101891
693556 0.00637880
693612 0.00420952
693724 0.00215056
693837 0.00128614
693949 0.000853874
694174 0.000458532
694399 0.000290259
694849 0.000153758
695299 0.000101294
696199 6.22697E-05
697099 4.92036E-05
698899 4.36477E-05
700699 4.94730E-05
702499 6.76211E-05
704299 0.000117760
705199 0.000179445
705649 0.000234198
706099 0.000321776
706549 0.000473671
706999 0.000767959
707224 0.00102683
707449 0.00143057
707674 0.00208681
707899 0.00316710
708161 0.00505885
708422 0.00633447
708684 0.00508548
708945 0.00318794
709205 0.00197335
709465 0.00129081
709725 0.000896372
709985 0.000654905
710245 0.000498569
710505 0.000392366
711024 0.000262355
711544 0.000189282
712064 0.000144350
713104 9.44217E-05
714143 6.88449E-05
715183 5.40570E-05
717262 3.85776E-05
719341 3.11626E-05
721420 2.71679E-05
725579 2.37041E-05
729737 2.34707E-05
733896 2.70578E-05
735975 3.27184E-05
738054 4.81945E-05
740133 0.000120376
740653 0.000184995
741173 0.000340135
741433 0.000515021
741693 0.000879623
741823 0.00122726
741953 0.00181687
742083 0.00289446
742212 0.00494285
742329 0.00785652
742446 0.00963856
742563 0.00758142
742680 0.00472891
742755 0.00345773
742829 0.00258085
742979 0.00155371
743129 0.00102478
743279 0.000725926
743578 0.000424089
743878 0.000285515
744476 0.000171435
745075 0.000136673
745674 0.000142770
746273 0.000209339
746573 0.000304543
746872 0.000537786
747022 0.000798408
747172 0.00132809
747321 0.00261966
747396 0.00401346
747471 0.00649141
747509 0.00829087
747546 0.0103187
747621 0.0126731
747697 0.00997827
747772 0.00622360
747933 0.00237730
748095 0.00117644
748257 0.000696742
748418 0.000463137
748742 0.000253063
749065 0.000164528
749389 0.000118968
749712 9.23839E-05
750359 6.39577E-05
751005 4.97049E-05
751652 4.14537E-05
752945 3.26291E-05
755532 2.56115E-05
758119 2.29228E-05
768465 2.09140E-05
778812 2.33924E-05
781399 2.54995E-05
783986 3.06854E-05
785279 3.73232E-05
786572 5.50216E-05
787219 7.83003E-05
787866 0.000139523
788189 0.000216940
788513 0.000406472
788674 0.000624745
788836 0.00109152
788998 0.00235194
789078 0.00388652
789159 0.00699915
789192 0.00894967
789225 0.0111406
789291 0.0136826
789357 0.0107657
789423 0.00671106
789588 0.00223295
789753 0.00103746
789918 0.000594934
790084 0.000388154
790414 0.000208346
790745 0.000135000
791406 7.72075E-05
792067 5.55231E-05
792728 4.52373E-05
793389 3.96672E-05
794711 3.44078E-05
797356 3.18611E-05
800000 3.28153E-05
804757 3.94871E-05
807135 4.62556E-05
809513 5.77723E-05
811891 7.94833E-05
813080 9.83243E-05
814270 0.000127859
815459 0.000177735
816648 0.000270649
817242 0.000349207
817837 0.000467026
818432 0.000649182
819026 0.000932025
819808 0.00147839
820590 0.00184936
821372 0.00149072
822154 0.000942111
822786 0.000642031
823418 0.000454219
824050 0.000335807
824683 0.000258507
825947 0.000169147
827211 0.000122402
828475 9.53221E-05
829740 7.84334E-05
832268 5.97184E-05
837325 4.59955E-05
842382 4.37271E-05
847439 4.79834E-05
852496 6.20995E-05
855025 7.76189E-05
857553 0.000107052
860082 0.000170026
861346 0.000228868
862610 0.000320408
864255 0.000492095
865900 0.000596103
867545 0.000474570
869190 0.000307250
870462 0.000220799
871733 0.000165935
874277 0.000108213
876820 8.27866E-05
879364 7.19729E-05
881907 7.10320E-05
884450 8.47174E-05
885722 0.000105837
886994 0.000158199
887630 0.000216764
888265 0.000335925
888583 0.000446238
888901 0.000627733
889219 0.000945510
889537 0.00152237
890156 0.00308489
890465 0.00253661
890774 0.00161399
891053 0.00105484
891332 0.000723312
891611 0.000524121
891890 0.000398933
892448 0.000259868
893005 0.000190260
893563 0.000151643
894121 0.000129002
895237 0.000108871
897468 0.000146397
898583 0.000325765
898862 0.000469866
899141 0.000765909
899281 0.00104204
899420 0.00149737
899560 0.00229133
899699 0.00368740
899842 0.00573324
899914 0.00647217
899985 0.00650190
900272 0.00291619
900414 0.00182895
900557 0.00122231
900699 0.000868579
900842 0.000649490
901126 0.000407719
901411 0.000285944
901981 0.000173567
902550 0.000125193
903690 8.54872E-05
904829 7.01386E-05
907107 5.94320E-05
909386 5.79331E-05
913942 7.52130E-05
916221 0.000128264
916790 0.000168671
917360 0.000251604
917645 0.000330194
917930 0.000463654
918214 0.000708746
918499 0.00118051
918749 0.00184289
918999 0.00226027
919249 0.00180406
919499 0.00115597
919672 0.000847609
919846 0.000642227
920192 0.000412860
920538 0.000302810
920885 0.000246087
921578 0.000202951
922270 0.000207264
922963 0.000252618
923656 0.000379237
924002 0.000524398
924349 0.000837343
924522 0.00115593
924695 0.00175398
924868 0.00306383
924955 0.00434177
925042 0.00643655
925243 0.0129303
925344 0.0107074
925445 0.00695315
925544 0.00456281
925643 0.00323610
925741 0.00250123
925840 0.00208956
926037 0.00176158
926234 0.00178126
926964 0.00269599
927329 0.00216513
927694 0.00138732
928132 0.000814225
928571 0.000524255
929009 0.000368672
929447 0.000277827
930323 0.000182817
931200 0.000137347
932953 9.79303E-05
934706 8.40334E-05
936458 8.21410E-05
938211 9.43329E-05
939964 0.000159934
940402 0.000211542
940841 0.000315040
941060 0.000409176
941279 0.000560780
941498 0.000817141
941717 0.00125624
941953 0.00195229
942188 0.00232028
942659 0.00113002
942903 0.000711125
943146 0.000481589
943390 0.000350633
943633 0.000271047
944121 0.000185112
944608 0.000142989
945582 0.000105673
946556 9.11232E-05
948505 8.32537E-05
950454 8.72022E-05
954351 0.000136505
955325 0.000175643
956299 0.000259041
956787 0.000343667
957274 0.000502761
957517 0.000640458
957761 0.000853318
958005 0.00119649
958248 0.00175420
958533 0.00269705
958818 0.00321214
959103 0.00253041
959387 0.00167141
959686 0.00113700
959985 0.000874811
960284 0.000764607
960584 0.000751850
960883 0.000823662
961182 0.000998802
961481 0.00133597
961780 0.00195335
962409 0.00403521
962566 0.00399856
962723 0.00355374
963037 0.00234930
963271 0.00168424
963506 0.00125202
963740 0.000976387
963974 0.000798698
964443 0.000608788
964912 0.000541752
965380 0.000557453
965849 0.000668208
966317 0.000957787
966552 0.00123914
966786 0.00168343
967391 0.00317374
967694 0.00268083
967997 0.00186114
968219 0.00146290
968441 0.00123023
968884 0.00108628
969328 0.00124160
969771 0.00170488
970223 0.00247107
970675 0.00282436
971127 0.00215477
971578 0.00137377
971928 0.000976937
972278 0.000722397
972977 0.000444910
973677 0.000310415
974377 0.000236370
975776 0.000162342
977176 0.000128185
979974 9.99324E-05
982773 9.20673E-05
985572 9.55839E-05
988371 0.000115402
989770 0.000139706
991169 0.000189678
991869 0.000235594
992569 0.000310033
993268 0.000436988
993968 0.000657315
994702 0.00100536
995436 0.00120939
996170 0.000958188
996904 0.000620564
997678 0.000399943
998452 0.000280280
999226 0.000212817
1.00000E+06 0.000172274
1.00143E+06 0.000131350
1.00287E+06 0.000110951
1.00574E+06 9.35084E-05
1.01147E+06 8.96845E-05
1.01434E+06 9.70670E-05
1.01721E+06 0.000117152
1.01864E+06 0.000139680
1.02007E+06 0.000185713
1.02079E+06 0.000228834
1.02151E+06 0.000301013
1.02222E+06 0.000430821
1.02294E+06 0.000674027
1.02359E+06 0.00102657
1.02424E+06 0.00126946
1.02489E+06 0.00104611
1.02554E+06 0.000692962
1.02625E+06 0.000449662
1.02695E+06 0.000320326
1.02766E+06 0.000249861
1.02836E+06 0.000209609
1.02977E+06 0.000172630
1.03118E+06 0.000165087
1.03259E+06 0.000179050
1.03400E+06 0.000226587
1.03471E+06 0.000277684
1.03541E+06 0.000370471
1.03612E+06 0.000553384
1.03682E+06 0.000927640
1.03739E+06 0.00136385
1.03767E+06 0.00149764
1.03795E+06 0.00147001
1.03909E+06 0.000702965
1.03961E+06 0.000512824
1.04013E+06 0.000413270
1.04065E+06 0.000368665
1.04117E+06 0.000363882
1.04168E+06 0.000399476
1.04220E+06 0.000494365
1.04272E+06 0.000702584
1.04324E+06 0.00114462
1.04366E+06 0.00172175
1.04408E+06 0.00202499
1.04492E+06 0.00101847
1.04521E+06 0.000754818
1.04551E+06 0.000579337
1.04609E+06 0.000379706
1.04668E+06 0.000279515
1.04727E+06 0.000223356
1.04844E+06 0.000166473
1.04962E+06 0.000139839
1.05196E+06 0.000116673
1.05431E+06 0.000107647
1.06370E+06 0.000103290
1.07309E+06 0.000116383
1.07779E+06 0.000145412
1.07896E+06 0.000167380
1.08013E+06 0.000214464
1.08072E+06 0.000261735
1.08131E+06 0.000347774
1.08189E+06 0.000523752
1.08219E+06 0.000681502
1.08248E+06 0.000919563
1.08269E+06 0.00114782
1.08290E+06 0.00140700
1.08331E+06 0.00172177
1.08372E+06 0.00139068
1.08413E+06 0.000913131
1.08456E+06 0.000599916
1.08498E+06 0.000428879
1.08541E+06 0.000332302
1.08584E+06 0.000274433
1.08669E+06 0.000213113
1.08754E+06 0.000184310
1.08925E+06 0.000162003
1.09096E+06 0.000158791
1.09266E+06 0.000167960
1.09437E+06 0.000198676
1.09522E+06 0.000235122
1.09607E+06 0.000312208
1.09650E+06 0.000386372
1.09693E+06 0.000512749
1.09735E+06 0.000745626
1.09778E+06 0.00118863
1.09855E+06 0.00212450
1.09931E+06 0.00107403
1.09967E+06 0.000734220
1.10002E+06 0.000537103
1.10037E+06 0.000418896
1.10073E+06 0.000344788
1.10144E+06 0.000262006
1.10215E+06 0.000220225
1.10356E+06 0.000182153
1.10498E+06 0.000166610
1.11065E+06 0.000153931
1.12198E+06 0.000164262
1.14466E+06 0.000201590
1.19000E+06 0.000285322
1.19500E+06 0.000292441
1.20000E+06 0.000298652
1.20000E+06 0.000504340
1.22500E+06 0.000498735
1.25000E+06 0.000493129
1.50000E+06 0.000450550
1.60000E+06 0.000445556
1.60011E+06 0.000445579
1.60011E+06 0.000445580
1.60011E+06 0.000445580
1.75000E+06 0.000476938
1.77367E+06 0.000480866
1.77369E+06 0.000480869
1.77369E+06 0.000480869
2.00000E+06 0.000510580
2.04089E+06 0.000517701
2.04089E+06 0.000517702
2.25000E+06 0.000554121
2.30000E+06 0.000560593
2.50000E+06 0.000581058
2.70000E+06 0.000600607
2.75000E+06 0.000601496
2.94989E+06 0.000557895
3.00000E+06 0.000546965
3.17035E+06 0.000499435
3.17035E+06 0.000499435
3.17074E+06 0.000499326
3.18790E+06 0.000494897
3.18818E+06 0.000494833
3.18818E+06 0.000494833
3.25000E+06 0.000480859
3.25158E+06 0.000480503
3.25158E+06 0.000480502
3.50000E+06 0.000424346
3.72485E+06 0.000382999
3.72578E+06 0.000382846
3.72578E+06 0.000382846
3.75000E+06 0.000378867
3.80806E+06 0.000369329
3.80896E+06 0.000369187
3.80896E+06 0.000369187
3.84288E+06 0.000363839
3.84330E+06 0.000363776
3.84331E+06 0.000363776
3.88582E+06 0.000357493
3.88582E+06 0.000357493
3.88583E+06 0.000357492
3.88583E+06 0.000357492
3.97212E+06 0.000344740
3.97212E+06 0.000344739
4.00000E+06 0.000340619
4.11929E+06 0.000330672
4.11929E+06 0.000330672
4.11993E+06 0.000330618
4.12588E+06 0.000330196
4.12588E+06 0.000330196
4.19436E+06 0.000325345
4.19436E+06 0.000325344
4.25000E+06 0.000321402
4.26108E+06 0.000320617
4.29061E+06 0.000312164
4.29061E+06 0.000312164
4.29601E+06 0.000310617
4.38332E+06 0.000300617
4.38535E+06 0.000300491
4.38535E+06 0.000300491
4.38917E+06 0.000300254
4.38918E+06 0.000300254
4.50000E+06 0.000293385
4.51276E+06 0.000292616
4.51626E+06 0.000292260
4.51626E+06 0.000292260
4.58159E+06 0.000285616
4.58167E+06 0.000285612
4.58167E+06 0.000285612
4.66963E+06 0.000280563
4.66963E+06 0.000280563
4.66993E+06 0.000280546
4.75000E+06 0.000269995
4.93222E+06 0.000245983
4.93222E+06 0.000245982
4.94195E+06 0.000244700
4.94217E+06 0.000244680
4.94217E+06 0.000244680
4.96961E+06 0.000242175
4.96961E+06 0.000242174
4.98641E+06 0.000240641
4.98641E+06 0.000240641
5.00000E+06 0.000239400
5.03638E+06 0.000236790
5.03638E+06 0.000236790
5.03639E+06 0.000236790
5.03802E+06 0.000236673
5.03802E+06 0.000236673
5.05487E+06 0.000235464
5.05487E+06 0.000235464
5.05515E+06 0.000235444
5.05733E+06 0.000235263
5.05733E+06 0.000235263
5.09616E+06 0.000232034
5.09616E+06 0.000232033
5.10960E+06 0.000230916
5.10972E+06 0.000230902
5.10972E+06 0.000230902
5.11576E+06 0.000230200
5.14599E+06 0.000227432
5.14599E+06 0.000227432
5.19314E+06 0.000223115
5.19314E+06 0.000223115
5.19715E+06 0.000222748
5.19715E+06 0.000222748
5.28333E+06 0.000214856
5.28334E+06 0.000214856
5.50000E+06 0.000195017
6.00000E+06 0.000160507
6.33011E+06 0.000144767
6.33011E+06 0.000144767
6.50000E+06 0.000136666
7.00000E+06 0.000118049
7.50000E+06 0.000102602
8.00000E+06 8.97261E-05
8.06275E+06 8.85102E-05
8.06275E+06 8.85102E-05
8.50000E+06 8.00376E-05
8.61540E+06 7.82044E-05
8.61540E+06 7.82043E-05
9.00000E+06 7.20944E-05
9.50000E+06 6.59779E-05
9.71091E+06 6.41721E-05
9.71901E+06 6.41028E-05
9.76741E+06 6.36884E-05
9.76741E+06 6.36884E-05
9.76741E+06 6.36883E-05
1.00000E+07 6.16970E-05
1.00606E+07 6.16122E-05
1.00606E+07 6.16122E-05
1.05000E+07 6.09977E-05
1.05924E+07 6.14815E-05
1.05925E+07 6.14818E-05
1.06370E+07 6.17150E-05
1.06370E+07 6.17150E-05
1.06370E+07 6.17151E-05
1.06370E+07 6.17151E-05
1.09765E+07 6.34926E-05
1.09765E+07 6.34927E-05
1.10000E+07 6.36156E-05
1.10301E+07 6.38607E-05
1.10302E+07 6.38611E-05
1.10302E+07 6.38612E-05
1.15000E+07 6.76866E-05
1.16758E+07 7.34136E-05
1.16758E+07 7.34140E-05
1.16758E+07 7.34143E-05
1.17246E+07 7.50034E-05
1.18686E+07 7.96945E-05
1.18686E+07 7.96951E-05
1.18686E+07 7.96955E-05
1.18686E+07 7.96958E-05
1.19895E+07 8.36343E-05
1.20000E+07 8.39751E-05
1.20553E+07 8.72582E-05
1.20553E+07 8.72588E-05
1.21062E+07 9.02799E-05
1.21062E+07 9.02823E-05
1.24722E+07 0.000112018
1.24722E+07 0.000112019
1.24900E+07 0.000113076
1.25000E+07 0.000113667
1.26856E+07 0.000125109
1.26858E+07 0.000125123
1.26858E+07 0.000125124
1.26859E+07 0.000125125
1.27252E+07 0.000127549
1.27252E+07 0.000127549
1.27252E+07 0.000127550
1.28523E+07 0.000135385
1.28523E+07 0.000135386
1.30000E+07 0.000144492
1.30800E+07 0.000155781
1.30800E+07 0.000155785
1.30800E+07 0.000155787
1.32431E+07 0.000178796
1.34907E+07 0.000213949
1.35000E+07 0.000215260
1.35750E+07 0.000225991
1.37186E+07 0.000246545
1.37186E+07 0.000246546
1.37558E+07 0.000251867
1.37558E+07 0.000251870
1.38359E+07 0.000263335
1.39666E+07 0.000282037
1.39829E+07 0.000284373
1.39829E+07 0.000284374
1.39829E+07 0.000284376
1.40000E+07 0.000286820
1.40527E+07 0.000298817
1.40527E+07 0.000298826
1.40742E+07 0.000303734
1.41924E+07 0.000330649
1.41985E+07 0.000332043
1.41985E+07 0.000332052
1.41986E+07 0.000332055
1.42478E+07 0.000343275
1.45000E+07 0.000400848
1.50000E+07 0.000537529
1.54919E+07 0.000656747
1.55000E+07 0.000658711
1.60000E+07 0.000780060
1.64887E+07 0.000845346
1.64887E+07 0.000845348
1.65000E+07 0.000846861
1.70000E+07 0.000838293
1.75000E+07 0.000806279
1.80000E+07 0.000767312
1.85000E+07 0.000721743
1.90000E+07 0.000677913
1.94063E+07 0.000647302
1.94063E+07 0.000647301
1.95000E+07 0.000640239
2.00000E+07 0.000607278