In-113(n,g) ENDF/B-VII.1
Energy(eV) XS(b)
1.00000E-05 596.292
1.25000E-05 533.341
1.50000E-05 486.873
2.00000E-05 421.646
2.75000E-05 359.583
3.50000E-05 318.739
4.25000E-05 289.253
5.00000E-05 266.680
6.25000E-05 238.528
7.50000E-05 217.748
0.000100000 188.579
0.000125000 168.674
0.000150000 153.981
0.000200000 133.358
0.000275000 113.735
0.000350000 100.822
0.000425000 91.5009
0.000500000 84.3653
0.000625000 75.4670
0.000750000 68.8993
0.00100000 59.6819
0.00125000 53.3930
0.00150000 48.7518
0.00200000 42.2391
0.00275000 36.0457
0.00350000 31.9725
0.00425000 29.0341
0.00500000 26.7860
0.00625000 23.9850
0.00750000 21.9197
0.0100000 19.0256
0.0125000 17.0553
0.0150000 15.6043
0.0200000 13.5749
0.0253000 12.1276
0.0314750 10.9343
0.0376500 10.0541
0.0500000 8.82416
0.0625000 7.98471
0.0750000 7.37490
0.100000 6.54043
0.125000 5.99334
0.150000 5.60788
0.200000 5.10985
0.275000 4.72138
0.350000 4.55757
0.500000 4.60247
0.750000 5.49569
1.00000 7.86401
1.19023 12.0695
1.28534 16.0996
1.38045 23.0900
1.47556 36.8426
1.52312 49.3635
1.57068 70.0363
1.61823 107.770
1.64201 139.477
1.66579 187.549
1.68957 264.953
1.71334 399.262
1.73712 653.263
1.74901 864.220
1.76090 1162.57
1.77068 1483.47
1.78045 1848.57
1.80000 2297.10
1.81955 1828.49
1.83910 1137.51
1.85921 687.464
1.87933 440.438
1.89944 300.309
1.91955 215.714
1.93966 161.526
1.95978 125.035
2.00000 80.8041
2.04160 55.5933
2.08320 40.4612
2.12480 30.7081
2.16640 24.0737
2.24960 15.9125
2.33280 11.2950
2.41600 8.44440
2.49920 6.56988
2.66560 4.35225
2.83200 3.15843
2.99840 2.46135
3.33120 1.78861
3.66400 1.65290
3.83040 1.77900
3.99680 2.12844
4.16320 2.96389
4.24640 3.79727
4.32960 5.26546
4.41280 8.17546
4.45440 10.8252
4.49600 15.1831
4.53760 23.0647
4.55840 29.6128
4.57920 39.4168
4.60000 54.9172
4.62080 81.0907
4.64160 128.598
4.66240 218.628
4.68120 349.020
4.70000 435.474
4.71880 347.619
4.73760 216.874
4.75400 141.513
4.77040 96.1739
4.78680 68.4929
4.80320 50.8496
4.83600 30.9141
4.86880 20.6861
4.90160 14.8115
4.93440 11.1471
5.00000 7.02155
5.07813 4.59322
5.15625 3.29197
5.23438 2.51521
5.31250 2.01476
5.46875 1.43035
5.62500 1.11483
5.93750 0.803042
6.25000 0.661239
6.87500 0.548445
7.50000 0.521610
8.75000 0.576020
10.0000 0.759177
11.1417 1.15140
11.7125 1.54153
12.2833 2.24654
12.5687 2.83624
12.8541 3.73221
13.1395 5.19360
13.4250 7.82757
13.5677 10.0247
13.7104 13.3506
13.8531 18.7401
13.9958 28.3433
14.0671 36.2539
14.1385 48.0685
14.2098 66.8556
14.2812 99.4013
14.3169 125.448
14.3526 163.263
14.3882 221.106
14.4239 315.835
14.4596 486.332
14.4774 627.262
14.4953 837.039
14.5131 1166.47
14.5309 1716.99
14.5488 2701.12
14.5666 4527.03
14.5833 7243.52
14.6000 9052.27
14.6167 7233.91
14.6334 4515.65
14.6439 3310.01
14.6544 2471.58
14.6753 1480.78
14.6963 967.096
14.7173 675.448
14.7382 496.205
14.7592 379.073
14.8011 241.064
14.8430 166.318
14.8850 121.493
14.9688 72.8370
15.0527 48.4446
15.1365 34.5291
15.2204 25.8564
15.3042 20.0932
15.4719 13.1582
15.6396 9.31060
15.8074 6.96137
15.9751 5.42634
16.3105 3.61749
16.6459 2.64427
16.9813 2.07319
17.3167 1.72192
17.9875 1.37574
18.6584 1.31360
19.3292 1.50978
19.6646 1.76077
20.0000 2.21479
20.3777 3.26862
20.5666 4.29439
20.7555 6.11560
20.9443 9.85039
21.0388 13.4141
21.1332 19.6150
21.2276 31.8897
21.2748 43.1276
21.3220 61.7583
21.3693 95.9221
21.3929 124.719
21.4165 168.446
21.4401 239.007
21.4637 361.622
21.4755 458.262
21.4873 593.734
21.4991 786.511
21.5109 1059.32
21.5305 1694.60
21.5500 2117.91
21.5696 1692.99
21.5891 1057.36
21.6022 759.549
21.6153 557.660
21.6284 420.941
21.6416 326.429
21.6678 210.345
21.6940 145.795
21.7202 106.686
21.7465 81.3858
21.7989 51.8737
21.8514 36.0570
21.9038 26.6428
22.0087 16.5155
22.1136 11.5084
22.2185 8.70523
22.4283 5.92935
22.6381 4.77576
22.8479 4.35056
23.2675 4.73861
23.4773 5.51978
23.6870 6.88152
23.8968 9.23406
24.1066 13.5605
24.2115 17.1722
24.3164 22.6061
24.4213 31.3056
24.5262 46.4893
24.5787 58.7213
24.6311 76.5882
24.6836 104.135
24.7360 149.755
24.7622 184.672
24.7885 233.219
24.8147 303.405
24.8409 409.699
24.8671 580.557
24.8934 875.624
24.9065 1106.71
24.9196 1429.19
24.9327 1885.21
24.9458 2526.06
24.9679 4038.00
24.9900 5043.54
25.0121 4033.88
25.0342 2521.16
25.0477 1864.20
25.0612 1402.25
25.0882 849.116
25.1152 558.454
25.1422 391.924
25.1692 288.960
25.1962 221.371
25.2502 141.392
25.3042 97.8969
25.3582 71.7443
25.4663 43.2799
25.5743 28.9832
25.6823 20.8262
25.7903 15.7544
25.8983 12.4070
26.1143 8.50002
26.3304 6.73587
26.4384 6.62129
26.5464 7.65273
26.6004 9.33519
26.6544 13.4015
26.6814 17.6803
26.7084 25.6237
26.7354 42.0854
26.7489 56.9699
26.7624 79.5299
26.7812 125.012
26.8000 155.256
26.8188 124.805
26.8376 79.1800
26.8532 53.8147
26.8687 38.1042
26.8843 28.2726
26.8999 21.8843
26.9310 14.5015
26.9621 10.6130
27.0244 6.86229
27.0867 5.15125
27.2112 3.61231
27.3357 2.90601
27.5848 2.21415
27.8338 1.85827
28.3319 1.50669
28.8301 1.39145
29.3282 1.44487
29.8263 1.69965
30.3244 2.32264
30.5735 2.95281
30.6980 3.54372
30.7602 4.19980
30.7914 4.93852
30.8225 6.62502
30.8600 9.67120
30.8975 7.00961
30.9379 5.45792
30.9783 5.16037
31.0591 5.43102
31.2206 6.95481
31.3822 9.62261
31.5437 14.4316
31.6245 18.4004
31.7053 24.3273
31.7860 33.7421
31.8668 50.0089
31.9072 62.9886
31.9476 81.7756
31.9880 110.390
32.0284 156.966
32.0486 192.025
32.0687 240.007
32.0889 307.999
32.1091 408.244
32.1293 563.601
32.1495 818.302
32.1697 1261.68
32.1899 2056.95
32.2100 3292.14
32.2300 4115.49
32.2501 3289.76
32.2701 2054.13
32.2914 1228.35
32.3126 782.057
32.3339 531.744
32.3552 381.695
32.3765 285.998
32.3977 221.705
32.4403 143.896
32.4828 100.632
32.5253 74.2270
32.6104 45.0932
32.6955 30.2587
32.7806 21.7082
32.8656 16.3381
32.9507 12.7486
33.1209 8.39918
33.2910 5.96532
33.4612 4.46749
33.6313 3.48064
33.9716 2.30235
34.3119 1.65471
34.6522 1.27752
34.8224 1.20002
34.9074 1.30154
34.9500 1.55845
34.9712 1.87550
34.9925 2.49919
35.0300 3.98991
35.0675 2.45536
35.0863 1.86225
35.1050 1.52558
35.1425 1.20227
35.2176 0.976983
35.3676 0.827675
35.6677 0.687896
36.2680 0.524549
37.4685 0.358537
38.6689 0.285858
39.8694 0.264144
41.0699 0.294543
41.6701 0.343704
42.2704 0.441592
42.8706 0.651746
43.1707 0.854450
43.4708 1.20834
43.7710 1.91589
43.9210 2.57736
44.0711 3.71362
44.2211 5.95227
44.2962 8.01840
44.3712 11.5125
44.4462 18.1906
44.4837 24.1175
44.5213 33.6591
44.5588 50.4672
44.5963 84.0031
44.6150 114.543
44.6338 163.934
44.6526 248.426
44.6713 396.525
44.6907 633.033
44.7100 790.745
44.7294 633.127
44.7487 396.939
44.7654 261.983
44.7820 180.200
44.7987 130.031
44.8153 98.0125
44.8486 61.9349
44.8819 43.7830
44.9152 33.8437
44.9485 28.2676
45.0151 24.3801
45.0816 27.7210
45.1149 32.9179
45.1482 42.2941
45.1815 59.5254
45.2148 93.8467
45.2315 124.372
45.2481 172.175
45.2648 250.184
45.2814 378.859
45.2911 483.633
45.3007 603.316
45.3200 752.655
45.3393 602.651
45.3586 377.731
45.3767 239.940
45.3949 160.021
45.4130 112.620
45.4311 83.0282
45.4674 50.2121
45.5037 33.6237
45.5399 24.1527
45.5762 18.2498
45.6487 11.5743
45.7212 8.06927
45.7937 5.99197
45.9388 3.73505
46.0838 2.58548
46.2289 1.91408
46.5190 1.19224
46.8090 0.827941
47.0991 0.616730
47.6793 0.391895
48.2595 0.279935
48.8397 0.215839
50.0000 0.149761
50.5313 0.137164
50.7969 0.147220
50.8633 0.160570
50.9297 0.193606
50.9629 0.229999
50.9961 0.301831
51.0127 0.365897
51.0293 0.466976
51.0459 0.633565
51.0625 0.912276
51.0813 1.38909
51.1000 1.70702
51.1188 1.38878
51.1375 0.911297
51.1540 0.633021
51.1705 0.465986
51.1870 0.364035
51.2035 0.299073
51.2365 0.225452
51.2695 0.187399
51.3356 0.151254
51.4016 0.134946
51.6656 0.113266
52.1938 0.101021
53.2500 0.0905766
54.3063 0.0877005
54.8344 0.0910812
55.0984 0.100800
55.2305 0.125857
55.2635 0.144139
55.2965 0.179543
55.3295 0.259855
55.3460 0.340248
55.3625 0.474109
55.3813 0.703984
55.4000 0.857391
55.4188 0.704620
55.4375 0.475225
55.4510 0.361406
55.4645 0.286358
55.4914 0.203389
55.5184 0.163283
55.5453 0.141620
55.6531 0.111917
55.8688 0.104629
56.3000 0.115695
56.7313 0.148667
56.9469 0.192822
57.0547 0.260131
57.1086 0.367784
57.1356 0.502136
57.1625 0.799290
57.1813 1.15678
57.2000 1.39729
57.2188 1.16863
57.2375 0.822808
57.2520 0.643093
57.2664 0.530153
57.2953 0.415090
57.3531 0.350611
57.4687 0.379624
57.5843 0.485998
57.6999 0.689301
57.8155 1.10678
57.8733 1.49823
57.9311 2.16232
57.9889 3.42131
58.0178 4.51979
58.0467 6.24870
58.0756 9.18056
58.1045 14.6694
58.1190 19.3292
58.1334 26.3442
58.1479 37.2335
58.1623 54.2163
58.1812 86.7389
58.2000 108.430
58.2189 86.7108
58.2377 54.1814
58.2506 38.6970
58.2635 28.2702
58.2764 21.2577
58.2893 16.4403
58.3150 10.5547
58.3408 7.30051
58.3666 5.33619
58.3924 4.06860
58.4439 2.59335
58.4955 1.80425
58.5470 1.33516
58.6501 0.831920
58.7532 0.587349
58.8563 0.464272
58.9594 0.452438
59.0110 0.570962
59.0367 0.753021
59.0625 1.17074
59.0813 1.70024
59.1000 2.05105
59.1188 1.68504
59.1375 1.13992
59.1526 0.842239
59.1677 0.653743
59.1979 0.452364
59.2280 0.355542
59.2582 0.301160
59.3186 0.242812
59.3789 0.211303
59.6203 0.155122
60.1031 0.116392
61.0688 0.0956443
63.0000 0.101469
64.9313 0.142085
65.8969 0.188515
66.3797 0.227135
66.6211 0.256697
66.7418 0.285685
66.8022 0.324873
66.8323 0.373962
66.8625 0.490002
66.9000 0.706526
66.9375 0.500621
66.9634 0.402703
66.9892 0.360386
67.0410 0.332906
67.1444 0.331942
67.3514 0.365238
67.7652 0.474818
68.1791 0.657634
68.5929 0.989811
68.7998 1.26833
69.0068 1.69160
69.2137 2.38076
69.4206 3.61609
69.5241 4.63918
69.6275 6.17491
69.7310 8.63290
69.8345 12.9297
69.9379 21.4776
69.9897 29.3323
70.0414 42.4020
70.0931 66.4746
70.1190 86.8607
70.1448 117.955
70.1707 168.430
70.1966 256.852
70.2095 327.137
70.2224 426.405
70.2354 568.910
70.2483 772.466
70.2692 1235.33
70.2900 1543.56
70.3109 1234.90
70.3317 771.962
70.3556 444.178
70.3795 275.213
70.4035 183.754
70.4274 130.262
70.4513 96.7326
70.4752 74.4891
70.5231 47.9057
70.5709 33.3042
70.6187 24.4644
70.7144 14.7830
70.8101 9.88749
70.9058 7.07847
71.0014 5.32034
71.0971 4.14876
71.2885 2.73683
71.4798 1.96198
71.6712 1.54812
71.7668 1.55905
71.8147 1.83114
71.8386 2.22743
71.8625 3.09172
71.9000 5.00775
71.9375 2.99706
71.9549 2.26207
71.9723 1.82522
72.0070 1.38325
72.0766 1.05427
72.2156 0.823575
72.4938 0.616011
73.0500 0.410601
73.6063 0.313392
73.8844 0.302597
74.0234 0.348434
74.0582 0.388882
74.0930 0.471039
74.1277 0.665652
74.1451 0.867281
74.1625 1.21298
74.1813 1.78411
74.2000 2.16500
74.2188 1.78418
74.2375 1.21284
74.2602 0.793637
74.2828 0.585121
74.3281 0.413027
74.3734 0.350868
74.4188 0.324957
74.5094 0.315301
74.6000 0.339426
74.6906 0.409841
74.7359 0.480144
74.7813 0.600246
74.8266 0.824371
74.8719 1.30491
74.8945 1.77436
74.9172 2.59115
74.9399 4.13950
74.9625 7.24600
74.9813 11.4783
75.0000 14.2988
75.0188 11.4790
75.0375 7.24525
75.0513 5.10196
75.0651 3.70201
75.0789 2.78432
75.0927 2.16707
75.1203 1.42951
75.1479 1.02988
75.1755 0.791741
75.2030 0.639121
75.2582 0.462264
75.3134 0.367408
75.3686 0.310434
75.4789 0.247531
75.6996 0.194573
75.9203 0.171364
76.8031 0.137527
78.5688 0.122676
80.3344 0.129841
82.1000 0.154473
83.8656 0.204869
85.6313 0.309233
86.5141 0.405967
87.3969 0.568320
88.2797 0.877527
88.7211 1.17297
88.9418 1.47267
89.0522 1.91022
89.1073 2.63634
89.1349 3.56970
89.1625 5.68565
89.1813 8.20016
89.2000 9.88399
89.2188 8.24754
89.2375 5.77940
89.2555 4.25267
89.2735 3.38808
89.3094 2.59231
89.3814 2.16508
89.5252 2.17827
89.8130 2.77579
90.1007 3.85150
90.3885 5.79117
90.5323 7.39540
90.6762 9.80183
90.8201 13.6550
90.9639 20.4089
91.0359 25.8838
91.1078 33.9369
91.1797 46.4854
91.2517 67.5970
91.2876 84.0115
91.3236 107.193
91.3596 141.374
91.3955 194.570
91.4315 283.421
91.4675 445.865
91.4855 580.596
91.5034 778.690
91.5214 1077.33
91.5394 1527.72
91.5647 2443.68
91.5900 3054.01
91.6153 2442.80
91.6406 1526.80
91.6612 1024.74
91.6818 711.880
91.7024 515.026
91.7230 386.758
91.7642 238.494
91.8054 160.799
91.8466 115.560
91.8878 87.1072
91.9703 54.8838
92.0527 38.2029
92.1351 28.6481
92.2999 19.3681
92.4647 16.9011
92.5471 17.8665
92.6296 21.1294
92.7120 29.0053
92.7532 36.5893
92.7944 49.2524
92.8356 72.1836
92.8562 91.0831
92.8768 119.058
92.8974 162.535
92.9077 193.591
92.9180 233.979
92.9283 287.302
92.9386 358.609
92.9489 454.577
92.9592 582.596
92.9694 744.579
92.9796 929.771
93.0000 1161.24
93.0102 1092.96
93.0204 929.316
93.0408 581.870
93.0647 332.399
93.0886 205.604
93.1125 137.637
93.1364 98.1226
93.1604 73.4405
93.1843 57.0947
93.2321 37.5605
93.2799 26.8046
93.3277 20.2564
93.4234 12.9993
93.5190 9.24490
93.6146 7.02862
93.8059 4.60727
93.9972 3.34891
94.1885 2.59344
94.5710 1.74658
94.9536 1.29559
95.3361 1.02417
96.1012 0.734210
96.8663 0.616477
97.6314 0.631916
98.0140 0.733962
98.2052 0.846062
98.3965 1.05269
98.5878 1.48454
98.6834 1.89971
98.7791 2.62482
98.8747 4.06594
98.9225 5.38973
98.9703 7.59234
99.0182 11.6505
99.0421 15.0882
99.0660 20.3369
99.0899 28.8622
99.1138 43.8253
99.1377 72.5758
99.1497 96.7966
99.1616 131.467
99.1712 168.190
99.1808 210.186
99.2000 262.709
99.2192 210.147
99.2384 131.421
99.2503 96.8752
99.2622 72.7069
99.2860 43.9763
99.3098 28.9939
99.3336 20.4473
99.3574 15.1822
99.3812 11.7328
99.4288 7.66148
99.4764 5.45395
99.5240 4.12978
99.6192 2.69480
99.7144 1.98034
99.8096 1.57825
100.000 1.17692
100.241 0.979729
100.482 0.920119
100.963 0.987623
101.445 1.24291
101.926 1.77867
102.167 2.24453
102.408 2.96107
102.648 4.13681
102.889 6.25300
103.009 8.00985
103.130 10.6505
103.250 14.8820
103.371 22.2798
103.431 28.2610
103.491 37.0247
103.551 50.5935
103.611 73.2035
103.641 90.6041
103.672 114.938
103.702 150.353
103.732 204.515
103.762 292.691
103.792 447.973
103.807 572.398
103.822 747.899
103.837 1001.01
103.852 1364.63
103.876 2190.56
103.900 2744.00
103.924 2189.84
103.948 1363.83
103.973 818.283
103.998 523.268
104.023 356.921
104.049 256.800
104.074 192.752
104.099 149.623
104.149 97.2897
104.199 68.0829
104.249 50.2695
104.350 30.5756
104.450 20.5227
104.551 14.7270
104.651 11.0838
104.752 8.64629
104.952 5.68934
105.153 4.03384
105.354 3.01491
105.555 2.34412
105.957 1.54467
106.359 1.11167
106.760 0.892578
106.961 0.961637
107.011 1.07821
107.062 1.35789
107.087 1.64789
107.112 2.17557
107.137 3.23247
107.150 4.16062
107.162 5.51835
107.181 8.49527
107.200 10.5032
107.219 8.48335
107.238 5.49346
107.261 3.30221
107.285 2.22608
107.308 1.66050
107.331 1.33428
107.378 0.994267
107.424 0.828023
107.518 0.669449
107.611 0.591330
107.983 0.452284
108.729 0.327578
110.219 0.210730
111.710 0.157532
113.200 0.132111
114.691 0.123711
116.181 0.131243
117.672 0.164314
118.417 0.206035
118.790 0.264763
118.883 0.304298
118.976 0.391630
119.023 0.487694
119.069 0.689089
119.093 0.884848
119.116 1.22676
119.139 1.88116
119.163 3.20916
119.181 4.99281
119.200 6.17384
119.219 4.98708
119.238 3.21735
119.260 1.90550
119.283 1.25749
119.306 0.918072
119.329 0.725154
119.375 0.529253
119.420 0.440057
119.512 0.368714
119.603 0.346855
119.969 0.368311
120.700 0.562502
121.066 0.752068
121.431 1.07425
121.797 1.69198
121.980 2.26955
122.071 2.77389
122.117 3.25159
122.163 4.45306
122.200 6.12403
122.238 4.93177
122.266 4.40263
122.295 4.32539
122.352 4.64193
122.467 6.02081
122.582 8.37788
122.696 12.5438
122.811 20.8688
122.868 28.5522
122.926 41.3540
122.954 51.2383
122.983 65.0861
123.012 85.2863
123.040 116.141
123.069 166.716
123.098 255.890
123.112 327.942
123.126 430.066
123.141 578.274
123.155 792.684
123.178 1273.57
123.200 1596.32
123.223 1273.28
123.245 792.348
123.266 499.495
123.287 331.273
123.308 231.760
123.330 169.766
123.372 101.103
123.414 66.6642
123.456 47.0746
123.499 34.9806
123.583 21.4403
123.668 14.4617
123.752 10.4070
123.837 7.84662
123.921 6.12811
124.090 4.03735
124.259 2.86282
124.428 2.13825
124.597 1.66038
124.935 1.08869
125.273 0.773290
125.611 0.581174
125.949 0.455813
126.625 0.308145
127.301 0.228944
127.977 0.183173
128.652 0.156512
130.004 0.140416
130.680 0.151263
131.356 0.184087
132.032 0.266835
132.370 0.353143
132.708 0.512373
132.877 0.646765
133.046 0.851425
133.215 1.18466
133.384 1.78019
133.468 2.27189
133.553 3.00717
133.637 4.17735
133.722 6.20550
133.806 10.1841
133.849 13.7905
133.891 19.6784
133.933 30.2798
133.954 39.0051
133.975 51.9667
133.997 72.2361
134.018 105.927
134.039 165.688
134.049 212.683
134.060 275.518
134.080 440.988
134.100 551.362
134.120 440.915
134.140 275.429
134.156 185.966
134.172 129.760
134.189 94.1784
134.205 70.9810
134.237 43.8941
134.269 29.5999
134.301 21.2163
134.333 15.9384
134.397 9.91927
134.462 6.75472
134.526 4.89730
134.590 3.71442
134.654 2.91544
134.783 1.93644
134.911 1.38297
135.040 1.03993
135.168 0.812862
135.425 0.539918
135.682 0.388418
135.939 0.295515
136.196 0.234420
136.710 0.161358
137.224 0.120812
138.251 0.0793590
139.279 0.0595089
140.307 0.0486845
141.335 0.0433714
141.849 0.0454962
141.977 0.0490578
142.106 0.0588149
142.170 0.0709367
142.234 0.0989870
142.266 0.128960
142.298 0.187026
142.330 0.317598
142.347 0.447173
142.363 0.658744
142.381 1.03196
142.400 1.27903
142.419 1.02991
142.438 0.658763
142.458 0.407697
142.478 0.273192
142.518 0.152721
142.558 0.104528
142.598 0.0811469
142.678 0.0601473
142.758 0.0513336
143.078 0.0414786
143.719 0.0394882
144.359 0.0418854
145.000 0.0487472
145.640 0.0655989
145.961 0.0830762
146.281 0.115284
146.601 0.183852
146.761 0.251278
146.922 0.371814
147.002 0.471364
147.082 0.620270
147.162 0.857331
147.242 1.26770
147.322 2.07382
147.362 2.80265
147.402 3.99509
147.442 6.14327
147.462 7.91172
147.482 10.5397
147.502 14.6510
147.522 21.4885
147.542 33.6249
147.562 55.9426
147.581 89.4432
147.600 111.752
147.619 89.4314
147.638 55.9279
147.650 41.0705
147.662 30.7069
147.686 18.4357
147.709 12.0636
147.733 8.43896
147.757 6.21014
147.781 4.75177
147.828 3.03209
147.876 2.09995
147.924 1.54040
148.019 0.932630
148.114 0.627023
148.209 0.452360
148.304 0.343301
148.399 0.270746
148.590 0.183045
148.780 0.134132
149.161 0.0842270
149.541 0.0604741
149.922 0.0472730
150.683 0.0337207
151.445 0.0271207
152.206 0.0233208
153.729 0.0191747
156.774 0.0155831
159.819 0.0139989
165.910 0.0129445
172.000 0.0135548
178.091 0.0160151
184.181 0.0220974
187.226 0.0282800
190.272 0.0397442
191.794 0.0499307
193.317 0.0678000
194.078 0.0842229
194.840 0.117609
195.220 0.155186
195.411 0.189373
195.601 0.248150
195.791 0.366299
195.886 0.478160
195.982 0.672127
196.077 1.05672
196.124 1.40978
196.172 1.99584
196.219 3.07842
196.243 3.99668
196.267 5.40068
196.291 7.68579
196.315 11.7083
196.338 19.4712
196.350 26.0405
196.362 35.3796
196.381 56.6324
196.400 70.7129
196.419 56.5086
196.438 35.3749
196.452 24.6326
196.466 17.6714
196.480 13.1099
196.494 10.0386
196.522 6.36084
196.549 4.37880
196.577 3.19618
196.605 2.44350
196.661 1.57605
196.716 1.11586
196.772 0.844733
196.883 0.555347
196.995 0.413834
197.106 0.335663
197.329 0.259877
197.774 0.218943
198.219 0.225133
199.110 0.301953
199.555 0.383597
200.000 0.561119
200.141 0.692176
200.281 0.979629
200.352 1.30519
200.387 1.58853
200.422 2.03793
200.457 2.82247
200.492 4.36272
200.510 5.75132
200.527 7.95614
200.545 11.6816
200.562 18.0357
200.581 28.5458
200.600 35.5106
200.619 28.5050
200.638 18.0708
200.659 10.7750
200.680 6.98618
200.701 4.91598
200.722 3.69957
200.765 2.43009
200.807 1.83453
200.891 1.33391
200.976 1.15894
201.145 1.10029
201.314 1.18488
201.652 1.58470
201.990 2.37955
202.159 3.05132
202.328 4.06789
202.497 5.70679
202.666 8.59383
202.750 10.9436
202.835 14.4089
202.919 19.8212
203.004 28.9518
203.046 36.0745
203.088 46.1263
203.130 61.0121
203.173 84.1892
203.215 123.115
203.257 194.475
203.278 253.871
203.299 341.588
203.320 474.479
203.341 676.001
203.371 1081.38
203.400 1351.46
203.429 1081.13
203.459 675.735
203.483 449.580
203.507 310.048
203.532 223.070
203.556 166.747
203.605 102.090
203.654 68.4006
203.703 48.8514
203.751 36.5678
203.849 22.6377
203.947 15.3616
204.044 11.0975
204.142 8.38900
204.239 6.56308
204.435 4.33167
204.630 3.07252
204.825 2.29333
205.020 1.77822
205.411 1.16052
205.801 0.818739
206.191 0.610127
206.582 0.473627
207.362 0.311906
208.143 0.223715
208.924 0.170671
209.705 0.136582
211.266 0.0977420
212.828 0.0786589
215.951 0.0673737
219.074 0.0800424
220.635 0.0990051
222.197 0.135850
223.758 0.215316
224.539 0.293820
225.320 0.435510
225.710 0.553980
226.100 0.733904
226.491 1.02713
226.881 1.55460
227.076 1.99375
227.272 2.65689
227.467 3.72754
227.662 5.62282
227.759 7.17432
227.857 9.47646
227.955 13.1030
228.052 19.2984
228.101 24.1857
228.150 31.1830
228.199 41.6865
228.247 58.4440
228.296 87.4275
228.321 110.435
228.345 143.375
228.369 192.406
228.394 268.587
228.418 391.769
228.443 592.249
228.471 948.143
228.500 1184.22
228.529 946.641
228.558 592.051
228.581 399.385
228.604 278.875
228.627 202.253
228.650 152.269
228.696 94.0543
228.742 63.3782
228.788 45.4484
228.834 34.1265
228.926 21.2370
229.018 14.4661
229.111 10.4916
229.203 7.95985
229.295 6.25328
229.479 4.16472
229.664 2.98820
229.848 2.26241
230.032 1.78516
230.401 1.22180
230.769 0.923420
231.138 0.758013
231.507 0.671911
232.244 0.670737
232.613 0.769296
232.981 0.991970
233.350 1.49789
233.534 2.00159
233.719 2.90313
233.811 3.64649
233.903 4.75490
233.995 6.51723
234.087 9.56128
234.179 15.5244
234.225 20.9127
234.271 29.6936
234.318 45.4577
234.341 58.4682
234.364 77.6835
234.387 107.809
234.410 157.522
234.421 194.904
234.433 245.230
234.444 313.484
234.456 405.262
234.478 648.575
234.500 809.712
234.522 647.343
234.544 405.200
234.568 241.674
234.592 153.653
234.615 104.447
234.639 75.1194
234.663 56.3535
234.686 43.7668
234.734 28.5846
234.781 20.1458
234.828 15.0213
234.923 9.39590
235.018 6.58236
235.113 5.02079
235.302 3.61481
235.491 3.47472
235.586 3.88576
235.681 4.86164
235.775 7.03989
235.823 9.11257
235.870 12.5837
235.917 18.9865
235.941 24.3773
235.965 32.4953
235.988 45.5472
236.012 67.8554
236.036 109.467
236.047 143.274
236.059 190.373
236.080 303.922
236.100 379.542
236.120 303.862
236.141 190.277
236.165 107.438
236.190 65.8563
236.214 43.7768
236.238 31.0666
236.263 23.1278
236.287 17.8928
236.336 11.6778
236.385 8.26930
236.433 6.21143
236.531 3.95129
236.628 2.79956
236.726 2.13293
236.921 1.42971
237.116 1.08810
237.311 0.904006
237.700 0.760438
238.090 0.815830
238.285 0.941310
238.480 1.19829
238.675 1.75697
238.773 2.29964
238.870 3.24838
238.967 5.13406
239.016 6.86066
239.065 9.72465
239.114 14.9911
239.138 19.4357
239.162 26.1611
239.187 37.0576
239.211 55.9150
239.235 91.7636
239.248 121.575
239.260 163.368
239.280 261.245
239.300 326.002
239.320 260.710
239.340 163.352
239.358 105.581
239.377 71.2619
239.395 50.5314
239.413 37.4808
239.449 22.7514
239.485 15.2660
239.521 10.9730
239.557 8.31191
239.630 5.32562
239.702 3.79146
239.774 2.91031
239.919 2.01513
240.063 1.63093
240.208 1.48154
240.497 1.58670
240.642 1.82973
240.786 2.25851
240.931 3.00008
241.076 4.35467
241.220 7.13860
241.292 9.75922
241.365 14.2192
241.437 22.7060
241.473 30.1486
241.509 41.8682
241.546 61.8898
241.564 77.5526
241.582 99.5189
241.600 131.766
241.618 180.328
241.636 256.711
241.654 376.201
241.677 602.045
241.700 752.682
241.723 601.966
241.746 376.107
241.760 278.215
241.774 209.733
241.802 127.457
241.830 83.9512
241.858 59.0544
241.887 43.5858
241.915 33.4521
241.971 21.4192
242.027 14.8660
242.083 10.9193
242.195 6.61777
242.307 4.44736
242.419 3.20391
242.531 2.42441
242.644 1.90427
242.868 1.27299
243.092 0.918640
243.317 0.699279
243.541 0.553664
243.990 0.377490
244.438 0.278248
245.335 0.174766
246.233 0.123633
247.130 0.0941023
248.924 0.0623440
250.719 0.0461588
252.513 0.0367413
256.102 0.0272636
259.692 0.0247180
261.486 0.0259871
263.281 0.0302319
265.075 0.0411680
265.972 0.0526360
266.870 0.0738811
267.318 0.0918995
267.767 0.119497
268.216 0.164861
268.664 0.247275
268.889 0.316488
269.113 0.421766
269.337 0.593454
269.561 0.901966
269.674 1.15820
269.786 1.54340
269.898 2.16246
270.010 3.24856
270.066 4.13003
270.122 5.42636
270.178 7.44362
270.234 10.8213
270.290 17.1316
270.319 22.5582
270.347 30.9227
270.375 44.8118
270.403 69.7641
270.417 90.1326
270.431 119.663
270.445 163.392
270.459 228.031
270.479 365.018
270.500 456.408
270.510 429.263
270.521 364.986
270.541 227.993
270.566 129.552
270.590 79.5947
270.614 52.8548
270.639 37.3324
270.663 27.6529
270.687 21.2555
270.736 13.6365
270.784 9.46712
270.833 6.94860
270.930 4.19555
271.027 2.80601
271.125 2.00937
271.222 1.51103
271.319 1.17916
271.513 0.777950
271.708 0.554554
271.902 0.417680
272.096 0.328117
272.485 0.222566
272.874 0.166374
273.263 0.134608
273.651 0.117137
274.429 0.111896
274.817 0.125878
275.206 0.160478
275.595 0.242618
275.789 0.326320
275.984 0.478380
276.081 0.605161
276.178 0.796095
276.275 1.10245
276.372 1.63832
276.470 2.70674
276.518 3.68969
276.567 5.32675
276.615 8.34556
276.640 10.9043
276.664 14.8127
276.688 21.1637
276.713 32.3154
276.737 53.7509
276.749 71.7299
276.761 97.4246
276.771 124.847
276.781 155.857
276.800 194.807
276.820 155.845
276.839 97.4098
276.852 69.4548
276.866 50.6582
276.879 38.0347
276.893 29.3672
276.919 18.8005
276.946 12.9632
276.973 9.44386
277.000 7.17301
277.053 4.53482
277.107 3.11979
277.160 2.27880
277.268 1.37026
277.375 0.916965
277.482 0.658838
277.589 0.498013
277.696 0.391056
277.910 0.262004
278.124 0.189955
278.339 0.145582
278.553 0.116261
278.981 0.0809896
279.410 0.0612481
280.266 0.0408135
281.123 0.0308051
281.980 0.0250788
283.694 0.0190608
287.121 0.0148501
290.548 0.0147157
293.975 0.0180831
295.689 0.0221969
297.402 0.0300395
299.116 0.0470315
299.973 0.0639770
300.830 0.0948466
301.258 0.120847
301.686 0.160567
302.115 0.225739
302.543 0.343986
302.757 0.443145
302.972 0.593892
303.186 0.839419
303.400 1.27975
303.507 1.64452
303.614 2.19224
303.721 3.06911
303.828 4.60233
303.936 7.65274
303.989 10.4596
304.043 15.1217
304.096 23.7259
304.123 31.0149
304.150 42.0904
304.177 60.1226
304.190 73.5703
304.203 91.7368
304.217 116.854
304.230 152.362
304.244 203.346
304.257 275.532
304.278 440.661
304.300 550.661
304.322 440.623
304.343 275.488
304.362 180.894
304.380 123.476
304.399 88.1695
304.418 65.5431
304.455 39.8339
304.492 26.5948
304.529 18.9344
304.566 14.1424
304.641 8.73588
304.715 5.91818
304.789 4.27306
304.864 3.22836
304.938 2.52589
305.087 1.66786
305.235 1.18435
305.384 0.885483
305.533 0.688020
305.830 0.451732
306.128 0.321331
306.425 0.242041
306.722 0.190444
307.317 0.130180
307.912 0.0985848
308.507 0.0812253
309.102 0.0723242
310.291 0.0730099
310.886 0.0844680
311.481 0.110417
312.075 0.170458
312.373 0.231433
312.670 0.342719
312.819 0.436056
312.968 0.577638
313.116 0.807209
313.265 1.21576
313.339 1.55165
313.414 2.05111
313.488 2.84251
313.562 4.20098
313.637 6.83538
313.674 9.18797
313.711 12.9696
313.748 19.6282
313.785 32.7550
313.804 44.5848
313.823 63.4633
313.841 95.1025
313.851 118.618
313.860 148.801
313.870 190.606
313.880 238.394
313.900 297.762
313.910 280.138
313.920 237.904
313.940 148.780
313.963 85.6109
313.987 53.0554
314.010 35.4333
314.033 25.1257
314.056 18.6640
314.079 14.3769
314.125 9.25985
314.171 6.44165
314.217 4.73837
314.310 2.86917
314.402 1.92265
314.494 1.37982
314.587 1.03977
314.679 0.812844
314.864 0.538261
315.048 0.384998
315.233 0.290780
315.418 0.228840
315.787 0.155052
316.156 0.114582
316.895 0.0744633
317.633 0.0567244
318.372 0.0484366
319.849 0.0459986
321.326 0.0596991
322.065 0.0771624
322.803 0.110935
323.172 0.140029
323.542 0.184889
323.911 0.258919
324.280 0.393563
324.465 0.506571
324.649 0.678153
324.834 0.957290
325.019 1.45605
325.111 1.86825
325.203 2.48440
325.296 3.46579
325.388 5.16896
325.480 8.51733
325.527 11.5594
325.573 16.5399
325.619 25.5408
325.642 32.9997
325.665 44.0768
325.688 61.5750
325.711 90.9282
325.723 113.385
325.734 143.675
325.746 185.201
325.757 241.677
325.779 386.813
325.800 483.619
325.811 455.128
325.821 386.783
325.843 241.642
325.864 150.932
325.884 99.3813
325.905 69.1649
325.925 50.4713
325.946 38.2261
325.967 29.9066
326.008 19.6591
326.049 13.8535
326.090 10.2794
326.173 6.28814
326.255 4.23604
326.338 3.04551
326.420 2.29453
326.503 1.79084
326.668 1.17844
326.833 0.834607
326.998 0.622545
327.163 0.482686
327.493 0.315307
327.823 0.222836
328.153 0.166411
328.483 0.129465
329.143 0.0855731
329.803 0.0614723
330.462 0.0468137
331.122 0.0372323
332.442 0.0258870
333.762 0.0197192
336.402 0.0138687
339.042 0.0121844
340.362 0.0126591
341.681 0.0145995
343.001 0.0198297
343.661 0.0254125
344.321 0.0358537
344.981 0.0584307
345.311 0.0809480
345.641 0.121845
345.806 0.156135
345.971 0.208203
346.136 0.292815
346.301 0.443850
346.383 0.568490
346.466 0.754840
346.548 1.05139
346.631 1.56537
346.713 2.57375
346.755 3.48798
346.796 4.98074
346.837 7.66936
346.858 9.88257
346.878 13.1711
346.899 18.3153
346.920 26.8693
346.940 42.0512
346.961 69.9743
346.971 89.5857
346.980 112.010
347.000 140.054
347.020 112.003
347.039 69.9660
347.054 48.0458
347.069 33.9808
347.084 24.9147
347.099 18.8898
347.129 11.7899
347.159 7.99609
347.189 5.75845
347.219 4.33656
347.279 2.70671
347.339 1.84673
347.399 1.33945
347.459 1.01574
347.519 0.797084
347.639 0.528419
347.759 0.376390
347.879 0.281984
347.999 0.219475
348.239 0.144335
348.479 0.102666
348.719 0.0771677
348.959 0.0604333
349.439 0.0405146
349.918 0.0295530
350.878 0.0184876
351.838 0.0132604
352.797 0.0103591
354.717 0.00737452
356.636 0.00591340
358.555 0.00507045
362.394 0.00416223
370.072 0.00346189
377.749 0.00333081
385.426 0.00361788
393.104 0.00474885
396.942 0.00631282
398.862 0.00784252
400.781 0.0105966
402.701 0.0164182
403.660 0.0221868
404.620 0.0326873
405.100 0.0415403
405.580 0.0550781
406.059 0.0773332
406.539 0.117798
406.779 0.151821
407.019 0.203633
407.259 0.288249
407.499 0.440584
407.619 0.567319
407.739 0.758167
407.859 1.06552
407.979 1.60642
408.039 2.04671
408.099 2.69612
408.159 3.71065
408.219 5.41914
408.279 8.63822
408.309 11.4256
408.339 15.7778
408.369 23.0740
408.399 36.4948
408.414 47.6829
408.429 64.2291
408.444 89.3375
408.459 127.167
408.479 203.656
408.500 254.316
408.521 203.251
408.542 127.153
408.561 80.1025
408.581 53.0823
408.601 37.0463
408.620 27.1262
408.659 16.1445
408.699 10.6311
408.738 7.50589
408.777 5.57318
408.856 3.41394
408.935 2.30175
409.013 1.65577
409.092 1.24798
409.170 0.974597
409.327 0.641563
409.485 0.454510
409.642 0.339128
409.799 0.263037
410.113 0.172002
410.428 0.121766
410.742 0.0911471
411.056 0.0711414
411.685 0.0474769
412.314 0.0345923
412.942 0.0268541
413.571 0.0218864
414.828 0.0162299
416.086 0.0134459
418.600 0.0117367
421.115 0.0133419
422.373 0.0158327
423.630 0.0207046
424.887 0.0312985
425.516 0.0418449
426.145 0.0610114
426.459 0.0771277
426.773 0.101697
427.088 0.141927
427.402 0.214644
427.559 0.275426
427.716 0.367512
427.874 0.516781
428.031 0.782369
428.109 1.00090
428.188 1.32669
428.266 1.84317
428.345 2.73198
428.424 4.46223
428.463 6.01398
428.502 8.52847
428.541 12.9783
428.561 16.6043
428.581 21.8859
428.600 30.0269
428.620 43.1241
428.640 65.4434
428.649 82.2789
428.659 104.394
428.669 133.589
428.680 166.939
428.700 208.598
428.720 166.930
428.741 104.383
428.753 77.3324
428.766 58.3822
428.790 35.5473
428.815 23.4319
428.839 16.4896
428.864 12.1689
428.889 9.33745
428.938 5.97186
428.987 4.13789
429.037 3.03315
429.135 1.82945
429.234 1.22252
429.332 0.875366
429.431 0.658156
429.529 0.513606
429.727 0.338950
429.924 0.241701
430.121 0.182087
430.318 0.142971
430.712 0.0965705
431.106 0.0713190
431.895 0.0466750
432.683 0.0362109
433.472 0.0317705
435.049 0.0322040
435.837 0.0363723
436.626 0.0442182
437.414 0.0582992
438.202 0.0849879
438.597 0.107809
438.991 0.142879
439.385 0.200640
439.779 0.305633
439.977 0.393753
440.174 0.527596
440.371 0.745340
440.568 1.13501
440.666 1.45723
440.765 1.93938
440.864 2.70943
440.962 4.04767
441.061 6.69155
441.110 9.10105
441.159 13.0632
441.208 20.2684
441.233 26.2932
441.258 35.3110
441.282 49.6994
441.307 74.0558
441.319 92.8159
441.332 118.609
441.344 154.448
441.356 203.885
441.378 326.123
441.400 407.572
441.422 326.103
441.444 203.862
441.466 125.738
441.487 81.8641
441.509 56.5223
441.531 41.0120
441.553 30.9711
441.575 24.1506
441.618 15.8019
441.662 11.1099
441.705 8.22494
441.793 5.02172
441.880 3.37762
441.967 2.42585
442.054 1.82639
442.141 1.42515
442.316 0.937236
442.490 0.663762
442.664 0.495212
442.839 0.384062
443.187 0.251211
443.536 0.177927
443.885 0.133263
444.233 0.104072
444.931 0.0695172
445.628 0.0506819
446.325 0.0393520
447.022 0.0320665
448.417 0.0237616
449.812 0.0196851
452.601 0.0173032
455.390 0.0199778
456.785 0.0238209
458.180 0.0309627
459.574 0.0454281
460.272 0.0589360
460.969 0.0821951
461.666 0.128758
462.015 0.172983
462.364 0.250838
462.538 0.314873
462.712 0.410883
462.887 0.565253
463.061 0.838562
463.148 1.06296
463.235 1.39747
463.322 1.92843
463.410 2.84525
463.497 4.64152
463.540 6.26491
463.584 8.91035
463.627 13.6606
463.649 17.5712
463.671 23.3719
463.693 32.4252
463.715 47.4295
463.736 73.9288
463.747 94.5647
463.758 122.028
463.779 195.257
463.800 243.710
463.821 194.876
463.842 122.019
463.856 88.2378
463.869 65.2606
463.897 38.5916
463.924 24.9870
463.952 17.3856
463.979 12.7389
464.007 9.73059
464.061 6.20475
464.116 4.30276
464.171 3.16888
464.281 1.94273
464.391 1.33311
464.500 0.989421
464.720 0.643646
464.939 0.492697
465.158 0.427323
465.597 0.431932
465.817 0.491899
466.036 0.604779
466.256 0.805816
466.475 1.18080
466.585 1.49552
466.694 1.97008
466.804 2.73083
466.914 4.05925
467.023 6.69035
467.078 9.09733
467.133 13.0686
467.188 20.3216
467.215 26.3857
467.243 35.5328
467.270 50.2084
467.298 75.2742
467.311 94.7422
467.325 121.707
467.339 159.504
467.353 212.126
467.376 339.655
467.400 424.187
467.424 339.060
467.448 212.099
467.463 152.513
467.479 112.023
467.511 65.5769
467.543 42.2299
467.575 29.2265
467.607 21.3438
467.638 16.2377
467.702 10.2755
467.766 7.07364
467.829 5.16309
467.956 3.09858
468.083 2.06562
468.211 1.47713
468.338 1.10985
468.465 0.865653
468.719 0.570667
468.974 0.406075
469.228 0.304791
469.482 0.237969
469.991 0.157871
470.499 0.113385
471.008 0.0860482
471.517 0.0680093
472.534 0.0463600
473.551 0.0343166
475.586 0.0220612
477.620 0.0163078
479.655 0.0132346
483.724 0.0105321
487.793 0.00999888
491.862 0.0108823
495.931 0.0135493
500.000 0.0200669
502.885 0.0312770
504.328 0.0424431
505.770 0.0627946
506.492 0.0799567
507.213 0.106211
507.934 0.149369
508.656 0.227883
509.016 0.293906
509.377 0.394501
509.738 0.558944
510.098 0.855214
510.279 1.10198
510.459 1.47411
510.639 2.07373
510.819 3.13209
510.910 3.99528
511.000 5.26941
511.090 7.26731
511.180 10.6479
511.225 13.2950
511.270 17.0550
511.315 22.6400
511.360 31.3967
511.405 46.2469
511.428 57.8160
511.451 73.9744
511.473 97.5094
511.496 132.680
511.518 187.015
511.541 271.277
511.570 434.073
511.600 542.605
511.630 434.033
511.659 271.234
511.692 160.326
511.724 101.234
511.756 68.4503
511.789 48.9468
511.821 36.5744
511.853 28.2945
511.918 18.3220
511.982 12.7881
512.047 9.41913
512.176 5.71169
512.305 3.82590
512.434 2.74077
512.563 2.05965
512.693 1.60448
512.951 1.05299
513.209 0.744698
513.467 0.555018
513.726 0.430192
514.242 0.281276
514.759 0.199293
515.275 0.149451
515.792 0.116944
516.825 0.0786327
517.858 0.0579106
519.924 0.0378117
521.990 0.0293327
524.056 0.0257468
528.188 0.0260184
532.320 0.0352093
534.386 0.0458381
536.452 0.0657676
537.485 0.0826858
538.518 0.108581
539.551 0.151101
540.584 0.228297
541.100 0.293096
541.617 0.391747
542.133 0.552812
542.650 0.842853
542.908 1.08426
543.166 1.44827
543.425 2.03507
543.683 3.07062
543.812 3.91561
543.941 5.16385
544.070 7.11979
544.199 10.4354
544.264 13.0331
544.329 16.7259
544.393 22.2167
544.458 30.8455
544.522 45.5027
544.555 56.9160
544.587 72.9008
544.619 96.1948
544.651 131.273
544.684 185.740
544.716 270.372
544.758 432.668
544.800 540.877
544.842 432.605
544.884 270.307
544.925 168.525
544.966 110.605
545.007 76.7961
545.048 55.9461
545.089 42.3738
545.130 33.1166
545.211 21.7477
545.293 15.3224
545.375 11.3651
545.538 6.95256
545.702 4.68454
545.865 3.37050
546.029 2.54202
546.192 1.98662
546.520 1.31183
546.847 0.933770
547.174 0.701216
547.501 0.548384
548.155 0.367353
548.809 0.269930
549.463 0.213716
550.117 0.181204
551.425 0.162536
552.079 0.176770
552.733 0.218367
553.387 0.321903
553.714 0.429190
554.041 0.626055
554.205 0.791467
554.368 1.04206
554.532 1.44750
554.695 2.16606
554.777 2.75408
554.859 3.62444
554.941 4.99438
555.022 7.32393
555.104 11.7738
555.145 15.6843
555.186 21.8660
555.227 32.4805
555.247 40.8532
555.268 52.6768
555.288 70.1629
555.309 96.7894
555.329 138.946
555.349 206.215
555.375 329.866
555.400 412.272
555.425 329.844
555.451 206.191
555.477 123.500
555.504 78.8450
555.531 53.7177
555.558 38.6199
555.584 28.9451
555.611 22.4654
555.664 14.6097
555.718 10.2294
555.771 7.55889
555.878 4.60586
555.985 3.10079
556.092 2.23235
556.199 1.68652
556.306 1.32162
556.520 0.878462
556.733 0.630151
556.947 0.476968
557.161 0.375876
557.588 0.254669
558.016 0.187420
558.871 0.118934
559.726 0.0863220
560.581 0.0682468
562.291 0.0501933
564.001 0.0424969
565.711 0.0396267
569.131 0.0428246
572.552 0.0598668
574.262 0.0788526
575.972 0.114311
576.827 0.144391
577.682 0.190412
578.537 0.265928
579.392 0.402777
579.820 0.517435
580.247 0.691549
580.675 0.974850
581.102 1.48237
581.316 1.90254
581.530 2.53269
581.743 3.54113
581.957 5.30149
582.064 6.72184
582.171 8.79949
582.278 12.0091
582.385 17.3341
582.438 21.4264
582.491 27.1214
582.545 35.3930
582.598 47.9523
582.652 68.2852
582.705 103.629
582.732 131.517
582.759 170.700
582.785 226.556
582.812 305.750
582.856 489.315
582.900 611.719
582.944 489.244
582.988 305.678
583.027 198.491
583.066 134.337
583.105 95.3367
583.144 70.5553
583.221 42.6309
583.299 28.3348
583.377 20.1312
583.455 15.0157
583.610 9.25873
583.766 6.26961
583.921 4.52668
584.077 3.42233
584.233 2.68018
584.544 1.77534
584.855 1.26697
585.166 0.953761
585.477 0.747802
586.099 0.504086
586.722 0.373734
587.344 0.299775
587.966 0.258908
589.210 0.245933
589.833 0.277793
590.455 0.357219
591.077 0.546440
591.388 0.739714
591.699 1.09194
591.855 1.38635
592.010 1.83051
592.166 2.54599
592.322 3.80441
592.399 4.82710
592.477 6.33287
592.555 8.67926
592.633 12.6177
592.672 15.6779
592.710 19.9924
592.749 26.3379
592.788 36.1813
592.827 52.5293
592.847 65.0318
592.866 82.1778
592.886 106.617
592.905 142.087
592.924 194.950
592.944 273.649
592.972 438.020
593.000 547.032
593.028 437.366
593.056 273.613
593.084 171.062
593.111 112.664
593.138 78.4255
593.165 57.2413
593.192 43.3768
593.219 33.9441
593.273 22.3257
593.328 15.7466
593.382 11.6935
593.490 7.16841
593.599 4.84130
593.707 3.49085
593.816 2.63873
593.924 2.06695
594.141 1.37127
594.358 0.980156
594.575 0.738510
594.792 0.578781
595.226 0.386931
595.660 0.280236
596.094 0.214608
596.528 0.171237
597.396 0.118949
598.264 0.0895756
600.000 0.0590599
600.000 7.99534
720.000 7.08018
850.000 6.33778
1000.00 5.68705
1250.00 4.90415
1500.00 4.34962
1700.00 4.00887
2000.00 3.61057
2500.00 3.15082
3000.00 2.83088
3500.00 2.59062
4000.00 2.40552
5000.00 2.13514
6000.00 1.94647
7000.00 1.80648
8000.00 1.69717
10000.0 1.53522
12500.0 1.39310
15000.0 1.28951
17000.0 1.22187
20000.0 1.13879
25000.0 1.03164
30000.0 0.947801
35000.0 0.879647
40000.0 0.822767
50000.0 0.732241
60000.0 0.663214
70000.0 0.608890
80000.0 0.564842
99999.9 0.499596
100000 0.498487
150000 0.403289
200000 0.354412
250000 0.326443
300000 0.309490
395199 0.293359
447600 0.289476
500000 0.286067
538145 0.286627
576289 0.287149
614434 0.287638
652578 0.288099
700000 0.287342
750000 0.289213
800000 0.290974
850000 0.294464
900000 0.297792
950000 0.302233
1.00000E+06 0.306507
1.03335E+06 0.309745
1.03335E+06 0.309745
1.03890E+06 0.309463
1.07371E+06 0.310188
1.11628E+06 0.311299
1.11629E+06 0.311299
1.14161E+06 0.310810
1.18358E+06 0.309696
1.18358E+06 0.309696
1.20174E+06 0.302098
1.20174E+06 0.302097
1.25000E+06 0.286719
1.30341E+06 0.279891
1.35681E+06 0.273491
1.35682E+06 0.273488
1.36307E+06 0.270120
1.36307E+06 0.270120
1.39303E+06 0.256320
1.39304E+06 0.256319
1.43899E+06 0.246496
1.48495E+06 0.237342
1.50000E+06 0.235688
1.52288E+06 0.233610
1.52289E+06 0.233609
1.54982E+06 0.230365
1.54982E+06 0.230365
1.58100E+06 0.227792
1.58352E+06 0.226891
1.58352E+06 0.226891
1.64507E+06 0.220001
1.70328E+06 0.213147
1.70328E+06 0.213147
1.71519E+06 0.211203
1.72225E+06 0.210401
1.72225E+06 0.210401
1.75000E+06 0.207796
1.77371E+06 0.206046
1.78380E+06 0.204660
1.83898E+06 0.200560
1.83899E+06 0.200560
1.85250E+06 0.199860
1.85250E+06 0.199860
1.92625E+06 0.191373
2.00000E+06 0.183545
2.05619E+06 0.170696
2.11237E+06 0.159058
2.16856E+06 0.148489
2.22475E+06 0.138866
2.28093E+06 0.130083
2.33712E+06 0.122050
2.39330E+06 0.114687
2.44949E+06 0.107923
2.51830E+06 0.100369
2.58712E+06 0.0935254
2.65593E+06 0.0873105
2.72475E+06 0.0816522
2.79356E+06 0.0764882
2.86237E+06 0.0717649
2.93119E+06 0.0674352
3.00000E+06 0.0634584
3.04967E+06 0.0595528
3.09934E+06 0.0559450
3.09935E+06 0.0559447
3.14385E+06 0.0529430
3.18835E+06 0.0501413
3.23285E+06 0.0475236
3.27735E+06 0.0450757
3.32185E+06 0.0427843
3.36636E+06 0.0406376
3.41086E+06 0.0386247
3.45536E+06 0.0367358
3.49986E+06 0.0349616
3.54436E+06 0.0332939
3.58886E+06 0.0317251
3.63336E+06 0.0302483
3.67787E+06 0.0288569
3.72237E+06 0.0275451
3.76687E+06 0.0263075
3.81137E+06 0.0251390
3.85853E+06 0.0239712
3.90569E+06 0.0228709
3.95284E+06 0.0218334
4.00000E+06 0.0208544
4.05902E+06 0.0192755
4.11804E+06 0.0178365
4.17705E+06 0.0165231
4.23607E+06 0.0153228
4.29509E+06 0.0142246
4.35411E+06 0.0132185
4.41312E+06 0.0122957
4.47214E+06 0.0114483
4.53628E+06 0.0106047
4.60043E+06 0.00983375
4.66457E+06 0.00912842
4.72871E+06 0.00848231
4.79653E+06 0.00785723
4.86436E+06 0.00728606
4.93218E+06 0.00676346
5.00000E+06 0.00628474
5.11931E+06 0.00539690
5.23862E+06 0.00465078
5.35792E+06 0.00402126
5.47723E+06 0.00348811
5.60495E+06 0.00300565
5.73266E+06 0.00259862
5.86633E+06 0.00223919
6.00000E+06 0.00193596
6.07107E+06 0.00179330
6.14213E+06 0.00166264
6.18446E+06 0.00159005
6.22678E+06 0.00152108
6.26911E+06 0.00145555
6.31144E+06 0.00139325
6.35376E+06 0.00133401
6.39609E+06 0.00127766
6.43841E+06 0.00122403
6.48074E+06 0.00117299
6.54440E+06 0.00110660
6.60806E+06 0.00104456
6.67171E+06 0.000986541
6.73537E+06 0.000932251
6.80153E+06 0.000884004
6.86769E+06 0.000838687
6.93384E+06 0.000796093
7.00000E+06 0.000756037
7.05494E+06 0.000734150
7.10061E+06 0.000716563
7.14628E+06 0.000699506
7.19195E+06 0.000682961
7.23762E+06 0.000666907
7.29904E+06 0.000651948
7.36047E+06 0.000637446
7.42189E+06 0.000623383
7.48331E+06 0.000609743
7.54682E+06 0.000601519
7.61033E+06 0.000593473
7.67383E+06 0.000585601
7.73734E+06 0.000577896
7.80301E+06 0.000574913
7.86867E+06 0.000571969
7.93434E+06 0.000569065
8.00000E+06 0.000566200
8.03666E+06 0.000572382
8.07332E+06 0.000578603
8.12482E+06 0.000587408
8.17631E+06 0.000596289
8.22781E+06 0.000605248
8.27930E+06 0.000614284
8.33080E+06 0.000623398
8.38229E+06 0.000632590
8.43379E+06 0.000641859
8.48528E+06 0.000651207
8.54962E+06 0.000666010
8.61396E+06 0.000681035
8.67830E+06 0.000696283
8.74264E+06 0.000711756
8.80698E+06 0.000727455
8.87132E+06 0.000743383
8.93566E+06 0.000759541
9.00000E+06 0.000775930
9.04324E+06 0.000785890
9.08649E+06 0.000795930
9.12973E+06 0.000806049
9.17297E+06 0.000816248
9.21621E+06 0.000826528
9.25946E+06 0.000836887
9.30270E+06 0.000847328
9.34594E+06 0.000857849
9.39258E+06 0.000869289
9.43923E+06 0.000880823
9.48587E+06 0.000892453
9.53251E+06 0.000904178
9.59095E+06 0.000919002
9.64938E+06 0.000933978
9.70782E+06 0.000949104
9.76626E+06 0.000964383
9.82469E+06 0.000979815
9.88313E+06 0.000995399
9.94156E+06 0.00101114
1.00000E+07 0.00102703
1.00625E+07 0.00103156
1.01250E+07 0.00103608
1.01875E+07 0.00104059
1.02500E+07 0.00104510
1.03125E+07 0.00104959
1.03750E+07 0.00105408
1.04375E+07 0.00105856
1.05000E+07 0.00106304
1.05625E+07 0.00106750
1.06250E+07 0.00107196
1.06875E+07 0.00107641
1.07500E+07 0.00108085
1.08125E+07 0.00108528
1.08750E+07 0.00108971
1.09375E+07 0.00109413
1.10000E+07 0.00109854
1.10625E+07 0.00109665
1.11250E+07 0.00109478
1.11875E+07 0.00109292
1.12500E+07 0.00109107
1.13125E+07 0.00108924
1.13750E+07 0.00108742
1.14375E+07 0.00108561
1.15000E+07 0.00108382
1.15625E+07 0.00108204
1.16250E+07 0.00108027
1.16875E+07 0.00107851
1.17500E+07 0.00107677
1.18125E+07 0.00107504
1.18750E+07 0.00107332
1.19375E+07 0.00107161
1.20000E+07 0.00106991
1.21250E+07 0.00106431
1.22500E+07 0.00105880
1.23750E+07 0.00105337
1.25000E+07 0.00104802
1.26250E+07 0.00104275
1.27500E+07 0.00103756
1.28750E+07 0.00103245
1.30000E+07 0.00102741
1.30739E+07 0.00102536
1.31477E+07 0.00102333
1.32216E+07 0.00102131
1.32954E+07 0.00101930
1.33835E+07 0.00101693
1.34716E+07 0.00101458
1.35596E+07 0.00101225
1.36477E+07 0.00100995
1.37358E+07 0.00100766
1.38239E+07 0.00100539
1.39119E+07 0.00100314
1.40000E+07 0.00100091
1.40984E+07 0.00100014
1.41988E+07 0.000999359
1.42992E+07 0.000998585
1.43996E+07 0.000997817
1.45000E+07 0.000997055
1.45625E+07 0.000996584
1.46250E+07 0.000996114
1.46875E+07 0.000995647
1.47500E+07 0.000995183
1.48125E+07 0.000994720
1.48750E+07 0.000994260
1.49375E+07 0.000993801
1.50000E+07 0.000993345
1.50625E+07 0.000993915
1.51250E+07 0.000994483
1.51875E+07 0.000995049
1.52500E+07 0.000995613
1.53125E+07 0.000996175
1.53750E+07 0.000996735
1.54375E+07 0.000997293
1.55000E+07 0.000997849
1.55625E+07 0.000998404
1.56250E+07 0.000998956
1.56875E+07 0.000999506
1.57500E+07 0.00100006
1.58125E+07 0.00100060
1.58750E+07 0.00100115
1.59375E+07 0.00100169
1.60000E+07 0.00100223
1.60625E+07 0.00100366
1.61250E+07 0.00100508
1.61875E+07 0.00100650
1.62500E+07 0.00100792
1.63125E+07 0.00100933
1.63750E+07 0.00101074
1.64375E+07 0.00101215
1.65000E+07 0.00101355
1.65625E+07 0.00101495
1.66250E+07 0.00101635
1.66875E+07 0.00101774
1.67500E+07 0.00101913
1.68125E+07 0.00102052
1.68750E+07 0.00102190
1.69375E+07 0.00102328
1.70000E+07 0.00102466
1.70340E+07 0.00102581
1.70681E+07 0.00102696
1.71021E+07 0.00102812
1.71361E+07 0.00102927
1.71701E+07 0.00103041
1.72042E+07 0.00103156
1.72382E+07 0.00103271
1.72722E+07 0.00103385
1.73177E+07 0.00103538
1.73632E+07 0.00103691
1.74087E+07 0.00103844
1.74542E+07 0.00103996
1.74996E+07 0.00104149
1.75451E+07 0.00104301
1.75906E+07 0.00104453
1.76361E+07 0.00104605
1.76816E+07 0.00104756
1.77271E+07 0.00104908
1.77726E+07 0.00105059
1.78181E+07 0.00105210
1.78635E+07 0.00105361
1.79090E+07 0.00105512
1.79545E+07 0.00105663
1.80000E+07 0.00105813
1.80625E+07 0.00106083
1.81250E+07 0.00106353
1.81875E+07 0.00106622
1.82500E+07 0.00106891
1.83125E+07 0.00107160
1.83750E+07 0.00107429
1.84375E+07 0.00107697
1.85000E+07 0.00107965
1.85625E+07 0.00108233
1.86250E+07 0.00108501
1.86875E+07 0.00108768
1.87500E+07 0.00109036
1.88125E+07 0.00109303
1.88750E+07 0.00109569
1.89375E+07 0.00109836
1.90000E+07 0.00110102
1.90625E+07 0.00110422
1.91250E+07 0.00110742
1.91875E+07 0.00111062
1.92500E+07 0.00111382
1.93125E+07 0.00111702
1.93750E+07 0.00112021
1.94375E+07 0.00112341
1.95000E+07 0.00112660
1.95625E+07 0.00112980
1.96250E+07 0.00113299
1.96875E+07 0.00113618
1.97500E+07 0.00113937
1.98125E+07 0.00114255
1.98750E+07 0.00114574
1.99375E+07 0.00114893
2.00000E+07 0.00115211