Pt-194(n,tot) JEFF-3.2
Energy(eV) XS(b)
1.00000E-05 84.9375
1.25000E-05 77.3152
1.50000E-05 71.6886
1.51356E-05 71.4239
1.86209E-05 65.6475
2.00000E-05 63.7907
2.29087E-05 60.4397
2.75000E-05 56.2758
2.81838E-05 55.7444
2.98063E-05 54.5575
3.14288E-05 53.4638
3.46737E-05 51.5113
3.50000E-05 51.3301
3.59573E-05 50.8130
3.69145E-05 50.3161
3.88290E-05 49.3779
4.26579E-05 47.6949
5.00000E-05 45.0265
5.24808E-05 44.2541
5.85231E-05 42.5828
6.45654E-05 41.1520
7.50000E-05 39.1014
7.94328E-05 38.3552
8.85783E-05 36.9967
9.77238E-05 35.8337
0.000100000 35.5693
0.000105057 35.0131
0.000110113 34.4956
0.000120226 33.5604
0.000147911 31.5108
0.000150000 31.3796
0.000157993 30.9020
0.000165985 30.4592
0.000181970 29.6630
0.000200000 28.8821
0.000223872 27.9970
0.000275000 26.5056
0.000275423 26.4951
0.000276414 26.4704
0.000277405 26.4458
0.000279387 26.3971
0.000283350 26.3012
0.000291278 26.1154
0.000307133 25.7655
0.000338844 25.1409
0.000350000 24.9416
0.000383435 24.3974
0.000416870 23.9201
0.000500000 22.9482
0.000512861 22.8194
0.000542385 22.5411
0.000571909 22.2847
0.000630958 21.8270
0.000750000 21.0745
0.000776247 20.9323
0.000865620 20.4978
0.000954993 20.1257
0.00100000 19.9575
0.00117490 19.3985
0.00144544 18.7428
0.00150000 18.6326
0.00163914 18.3768
0.00177828 18.1517
0.00200000 17.8427
0.00218776 17.6187
0.00269154 17.1382
0.00275000 17.0912
0.00289033 16.9842
0.00303066 16.8847
0.00331131 16.7050
0.00350000 16.5965
0.00407380 16.3144
0.00500000 15.9661
0.00501187 15.9622
0.00504794 15.9507
0.00508401 15.9393
0.00515614 15.9168
0.00530040 15.8732
0.00558892 15.7912
0.00616596 15.6447
0.00750000 15.3734
0.00758578 15.3584
0.00780412 15.3215
0.00802247 15.2860
0.00845916 15.2193
0.00933255 15.1003
0.0100000 15.0200
0.0114816 14.8675
0.0141254 14.6576
0.0150000 14.6007
0.0173780 14.4684
0.0200000 14.3507
0.0213796 14.2977
0.0253000 14.1714
0.0323594 14.0048
0.0376500 13.9120
0.0398107 13.8796
0.0443943 13.8187
0.0489778 13.7665
0.0500000 13.7559
0.0525640 13.7305
0.0551280 13.7070
0.0602560 13.6645
0.0741311 13.5723
0.0750000 13.5674
0.0770252 13.5563
0.0790503 13.5456
0.0831006 13.5254
0.0912012 13.4891
0.100000 13.4547
0.112202 13.4138
0.138039 13.3457
0.150000 13.3202
0.169824 13.2840
0.200000 13.2393
0.208930 13.2279
0.232985 13.2006
0.257040 13.1770
0.275000 13.1614
0.316228 13.1305
0.350000 13.1092
0.389045 13.0880
0.478630 13.0488
0.500000 13.0409
0.544422 13.0260
0.588844 13.0125
0.724437 12.9787
0.750000 12.9732
0.820626 12.9593
0.891251 12.9467
1.00000 12.9296
1.34896 12.8867
1.50000 12.8717
1.65959 12.8575
2.00000 12.8312
2.04174 12.8282
2.15928 12.8202
2.27681 12.8126
2.51189 12.7983
2.75000 12.7848
3.09030 12.7669
3.50000 12.7472
3.80190 12.7336
4.67735 12.6975
5.00000 12.6851
5.75440 12.6578
7.07946 12.6138
7.50000 12.6007
8.70965 12.5646
10.0000 12.5285
13.1826 12.4473
15.0000 12.4049
16.2181 12.3777
19.9526 12.3002
20.0000 12.2993
20.1421 12.2965
20.2842 12.2937
20.5684 12.2881
21.1368 12.2772
22.2736 12.2557
24.5471 12.2143
27.5000 12.1637
30.1996 12.1200
35.0000 12.0478
40.0000 11.9788
45.7089 11.9065
50.0000 11.8559
56.2342 11.7874
69.1831 11.6598
75.0000 11.6076
85.1138 11.5226
100.000 11.4075
128.825 11.2055
150.000 11.0655
158.489 11.0100
179.245 10.8730
200.000 10.7310
239.883 10.4261
264.158 10.2023
288.433 9.92368
300.000 9.75849
315.770 9.47495
331.539 9.06802
339.424 8.77489
347.309 8.36495
351.251 8.08601
355.193 7.72611
359.136 7.23883
363.078 6.53504
364.802 6.11724
366.525 5.59809
368.249 4.93964
369.972 4.09343
370.834 3.58868
371.696 3.04068
372.557 2.50600
373.419 2.19350
373.635 2.21549
373.850 2.31568
374.066 2.52904
374.173 2.69339
374.281 2.90725
374.389 3.18171
374.496 3.52973
374.604 3.96850
374.712 4.51952
374.820 5.21034
374.927 6.07657
375.035 7.16477
375.143 8.53657
375.358 12.4941
375.574 19.0558
375.789 30.4715
375.897 39.3733
376.004 51.7865
376.112 69.6123
376.220 96.0788
376.328 137.200
376.435 204.892
376.543 325.200
376.597 422.353
376.651 562.397
376.705 772.533
376.758 1099.34
376.812 1628.55
376.866 2492.46
376.933 4157.68
377.000 5428.99
377.067 4521.44
377.134 2928.79
377.202 1853.90
377.270 1242.34
377.338 884.455
377.406 662.408
377.474 516.419
377.542 415.954
377.677 290.319
377.813 217.497
377.949 171.401
378.221 118.006
378.493 89.0490
378.764 71.3590
379.036 59.6326
379.308 51.3867
379.851 40.6909
380.394 34.1546
380.938 29.7936
381.481 26.6992
382.568 22.6276
383.654 20.0871
384.741 18.3585
385.828 17.1089
388.001 15.4250
390.175 14.3421
392.348 13.5847
394.522 13.0229
398.868 12.2380
403.215 11.7065
411.909 11.0049
420.603 10.5286
429.297 10.1511
446.684 9.48647
458.062 9.01188
463.752 8.72506
469.441 8.36924
475.130 7.87992
477.975 7.54081
480.819 7.08538
482.241 6.78862
483.664 6.42212
485.086 5.95627
486.508 5.34648
487.220 4.96990
487.931 4.53909
488.642 4.06562
489.353 3.62435
489.709 3.49746
490.064 3.56135
490.420 4.07731
490.509 4.33933
490.598 4.68436
490.686 5.13568
490.775 5.72356
490.864 6.49122
490.953 7.49557
491.042 8.81688
491.131 10.5694
491.220 12.9195
491.309 16.1155
491.398 20.5401
491.486 26.7951
491.575 35.9091
491.664 49.6548
491.753 71.3520
491.842 107.709
491.931 173.732
491.975 228.082
492.020 307.713
492.064 429.737
492.109 624.449
492.153 949.551
492.197 1502.02
492.249 2508.00
492.300 3282.55
492.351 2748.36
492.403 1790.49
492.462 1073.03
492.521 693.055
492.581 482.749
492.640 357.294
492.700 276.861
492.759 222.494
492.878 155.578
492.996 117.374
493.115 93.3629
493.352 65.7015
493.590 50.7212
493.827 41.5606
494.065 35.4701
494.302 31.1705
494.777 25.5633
495.252 22.1094
495.727 19.7873
496.201 18.1267
497.151 15.9193
498.101 14.5223
499.050 13.5585
500.000 12.8520
501.563 12.0216
503.125 11.4365
506.250 10.6502
509.375 10.1267
512.500 9.73592
518.750 9.14871
525.000 8.67929
537.500 7.82946
550.000 6.90082
562.500 5.70054
568.750 4.91367
575.000 3.92975
581.250 2.67900
584.375 1.94872
587.500 1.20166
589.063 0.874231
590.625 0.650709
591.016 0.623786
591.406 0.613687
591.797 0.624001
592.188 0.659102
592.578 0.724355
592.969 0.826288
593.359 0.973014
593.750 1.17459
594.141 1.44368
594.531 1.79598
594.922 2.25164
595.313 2.83641
596.094 4.53682
596.875 7.30984
597.656 11.9033
598.438 19.7579
599.219 33.9062
599.609 45.2599
600.000 61.4744
600.342 81.8514
600.684 111.362
601.026 155.743
601.368 225.705
601.710 342.755
602.052 553.752
602.223 724.477
602.394 968.817
602.565 1324.18
602.736 1839.92
603.018 3094.20
603.300 4082.27
603.582 3444.42
603.864 2256.52
604.146 1450.07
604.428 983.089
604.710 706.602
604.993 533.539
605.275 419.095
605.557 339.739
606.121 239.811
606.685 181.432
607.249 144.189
608.378 100.682
609.506 76.8223
610.635 62.1038
611.763 52.2591
612.892 45.2756
615.148 36.1160
617.405 30.4288
619.662 26.5735
621.919 23.7907
626.433 20.0279
630.946 17.5690
635.460 15.7951
639.974 14.4136
649.001 12.2579
658.029 10.4107
667.056 8.46969
671.570 7.33417
676.083 5.99297
678.794 5.04940
681.504 3.97829
684.214 2.78324
686.924 1.57057
688.279 1.08993
688.957 0.943334
689.296 0.909057
689.634 0.909738
689.973 0.954223
690.312 1.05367
690.651 1.22223
690.820 1.33788
690.990 1.47788
691.328 1.84406
691.667 2.35099
692.006 3.03843
692.345 3.95886
692.683 5.18382
693.022 6.80990
693.361 8.97128
693.700 11.8563
694.039 15.7391
694.377 21.0207
694.716 28.3095
695.055 38.5525
695.394 53.2970
695.732 75.1518
696.071 108.780
696.410 163.028
696.749 256.129
697.088 428.895
697.257 572.093
697.426 781.135
697.596 1091.99
697.765 1553.48
698.033 2644.72
698.300 3512.92
698.568 2982.68
698.835 1974.87
699.095 1300.48
699.354 900.125
699.614 658.040
699.874 504.105
700.133 400.953
700.393 328.702
700.912 236.604
701.431 182.051
701.951 146.862
702.989 105.228
704.028 82.0625
705.066 67.6067
706.105 57.8450
707.143 50.8648
709.220 41.6248
711.297 35.8323
713.374 31.8815
715.451 29.0211
719.605 25.1592
723.759 22.6678
727.914 20.9191
732.068 19.6166
740.376 17.7849
748.684 16.5329
765.300 14.8563
781.916 13.6878
798.532 12.7150
815.149 11.7593
831.765 10.6271
843.719 9.49514
849.696 8.71546
855.672 7.67213
858.661 6.99661
861.649 6.17032
864.638 5.13886
867.626 3.83678
869.121 3.07271
870.615 2.25585
872.109 1.47840
872.856 1.18512
873.230 1.09313
873.603 1.05882
873.977 1.10617
874.164 1.17058
874.350 1.26918
874.537 1.40858
874.724 1.59679
874.911 1.84352
875.097 2.16047
875.284 2.56256
875.471 3.06768
875.845 4.48202
876.218 6.66315
876.592 10.0324
876.965 15.3109
877.339 23.7839
877.712 37.9146
878.086 62.7772
878.273 82.4007
878.459 110.045
878.646 150.139
878.833 210.312
879.020 304.523
879.207 459.057
879.393 724.651
879.580 1190.60
879.790 2041.36
880.000 2732.53
880.210 2335.20
880.420 1553.68
880.654 970.933
880.887 648.969
881.121 464.858
881.354 352.142
881.588 278.535
881.821 227.898
882.289 164.402
882.756 127.320
883.223 103.568
884.157 75.5888
885.091 60.0340
886.025 50.3086
886.960 43.7216
887.894 38.9958
889.762 32.7110
891.631 28.7479
893.499 26.0317
895.368 24.0573
899.104 21.3801
902.841 19.6459
906.578 18.4257
910.315 17.5157
917.789 16.2357
925.263 15.3626
940.210 14.2043
955.158 13.4233
970.105 12.8204
1000.00 11.8478
1024.23 11.1327
1048.47 10.3910
1072.70 9.54683
1096.94 8.49857
1121.17 7.06757
1133.29 6.10459
1145.40 4.87514
1157.52 3.25817
1163.58 2.27145
1169.64 1.20865
1172.67 0.715164
1174.18 0.510770
1175.70 0.361759
1176.45 0.318125
1177.21 0.302815
1177.59 0.308091
1177.97 0.323438
1178.73 0.389837
1179.48 0.514927
1180.24 0.714949
1181.00 1.01181
1181.75 1.43450
1182.51 2.02296
1183.27 2.82907
1184.03 3.92761
1184.78 5.42336
1185.54 7.47070
1186.30 10.2880
1187.06 14.2174
1187.81 19.7915
1188.57 27.8911
1189.33 39.9757
1190.08 58.7152
1190.84 89.2224
1191.60 142.234
1192.36 242.037
1192.74 326.159
1193.11 450.424
1193.49 639.156
1193.87 925.100
1194.44 1576.41
1195.00 2121.66
1195.57 1827.70
1196.13 1212.57
1196.74 759.077
1197.35 505.762
1197.96 359.919
1198.58 270.325
1199.19 211.699
1199.80 171.416
1201.02 120.916
1202.24 91.3889
1203.47 72.4531
1205.91 49.9594
1208.36 37.1640
1210.80 28.8214
1215.69 18.0371
1220.58 10.3715
1223.03 6.96152
1225.47 3.83896
1226.69 2.56781
1227.30 2.09628
1227.92 1.80662
1228.22 1.75687
1228.53 1.79057
1228.83 1.92736
1229.14 2.19093
1229.44 2.61437
1229.75 3.23487
1230.06 4.10825
1230.36 5.29584
1230.67 6.89397
1230.97 9.01733
1231.28 11.8249
1231.58 15.5197
1232.19 26.9332
1232.81 47.5327
1233.11 63.8760
1233.42 86.7653
1233.72 119.500
1234.03 167.293
1234.33 239.515
1234.64 351.143
1234.95 529.146
1235.25 811.820
1235.69 1445.84
1236.12 1977.28
1236.56 1724.12
1236.99 1182.49
1237.33 864.740
1237.68 651.288
1238.02 508.237
1238.36 409.690
1239.05 287.851
1239.73 218.509
1240.42 174.993
1241.10 145.757
1242.48 109.564
1243.85 88.4471
1245.22 74.7808
1246.59 65.2736
1247.96 58.2997
1250.70 48.7729
1253.44 42.5682
1256.19 38.1939
1258.93 34.9311
1264.94 30.0003
1270.96 26.7533
1276.98 24.4025
1282.99 22.5800
1295.03 19.8003
1307.06 17.5405
1319.09 15.2773
1325.11 13.9533
1331.13 12.3206
1334.13 11.3093
1337.14 10.0990
1340.15 8.60742
1343.16 6.72299
1344.66 5.59827
1346.17 4.35430
1347.67 3.06038
1349.17 2.00053
1349.55 1.86230
1349.93 1.82686
1350.30 1.94092
1350.49 2.07425
1350.68 2.27283
1350.87 2.55051
1351.05 2.92434
1351.24 3.41546
1351.43 4.05022
1351.62 4.86174
1351.81 5.89190
1352.18 8.83740
1352.56 13.5332
1352.93 21.1039
1353.31 33.6108
1353.69 55.0822
1354.06 94.0275
1354.25 125.405
1354.44 170.165
1354.63 235.602
1354.81 333.676
1355.00 483.586
1355.19 712.839
1355.49 1271.91
1355.78 1742.43
1356.07 1515.61
1356.36 1037.44
1356.55 799.482
1356.74 627.473
1357.11 415.198
1357.49 298.961
1357.86 229.470
1358.24 184.668
1358.62 153.997
1359.37 115.560
1360.12 92.9733
1360.87 78.3621
1362.38 60.8767
1363.88 50.9197
1365.38 44.5600
1366.89 40.1624
1368.39 36.9512
1371.40 32.5751
1374.40 29.7333
1377.41 27.7332
1380.42 26.2440
1386.43 24.1598
1392.45 22.7555
1398.46 21.7324
1404.48 20.9454
1416.50 19.7958
1428.53 18.9790
1452.59 17.8587
1476.65 17.0967
1500.71 16.5259
1548.82 15.6911
1576.32 15.3166
1590.07 15.1410
1593.50 15.0953
1596.94 15.0450
1598.66 15.0152
1600.38 14.9767
1601.24 14.9494
1602.10 14.9089
1602.53 14.8784
1602.95 14.8370
1603.17 14.8154
1603.38 14.8190
1603.49 14.8721
1603.60 15.0779
1603.65 15.3672
1603.71 16.0208
1603.73 16.6816
1603.76 17.8184
1603.79 19.8776
1603.81 23.5146
1603.84 30.3105
1603.87 35.9260
1603.90 33.3060
1603.93 27.5693
1603.95 24.0373
1603.97 21.7697
1604.00 20.1841
1604.02 19.1435
1604.06 17.8289
1604.11 17.0979
1604.20 16.3178
1604.29 15.9377
1604.46 15.5739
1604.64 15.4048
1605.00 15.2450
1605.36 15.1690
1606.07 15.0933
1606.79 15.0533
1608.22 15.0066
1609.65 14.9759
1612.50 14.9298
1615.36 14.8913
1626.80 14.7570
1638.23 14.6303
1643.95 14.5636
1646.81 14.5219
1648.24 14.4882
1648.95 14.4596
1649.31 14.4651
1649.40 14.4979
1649.49 14.6026
1649.58 15.0133
1649.62 15.6960
1649.65 16.3775
1649.67 17.5115
1649.70 19.9325
1649.72 21.9472
1649.75 20.9984
1649.78 18.9475
1649.81 17.5655
1649.83 16.7258
1649.88 15.8166
1649.93 15.3870
1649.99 15.1513
1650.09 14.9117
1650.19 14.7953
1650.60 14.6327
1651.41 14.5562
1653.04 14.5093
1656.30 14.4617
1662.82 14.3878
1675.87 14.2496
1701.95 13.9698
1728.04 13.6621
1754.12 13.2911
1780.21 12.7816
1793.25 12.4213
1806.29 11.9226
1812.81 11.5862
1819.34 11.1565
1825.86 10.5831
1832.38 9.77255
1835.64 9.22505
1838.90 8.53209
1842.16 7.62841
1845.42 6.40957
1847.05 5.63338
1848.68 4.71618
1850.31 3.64618
1851.94 2.47937
1852.76 1.94476
1853.57 1.59095
1853.98 1.56460
1854.39 1.72292
1854.59 1.90459
1854.80 2.17998
1855.00 2.57534
1855.20 3.12205
1855.41 3.87108
1855.61 4.88156
1855.81 6.23706
1856.02 8.04275
1856.22 10.4776
1856.43 13.7653
1856.63 18.2434
1856.83 24.3814
1857.04 33.0109
1857.24 45.3301
1857.44 63.3420
1857.65 90.2839
1857.85 132.384
1858.06 200.421
1858.26 314.329
1858.46 506.200
1858.72 902.548
1858.98 1248.03
1859.23 1099.31
1859.49 754.542
1859.76 494.482
1860.04 344.530
1860.31 255.326
1860.59 199.380
1860.86 161.912
1861.14 135.746
1861.68 102.163
1862.23 82.0595
1862.78 68.9214
1863.88 53.0937
1864.98 44.0513
1866.08 38.2799
1867.17 34.3053
1868.27 31.4166
1870.47 27.5098
1872.66 25.0047
1874.86 23.2653
1877.05 21.9897
1881.44 20.2441
1885.83 19.1056
1890.23 18.3032
1894.62 17.7059
1903.40 16.8725
1912.18 16.3143
1920.96 15.9104
1929.74 15.6015
1947.31 15.1525
1964.87 14.8328
2000.00 14.3811
2031.06 14.0770
2062.12 13.7901
2077.64 13.6234
2085.41 13.5210
2093.17 13.3918
2100.94 13.2080
2104.82 13.0754
2108.70 12.8895
2110.64 12.7628
2112.58 12.5996
2114.52 12.3794
2116.47 12.0631
2117.44 11.8458
2118.41 11.5664
2119.38 11.1927
2120.35 10.6692
2120.83 10.3201
2121.32 9.88718
2121.80 9.33964
2122.29 8.64017
2122.53 8.22458
2122.77 7.77460
2123.02 7.33252
2123.26 7.04566
2123.50 7.43162
2123.62 8.38742
2123.74 10.6706
2123.81 12.8146
2123.87 16.1699
2123.90 18.5786
2123.93 21.5520
2123.96 25.3657
2123.99 30.3097
2124.02 37.0473
2124.05 45.7671
2124.08 57.5607
2124.11 73.7875
2124.14 97.4183
2124.17 130.183
2124.20 177.401
2124.23 245.190
2124.28 433.973
2124.34 601.542
2124.37 595.920
2124.39 534.538
2124.45 370.922
2124.49 272.151
2124.54 207.248
2124.58 162.784
2124.62 132.915
2124.71 95.5786
2124.80 74.5661
2124.88 61.2560
2124.97 52.3311
2125.14 41.3873
2125.32 34.9961
2125.49 30.9075
2125.66 28.0648
2125.84 26.0063
2126.18 23.2166
2126.53 21.4310
2126.88 20.1958
2127.22 19.2951
2127.92 18.0655
2128.61 17.2697
2129.31 16.7132
2130.00 16.3027
2131.39 15.7359
2132.77 15.3631
2134.16 15.0984
2135.55 14.9002
2138.32 14.6214
2141.10 14.4331
2143.87 14.2957
2146.65 14.1899
2152.20 14.0345
2157.75 13.9228
2168.84 13.7644
2179.94 13.6490
2191.04 13.5549
2213.24 13.3969
2235.43 13.2540
2257.63 13.1040
2268.73 13.0136
2274.28 12.9583
2279.83 12.8894
2285.38 12.7935
2288.15 12.7256
2290.92 12.6315
2292.31 12.5680
2293.70 12.4866
2295.09 12.3773
2296.47 12.2210
2297.17 12.1138
2297.86 11.9758
2298.56 11.7914
2299.25 11.5327
2299.60 11.3599
2299.94 11.1444
2300.29 10.8704
2300.64 10.5178
2300.81 10.3048
2300.98 10.0714
2301.16 9.83164
2301.33 9.65140
2301.50 9.76389
2301.59 10.1697
2301.68 11.1834
2301.76 13.7066
2301.81 16.1803
2301.85 20.3113
2301.87 23.4849
2301.89 27.7703
2301.92 33.6570
2301.94 41.4573
2301.96 53.0298
2301.98 68.9390
2301.99 79.9237
2302.00 93.2678
2302.02 127.006
2302.04 168.681
2302.06 219.717
2302.10 302.068
2302.12 300.057
2302.14 270.013
2302.17 189.974
2302.22 127.242
2302.26 91.8781
2302.30 70.8416
2302.34 57.5559
2302.38 48.6659
2302.42 42.4191
2302.50 34.3928
2302.59 29.5229
2302.67 26.3754
2302.83 22.5632
2303.00 20.3659
2303.16 18.9679
2303.33 18.0017
2303.49 17.2970
2303.82 16.3394
2304.15 15.7253
2304.48 15.2969
2304.80 14.9831
2305.46 14.5520
2306.12 14.2711
2306.78 14.0731
2307.43 13.9257
2308.75 13.7203
2310.06 13.5832
2311.38 13.4844
2312.69 13.4093
2315.32 13.3008
2317.95 13.2248
2323.20 13.1204
2328.46 13.0475
2333.72 12.9900
2344.23 12.8977
2369.17 12.7213
2394.11 12.5552
2419.04 12.3762
2443.98 12.1641
2468.92 11.8831
2481.39 11.6916
2493.85 11.4342
2500.09 11.2640
2506.32 11.0490
2512.56 10.7638
2518.79 10.3599
2521.91 10.0844
2525.03 9.73043
2528.14 9.25659
2531.26 8.58679
2532.82 8.13533
2534.38 7.56646
2535.94 6.82891
2537.49 5.84577
2538.27 5.22804
2539.05 4.51039
2539.83 3.69647
2540.61 2.86215
2541.00 2.52669
2541.39 2.38743
2541.59 2.46764
2541.78 2.72327
2541.98 3.25313
2542.17 4.21232
2542.27 4.93980
2542.36 5.88292
2542.46 7.12912
2542.56 8.74417
2542.66 10.8890
2542.75 13.6966
2542.85 17.4364
2542.95 22.4729
2543.05 29.4320
2543.14 39.0089
2543.24 52.7338
2543.34 72.4475
2543.44 102.115
2543.53 147.027
2543.63 217.121
2543.73 326.858
2543.87 587.385
2544.02 823.790
2544.09 820.128
2544.16 736.763
2544.31 510.992
2544.46 340.020
2544.61 239.516
2544.77 179.326
2544.92 141.152
2545.07 115.540
2545.23 97.5075
2545.53 74.3546
2545.84 60.3623
2546.14 51.1807
2546.75 40.0749
2547.37 33.6923
2547.98 29.6084
2548.59 26.7857
2549.20 24.7266
2550.42 21.9332
2551.64 20.1350
2552.87 18.8836
2554.09 17.9639
2556.54 16.7008
2558.98 15.8742
2561.43 15.2891
2563.87 14.8522
2568.76 14.2384
2573.65 13.8227
2578.54 13.5177
2583.43 13.2805
2593.22 12.9241
2603.00 12.6549
2622.56 12.2268
2642.13 11.8258
2651.91 11.6002
2661.69 11.3298
2671.47 10.9683
2676.36 10.7213
2681.25 10.3903
2683.70 10.1729
2686.14 9.90017
2688.59 9.54263
2691.03 9.04556
2692.26 8.71279
2693.48 8.29323
2694.70 7.74634
2695.92 7.00488
2696.54 6.52679
2697.15 5.95334
2697.76 5.26404
2698.37 4.46004
2698.68 4.04148
2698.98 3.67065
2699.29 3.48048
2699.59 3.82643
2699.75 4.47569
2699.90 5.78271
2699.98 6.84939
2700.05 8.31149
2700.13 10.3470
2700.20 13.2063
2700.28 17.3402
2700.36 23.2670
2700.43 32.1980
2700.51 45.6868
2700.59 67.3502
2700.66 102.592
2700.74 162.746
2700.81 267.040
2700.91 479.561
2701.00 670.523
2701.05 667.639
2701.09 599.641
2701.18 417.043
2701.29 265.849
2701.40 182.329
2701.51 134.597
2701.62 105.264
2701.73 85.9982
2701.84 72.6350
2702.06 55.7310
2702.27 45.6218
2702.49 39.0591
2702.93 31.1231
2703.36 26.5728
2703.80 23.6640
2704.23 21.6511
2704.67 20.1797
2705.54 18.1753
2706.41 16.8776
2707.28 15.9667
2708.15 15.2901
2709.89 14.3452
2711.63 13.7084
2713.37 13.2406
2715.11 12.8750
2718.59 12.3168
2722.07 11.8794
2729.03 11.1171
2732.52 10.7191
2736.00 10.2643
2739.48 9.70418
2742.96 8.95655
2744.70 8.46713
2746.44 7.85863
2748.18 7.07776
2749.92 6.04144
2750.79 5.38955
2751.66 4.62801
2752.53 3.75288
2753.40 2.82307
2753.84 2.41491
2754.27 2.17366
2754.49 2.18521
2754.71 2.35403
2754.93 2.77352
2755.14 3.58960
2755.25 4.22327
2755.36 5.06568
2755.47 6.18047
2755.58 7.63879
2755.69 9.58625
2755.80 12.1788
2755.91 15.6562
2756.01 20.3180
2756.12 26.7674
2756.23 35.7625
2756.34 48.5503
2756.45 66.9352
2756.56 94.5433
2756.67 136.774
2756.78 202.787
2756.88 305.101
2757.05 552.679
2757.21 780.155
2757.29 778.877
2757.38 700.816
2757.54 487.888
2757.66 367.912
2757.78 284.590
2757.90 226.354
2758.01 185.557
2758.25 133.572
2758.49 103.248
2758.73 83.9706
2758.96 70.8787
2759.44 54.5832
2759.91 44.9995
2760.38 38.8022
2760.86 34.4875
2761.33 31.3395
2762.28 27.0642
2763.22 24.3149
2764.17 22.4055
2765.12 21.0048
2767.01 19.0886
2768.91 17.8404
2770.80 16.9610
2772.69 16.3065
2776.48 15.3926
2780.27 14.7799
2784.06 14.3356
2787.85 13.9954
2795.43 13.4997
2803.00 13.1462
2818.16 12.6489
2833.31 12.2873
2848.46 11.9885
2878.77 11.4629
2909.08 10.9402
2939.39 10.3441
2969.69 9.58497
2984.85 9.09850
3000.00 8.49707
3010.90 7.96121
3021.80 7.30023
3032.70 6.45766
3043.61 5.34057
3049.06 4.63418
3054.51 3.79672
3059.96 2.80482
3065.41 1.66928
3068.13 1.09067
3070.86 0.591375
3072.22 0.422517
3072.90 0.374686
3073.58 0.361012
3074.27 0.391585
3074.95 0.479300
3075.63 0.641100
3076.31 0.899287
3076.99 1.28421
3077.67 1.83470
3078.35 2.60692
3079.04 3.67382
3079.72 5.14428
3080.40 7.16470
3081.08 9.95623
3081.76 13.8456
3082.44 19.3412
3083.12 27.2125
3083.80 38.7386
3084.49 56.0543
3085.17 82.9152
3085.85 125.871
3086.53 196.803
3087.21 315.151
3088.11 572.580
3089.01 812.362
3089.46 813.309
3089.91 733.129
3090.81 510.433
3091.49 379.602
3092.17 289.663
3092.86 228.258
3093.54 185.506
3094.90 131.981
3096.26 101.152
3097.63 81.7040
3098.99 68.5567
3101.71 52.2205
3104.44 42.6465
3107.17 36.4299
3109.89 32.0916
3112.62 28.8985
3118.07 24.5009
3123.52 21.5849
3128.97 19.4637
3134.42 17.7985
3145.33 15.1221
3150.78 13.8675
3156.23 12.4987
3161.68 10.7963
3164.41 9.68961
3167.13 8.27526
3168.50 7.39575
3169.86 6.35838
3171.22 5.12675
3172.59 3.69138
3173.95 2.22346
3174.63 1.75108
3174.97 1.73442
3175.31 2.00805
3175.48 2.31605
3175.65 2.78447
3175.82 3.47276
3175.99 4.44654
3176.17 5.82086
3176.34 7.72544
3176.51 10.3765
3176.68 14.0825
3176.85 19.3438
3177.02 26.8192
3177.19 37.6708
3177.36 53.7493
3177.53 78.3226
3177.70 116.388
3177.87 176.903
3178.04 273.337
3178.29 506.971
3178.54 724.578
3178.80 658.190
3179.05 465.581
3179.35 301.915
3179.66 210.391
3179.96 157.511
3180.26 124.773
3180.56 102.987
3180.86 87.7917
3181.46 68.2478
3182.07 56.4618
3182.67 48.6849
3183.88 39.1687
3185.08 33.6178
3186.29 30.0042
3187.50 27.4651
3188.70 25.5815
3191.11 22.9629
3193.53 21.2161
3195.94 19.9529
3198.35 18.9868
3203.18 17.5778
3208.00 16.5685
3217.65 15.1334
3227.30 14.0688
3236.95 13.1642
3256.25 11.4665
3265.90 10.5510
3275.55 9.50868
3285.20 8.25411
3294.85 6.65943
3299.68 5.67734
3304.50 4.53512
3309.33 3.21550
3314.15 1.76719
3316.56 1.07647
3317.77 0.780105
3318.98 0.549115
3319.58 0.470186
3320.18 0.424819
3320.79 0.421716
3321.39 0.472036
3321.99 0.589919
3322.60 0.793406
3323.20 1.10567
3323.80 1.55670
3324.41 2.18692
3325.01 3.04600
3325.61 4.20372
3326.21 5.75300
3327.42 10.5829
3328.63 19.2868
3329.23 26.0988
3329.83 35.4902
3330.44 48.6240
3331.04 67.2970
3331.64 94.3261
3332.24 134.139
3332.85 193.515
3333.45 281.793
3334.51 526.006
3335.57 754.948
3336.63 686.971
3337.69 486.648
3338.51 365.160
3339.34 281.471
3340.16 224.262
3340.98 184.230
3342.62 133.862
3344.27 104.600
3345.91 85.9889
3347.56 73.3133
3350.84 57.4181
3354.13 48.0032
3357.42 41.8467
3360.71 37.5302
3364.00 34.3459
3370.57 29.9728
3377.15 27.1144
3383.73 25.0967
3390.30 23.5926
3403.46 21.4849
3416.61 20.0589
3429.76 19.0093
3442.91 18.1853
3469.22 16.9054
3495.53 15.8204
3508.68 15.2589
3521.83 14.6160
3534.99 13.7885
3541.56 13.2410
3548.14 12.5332
3552.13 11.9813
3556.12 11.2879
3560.12 10.3824
3564.11 9.14112
3566.11 8.32882
3568.10 7.33392
3570.10 6.09587
3572.09 4.55092
3573.09 3.65633
3574.09 2.71363
3575.09 1.82770
3575.59 1.49090
3576.09 1.32609
3576.34 1.35250
3576.59 1.48795
3576.84 1.77466
3577.09 2.26760
3577.34 3.05246
3577.58 4.24029
3577.83 6.01401
3578.08 8.61830
3578.33 12.4742
3578.58 18.1791
3578.83 26.8059
3579.08 40.0000
3579.33 60.8512
3579.58 94.4557
3579.83 150.443
3580.08 243.430
3580.43 458.547
3580.77 663.116
3581.12 607.829
3581.46 434.073
3581.67 348.268
3581.88 283.637
3582.30 199.427
3582.71 150.498
3583.13 120.101
3583.55 99.8395
3583.96 85.6591
3584.79 67.3866
3585.63 56.3084
3586.46 48.9846
3588.12 39.9912
3589.79 34.7402
3591.45 31.3212
3593.12 28.9258
3594.78 27.1567
3598.11 24.7208
3601.44 23.1220
3604.77 21.9902
3608.10 21.1447
3614.77 19.9600
3621.43 19.1632
3628.09 18.5847
3634.75 18.1417
3648.07 17.4984
3661.39 17.0440
3688.03 16.4218
3714.67 15.9956
3741.31 15.6715
3794.59 15.1838
3847.87 14.8039
3901.15 14.4599
3927.79 14.2755
3941.11 14.1700
3954.43 14.0450
3967.76 13.8800
3974.42 13.7674
3981.08 13.6152
3984.41 13.5138
3987.74 13.3847
3991.07 13.2120
3994.40 12.9645
3996.06 12.7939
3997.73 12.5724
3999.39 12.2723
4001.06 11.8406
4001.89 11.5442
4002.72 11.1641
4003.55 10.6580
4004.39 9.95490
4004.80 9.49018
4005.22 8.91976
4005.63 8.20870
4006.05 7.32119
4006.26 6.80690
4006.47 6.27033
4006.68 5.77436
4006.88 5.51773
4007.09 6.13622
4007.20 7.34678
4007.30 9.99131
4007.35 12.2978
4007.40 15.7096
4007.46 20.8276
4007.51 28.6574
4007.56 40.9335
4007.61 60.7203
4007.66 93.4207
4007.72 147.775
4007.75 205.078
4007.79 275.334
4007.86 396.963
4007.90 401.139
4007.93 365.842
4008.01 263.311
4008.09 175.993
4008.17 126.389
4008.26 96.7918
4008.34 78.3935
4008.42 65.9271
4008.51 57.2494
4008.67 46.0054
4008.84 39.1310
4009.01 34.6015
4009.34 29.0207
4009.67 25.7648
4010.00 23.6485
4010.34 22.1689
4010.67 21.0791
4011.34 19.5829
4012.00 18.6091
4012.67 17.9247
4013.34 17.4176
4014.67 16.7158
4016.00 16.2533
4017.33 15.9245
4018.67 15.6784
4021.33 15.3328
4024.00 15.1000
4026.66 14.9308
4029.32 14.8011
4034.65 14.6119
4039.98 14.4767
4050.64 14.2858
4061.30 14.1456
4071.96 14.0280
4093.28 13.8131
4114.60 13.5760
4125.26 13.4263
4135.92 13.2311
4141.25 13.1038
4146.58 12.9435
4151.91 12.7311
4157.24 12.4292
4159.90 12.2220
4162.57 11.9539
4165.23 11.5914
4167.90 11.0711
4169.23 10.7142
4170.56 10.2565
4171.89 9.64739
4173.23 8.80061
4173.89 8.24105
4174.56 7.55302
4175.22 6.69397
4175.89 5.61846
4176.22 4.99563
4176.56 4.33869
4176.89 3.72229
4177.22 3.37700
4177.39 3.49550
4177.56 4.04600
4177.72 5.43963
4177.81 6.67980
4177.89 8.50347
4177.97 11.2250
4178.06 15.2187
4178.14 21.2172
4178.22 30.4018
4178.31 45.0277
4178.39 68.3960
4178.47 107.037
4178.55 171.315
4178.67 321.735
4178.79 468.550
4178.84 474.485
4178.90 433.067
4179.02 310.403
4179.15 207.917
4179.28 148.918
4179.41 113.855
4179.54 91.6614
4179.68 76.6519
4179.81 66.1385
4180.07 52.5044
4180.33 44.1773
4180.59 38.6744
4181.12 31.9080
4181.64 27.9491
4182.17 25.3753
4182.69 23.5757
4183.22 22.2522
4184.27 20.4331
4185.32 19.2477
4186.37 18.4136
4187.41 17.7958
4189.51 16.9404
4191.61 16.3754
4193.71 15.9733
4195.81 15.6718
4200.01 15.2466
4204.21 14.9584
4208.40 14.7472
4212.60 14.5835
4221.00 14.3400
4229.39 14.1594
4246.18 13.8805
4262.97 13.6263
4271.37 13.4818
4279.76 13.3029
4283.96 13.1894
4288.16 13.0487
4292.36 12.8642
4296.55 12.6040
4298.65 12.4261
4300.75 12.1962
4302.85 11.8855
4304.95 11.4393
4306.00 11.1328
4307.05 10.7391
4308.10 10.2139
4309.15 9.48091
4309.67 8.99457
4310.20 8.39264
4310.72 7.63511
4311.25 6.67560
4311.51 6.10755
4311.77 5.49612
4312.03 4.89145
4312.30 4.46703
4312.56 4.81020
4312.69 5.81325
4312.82 8.17819
4312.89 10.3316
4312.95 13.5287
4313.02 18.4850
4313.08 26.0761
4313.15 38.3740
4313.21 58.2559
4313.28 92.3402
4313.34 149.424
4313.39 207.115
4313.43 280.121
4313.52 408.321
4313.56 413.942
4313.61 378.323
4313.70 272.068
4313.80 182.468
4313.90 130.761
4314.00 100.214
4314.10 81.1126
4314.20 68.1582
4314.30 59.1012
4314.50 47.2966
4314.70 40.1126
4314.90 35.3443
4315.31 29.4820
4315.71 26.0566
4316.11 23.8276
4316.51 22.2679
4316.91 21.1181
4317.72 19.5401
4318.52 18.5103
4319.33 17.7860
4320.13 17.2491
4321.74 16.5055
4323.35 16.0149
4324.95 15.6661
4326.56 15.4046
4329.78 15.0372
4333.00 14.7896
4336.21 14.6095
4339.43 14.4716
4345.86 14.2707
4352.29 14.1282
4365.16 13.9301
4379.44 13.7763
4393.72 13.6555
4422.28 13.4576
4450.85 13.2792
4479.41 13.0939
4507.97 12.8721
4522.25 12.7299
4536.53 12.5449
4543.67 12.4250
4550.81 12.2748
4557.96 12.0770
4565.10 11.7974
4568.67 11.6060
4572.24 11.3588
4575.81 11.0246
4579.38 10.5444
4581.16 10.2143
4582.95 9.78973
4584.73 9.22271
4586.52 8.42798
4587.41 7.89878
4588.30 7.24181
4589.20 6.40865
4590.09 5.34007
4590.53 4.69868
4590.98 3.99360
4591.43 3.26790
4591.87 2.68467
4592.10 2.59062
4592.32 2.82237
4592.54 3.71424
4592.65 4.61314
4592.77 5.99429
4592.88 8.13280
4592.99 11.3886
4593.10 16.4906
4593.21 24.4897
4593.32 37.5990
4593.43 59.3657
4593.55 97.3293
4593.66 163.051
4593.80 308.273
4593.94 450.558
4594.01 457.498
4594.09 418.511
4594.23 301.221
4594.32 238.731
4594.41 192.738
4594.59 134.201
4594.78 100.953
4594.96 80.7095
4595.14 67.3229
4595.32 58.0532
4595.69 46.1824
4596.05 39.0132
4596.42 34.2847
4597.15 28.5041
4597.88 25.1306
4598.60 22.9398
4599.33 21.4045
4600.06 20.2736
4601.52 18.7188
4602.98 17.7023
4604.44 16.9861
4605.90 16.4542
4608.82 15.7158
4611.74 15.2263
4614.65 14.8766
4617.57 14.6133
4623.41 14.2399
4629.24 13.9845
4635.08 13.7957
4640.91 13.6481
4652.59 13.4257
4664.26 13.2586
4687.60 13.0013
4710.94 12.7824
4734.28 12.5525
4745.96 12.4085
4751.79 12.3176
4757.63 12.2013
4763.46 12.0346
4766.38 11.9140
4769.30 11.7450
4770.76 11.6300
4772.22 11.4818
4773.67 11.2820
4775.13 10.9955
4775.86 10.7987
4776.59 10.5458
4777.32 10.2077
4778.05 9.73403
4778.42 9.41810
4778.78 9.02488
4779.15 8.52567
4779.51 7.88420
4779.69 7.49613
4779.88 7.06841
4780.06 6.62311
4780.24 6.25220
4780.42 6.28929
4780.51 6.78305
4780.60 8.08536
4780.70 11.2149
4780.74 14.2233
4780.79 18.9037
4780.83 26.7234
4780.88 39.6227
4780.90 49.4795
4780.92 62.6135
4780.95 80.1537
4780.97 103.088
4781.00 141.207
4781.03 190.748
4781.08 276.911
4781.11 281.066
4781.14 257.922
4781.20 186.562
4781.24 146.322
4781.28 116.990
4781.32 96.1453
4781.36 81.4367
4781.44 61.8034
4781.52 50.1947
4781.60 42.5694
4781.67 37.3753
4781.83 30.7685
4781.99 26.7886
4782.15 24.1739
4782.31 22.3376
4782.47 20.9904
4782.79 19.1314
4783.10 17.9265
4783.42 17.0802
4783.74 16.4577
4784.37 15.6000
4785.01 15.0385
4785.64 14.6423
4786.28 14.3479
4787.55 13.9377
4788.82 13.6649
4790.09 13.4693
4791.36 13.3215
4793.90 13.1106
4796.43 12.9651
4801.51 12.7710
4806.59 12.6405
4811.67 12.5415
4821.83 12.3894
4831.98 12.2664
4842.14 12.1569
4852.30 12.0581
4854.84 12.0391
4857.38 12.0336
4858.65 12.0499
4859.92 12.1209
4860.55 12.2312
4861.19 12.5496
4861.50 12.9834
4861.66 13.4041
4861.82 14.1377
4861.98 15.6104
4862.06 16.9570
4862.14 19.1928
4862.22 23.3663
4862.26 26.9104
4862.30 32.1626
4862.34 40.8655
4862.38 55.6125
4862.42 84.3103
4862.44 108.346
4862.45 142.165
4862.49 219.521
4862.52 273.027
4862.55 220.080
4862.59 142.859
4862.62 91.2692
4862.65 62.8230
4862.69 46.7255
4862.72 37.2408
4862.75 30.9414
4862.79 26.8036
4862.85 21.6631
4862.92 18.7814
4862.99 17.0115
4863.12 15.0450
4863.26 14.0303
4863.39 13.4469
4863.66 12.8297
4863.93 12.5253
4864.20 12.3533
4864.73 12.1731
4865.81 12.0318
4866.88 11.9732
4869.03 11.9158
4871.17 11.8807
4879.76 11.7784
4896.94 11.5895
4914.12 11.3888
4931.29 11.1678
4965.65 10.6350
5000.00 9.90519
5028.21 9.03705
5042.32 8.44415
5056.43 7.67465
5070.53 6.61488
5077.59 5.90671
5084.64 5.00630
5091.69 3.80691
5095.22 3.04216
5098.74 2.13694
5102.27 1.12222
5104.03 0.662922
5104.92 0.501963
5105.80 0.444374
5106.68 0.577643
5107.12 0.762875
5107.56 1.06794
5108.00 1.54002
5108.44 2.24801
5108.88 3.29457
5109.32 4.83248
5109.77 7.11505
5110.21 10.5405
5110.65 15.7862
5111.09 24.0236
5111.53 37.4945
5111.97 60.4650
5112.41 101.491
5112.85 176.594
5113.83 472.646
5114.08 481.435
5114.33 439.112
5114.82 307.717
5115.25 218.339
5115.67 160.383
5116.10 122.956
5116.53 97.9458
5117.39 67.9282
5118.24 51.3035
5119.10 41.0231
5119.96 34.1582
5121.67 25.6584
5123.38 20.6385
5125.09 17.3125
5128.52 13.0868
5131.95 10.3727
5135.37 8.33684
5142.22 5.09969
5149.08 2.28326
5152.50 1.07764
5154.21 0.620453
5155.07 0.458701
5155.93 0.361476
5156.78 0.349706
5157.64 0.451875
5158.50 0.706932
5159.35 1.16731
5160.21 1.90777
5161.07 3.03004
5161.92 4.68451
5162.78 7.08118
5163.64 10.5417
5164.49 15.5324
5165.35 22.7937
5166.21 33.4451
5167.06 49.3168
5167.92 73.2422
5168.77 109.697
5169.63 164.994
5171.15 324.869
5172.67 485.735
5173.43 496.396
5174.19 457.297
5175.71 334.287
5177.23 238.489
5178.75 177.982
5180.27 139.605
5181.79 114.189
5183.31 96.5132
5184.83 83.7114
5187.87 66.6606
5190.92 55.9972
5193.96 48.7810
5200.04 39.7304
5206.12 34.3311
5212.20 30.7616
5218.28 28.2313
5224.37 26.3451
5236.53 23.7200
5248.69 21.9773
5260.86 20.7333
5273.02 19.7984
5297.35 18.4805
5321.68 17.5889
5346.00 16.9388
5370.33 16.4373
5399.85 15.9538
5429.37 15.5491
5444.13 15.3552
5458.88 15.1405
5466.26 15.0036
5469.95 14.9159
5473.64 14.8024
5475.49 14.7289
5477.33 14.6371
5479.18 14.5163
5481.02 14.3457
5481.95 14.2290
5482.87 14.0785
5483.79 13.8752
5484.71 13.5841
5485.17 13.3843
5485.64 13.1284
5486.10 12.7883
5486.56 12.3150
5487.02 11.6170
5487.25 11.1331
5487.48 10.5255
5487.71 9.78305
5487.83 9.40554
5487.94 9.13691
5488.06 9.31548
5488.11 9.87899
5488.17 11.1614
5488.23 14.0184
5488.26 16.5629
5488.29 20.2434
5488.32 26.0492
5488.34 35.1091
5488.37 49.4471
5488.40 71.2290
5488.43 98.1358
5488.45 131.374
5488.50 193.318
5488.52 198.012
5488.54 183.715
5488.59 136.967
5488.63 105.349
5488.67 83.2685
5488.71 68.4433
5488.75 58.4263
5488.83 45.7244
5488.91 38.3694
5488.98 33.6849
5489.06 30.4834
5489.22 26.4440
5489.38 24.0191
5489.54 22.4327
5489.70 21.3133
5489.85 20.4835
5490.17 19.3360
5490.49 18.5865
5490.80 18.0579
5491.12 17.6654
5491.75 17.1207
5492.38 16.7614
5493.02 16.5056
5493.65 16.3142
5494.91 16.0451
5496.18 15.8640
5497.44 15.7325
5498.71 15.6318
5501.24 15.4857
5503.77 15.3823
5508.83 15.2394
5513.89 15.1393
5518.95 15.0607
5529.07 14.9366
5549.31 14.7466
5569.55 14.5884
5610.03 14.3013
5620.15 14.2271
5630.27 14.1441
5635.33 14.0936
5640.39 14.0255
5642.92 13.9742
5645.45 13.8897
5646.72 13.8157
5647.98 13.6823
5648.61 13.5611
5649.25 13.3469
5649.56 13.1636
5649.88 12.8791
5650.04 12.6877
5650.20 12.5252
5650.27 12.5798
5650.35 13.0811
5650.39 13.8541
5650.43 15.5218
5650.47 19.5453
5650.49 23.4487
5650.51 29.3795
5650.54 45.4901
5650.58 62.2230
5650.61 59.5465
5650.64 46.9076
5650.68 35.9103
5650.71 29.3298
5650.75 25.4180
5650.79 22.9399
5650.86 20.0896
5650.93 18.5513
5651.08 16.9811
5651.23 16.2033
5651.53 15.4451
5651.82 15.0783
5652.41 14.7198
5653.00 14.5435
5654.19 14.3670
5655.37 14.2764
5657.73 14.1788
5660.10 14.1223
5664.82 14.0498
5669.55 13.9968
5679.01 13.9086
5688.46 13.8265
5707.38 13.6545
5726.29 13.4474
5745.20 13.1598
5754.66 12.9548
5764.11 12.6688
5768.84 12.4746
5773.57 12.2247
5778.30 11.8876
5783.02 11.4032
5785.39 11.0700
5787.75 10.6402
5790.12 10.0638
5792.48 9.24993
5793.66 8.70362
5794.84 8.01819
5796.03 7.13709
5797.21 5.97648
5797.80 5.25802
5798.39 4.43308
5798.98 3.51314
5799.57 2.58911
5799.87 2.22083
5800.16 2.05489
5800.46 2.34291
5800.61 2.81297
5800.75 3.64593
5800.90 5.05064
5801.05 7.34547
5801.20 11.0721
5801.35 17.1202
5801.49 27.2580
5801.64 44.6068
5801.79 75.1004
5801.94 128.671
5802.13 251.261
5802.32 376.609
5802.42 386.359
5802.51 356.683
5802.70 261.252
5802.90 185.973
5803.09 138.690
5803.28 108.918
5803.47 89.3793
5803.67 75.7795
5803.86 65.9626
5804.24 52.9812
5804.63 44.8836
5805.02 39.4433
5805.79 32.6572
5806.56 28.6346
5807.33 25.9954
5808.10 24.1381
5808.87 22.7647
5810.41 20.8687
5811.95 19.6265
5813.49 18.7495
5815.03 18.0980
5818.12 17.1935
5821.20 16.5944
5824.28 16.1672
5827.37 15.8463
5833.53 15.3935
5839.70 15.0865
5845.86 14.8618
5852.03 14.6883
5864.36 14.4324
5876.69 14.2467
5901.35 13.9782
5926.01 13.7741
5950.68 13.5962
6000.00 13.2458
6036.12 12.9300
6054.19 12.7204
6072.25 12.4392
6081.28 12.2526
6090.31 12.0154
6099.34 11.6988
6108.37 11.2470
6112.89 10.9369
6117.40 10.5370
6121.92 9.99944
6126.43 9.23627
6128.69 8.72006
6130.95 8.06697
6133.20 7.21664
6135.46 6.07304
6136.59 5.34643
6137.72 4.48740
6138.85 3.48068
6139.98 2.35782
6141.11 1.35925
6141.67 1.20328
6141.95 1.35784
6142.23 1.79335
6142.52 2.68460
6142.80 4.31386
6142.94 5.55055
6143.08 7.18643
6143.22 9.35008
6143.36 12.2185
6143.50 16.0385
6143.65 21.1581
6143.79 28.0738
6143.93 37.4990
6144.07 50.4620
6144.21 68.4298
6144.35 93.4250
6144.49 127.992
6144.81 251.326
6145.13 378.894
6145.29 389.664
6145.45 360.505
6145.77 264.516
6145.98 210.955
6146.19 171.124
6146.61 120.393
6147.03 91.6043
6147.45 73.9589
6147.87 62.2788
6148.29 54.1299
6149.13 43.6283
6149.97 37.2572
6150.82 33.0252
6152.50 27.8052
6154.18 24.7326
6155.86 22.7199
6157.54 21.3031
6159.22 20.2535
6162.59 18.8020
6165.95 17.8470
6169.31 17.1701
6172.68 16.6650
6179.40 15.9592
6186.13 15.4872
6192.86 15.1472
6199.58 14.8890
6213.04 14.5181
6226.49 14.2596
6253.40 13.9084
6280.31 13.6650
6307.21 13.4703
6320.67 13.3804
6334.12 13.2871
6340.85 13.2335
6347.57 13.1638
6350.94 13.1126
6354.30 13.0291
6355.98 12.9560
6357.66 12.8233
6358.50 12.7010
6359.35 12.4787
6359.77 12.2808
6360.19 11.9508
6360.40 11.6972
6360.61 11.3807
6360.71 11.2662
6360.82 11.4516
6360.87 11.9778
6360.92 13.4062
6360.97 17.6224
6361.00 22.3094
6361.03 30.9594
6361.06 50.2770
6361.09 70.0403
6361.13 67.3179
6361.16 52.3296
6361.19 41.0255
6361.22 33.6287
6361.26 28.8815
6361.29 25.7113
6361.35 21.8891
6361.41 19.7694
6361.54 17.5051
6361.67 16.3715
6361.92 15.2506
6362.18 14.7070
6362.69 14.1759
6363.20 13.9173
6364.22 13.6618
6365.23 13.5341
6367.27 13.4030
6369.31 13.3331
6373.38 13.2537
6377.46 13.2042
6385.61 13.1352
6393.75 13.0813
6426.35 12.9034
6491.53 12.5651
6556.72 12.1585
6573.02 12.0304
6589.31 11.8791
6597.46 11.7867
6605.61 11.6680
6609.68 11.5851
6611.72 11.5303
6613.76 11.4584
6615.79 11.3535
6616.81 11.2770
6617.83 11.1698
6618.85 11.0041
6619.87 10.7058
6620.38 10.4405
6620.89 9.99493
6621.14 9.64639
6621.39 9.19748
6621.52 9.01171
6621.65 9.20458
6621.71 9.87664
6621.78 11.8163
6621.81 13.9786
6621.84 17.8774
6621.87 25.1615
6621.90 38.7678
6621.92 51.2687
6621.94 66.9538
6621.98 96.5647
6622.00 98.7592
6622.01 91.8045
6622.05 69.5026
6622.09 50.8503
6622.13 39.4594
6622.17 32.5200
6622.21 28.1429
6622.29 22.8869
6622.37 20.0518
6622.53 17.1123
6622.69 15.6502
6623.00 14.2232
6623.32 13.5333
6623.64 13.1266
6623.96 12.8601
6624.59 12.5299
6625.23 12.3322
6625.86 12.1999
6627.13 12.0308
6628.40 11.9245
6629.67 11.8490
6632.21 11.7436
6634.76 11.6679
6637.30 11.6064
6642.38 11.5035
6662.71 11.1425
6683.03 10.7222
6703.36 10.1490
6713.52 9.76412
6723.69 9.27433
6733.85 8.62565
6744.01 7.72131
6749.10 7.12015
6754.18 6.37186
6759.26 5.41941
6764.34 4.18241
6766.88 3.42810
6769.42 2.57610
6771.96 1.65166
6774.51 0.777675
6775.78 0.476481
6776.41 0.407350
6777.05 0.426636
6777.68 0.574662
6778.32 0.909486
6778.95 1.51812
6779.59 2.53222
6780.22 4.15882
6780.86 6.71698
6781.49 10.7372
6782.13 17.1079
6782.76 27.3667
6783.40 44.2367
6784.03 72.5374
6784.67 120.182
6785.58 238.177
6786.49 362.790
6786.95 374.785
6787.40 348.026
6788.31 256.268
6788.91 205.077
6789.50 166.611
6790.69 117.398
6791.88 89.4140
6793.07 72.1699
6794.26 60.7601
6795.45 52.7683
6797.83 42.4660
6800.21 36.2041
6802.59 32.0385
6807.35 26.8893
6812.11 23.8526
6816.87 21.8588
6821.63 20.4517
6826.39 19.4061
6835.91 17.9543
6845.43 16.9919
6854.95 16.3039
6864.47 15.7850
6883.51 15.0466
6902.54 14.5367
6921.58 14.1540
6940.62 13.8479
6978.70 13.3611
7016.78 12.9407
7035.82 12.7211
7054.85 12.4592
7064.37 12.2871
7069.13 12.1782
7073.89 12.0408
7078.65 11.8493
7081.03 11.7149
7083.41 11.5311
7084.60 11.4085
7085.79 11.2526
7086.98 11.0454
7088.17 10.7522
7088.77 10.5530
7089.36 10.2985
7089.96 9.96086
7090.55 9.49077
7091.15 8.79370
7091.45 8.30567
7091.74 7.68259
7092.04 6.89444
7092.19 6.46343
7092.34 6.09989
7092.49 6.08464
7092.56 6.47085
7092.63 7.50040
7092.71 9.96131
7092.78 15.6418
7092.82 21.0167
7092.86 29.5672
7092.89 43.3908
7092.93 65.9095
7092.96 91.7187
7092.99 125.388
7093.05 187.147
7093.08 192.997
7093.10 179.884
7093.16 133.691
7093.21 100.968
7093.26 78.9947
7093.31 64.0990
7093.36 54.1026
7093.46 41.6214
7093.56 34.5279
7093.66 29.9847
7093.76 26.9191
7093.97 23.0357
7094.17 20.7092
7094.37 19.1845
7094.57 18.1079
7094.77 17.3090
7095.17 16.2027
7095.58 15.4773
7095.98 14.9626
7096.38 14.5797
7097.19 14.0445
7097.99 13.6863
7098.80 13.4276
7099.60 13.2302
7101.21 12.9438
7102.82 12.7398
7106.04 12.4503
7109.26 12.2318
7112.48 12.0396
7118.92 11.6503
7122.14 11.4217
7125.36 11.1446
7128.58 10.7865
7131.80 10.2880
7133.41 9.95144
7135.02 9.52239
7136.63 8.95400
7138.24 8.16361
7139.04 7.63984
7139.85 6.99088
7140.65 6.17106
7141.46 5.12011
7142.26 3.79259
7142.66 3.06220
7143.07 2.43493
7143.47 2.37302
7143.67 2.98413
7143.87 4.64692
7143.97 6.21237
7144.07 8.56803
7144.17 12.1909
7144.27 17.6998
7144.37 26.3715
7144.47 39.9798
7144.58 62.0981
7144.68 97.3242
7144.76 138.942
7144.83 192.320
7144.99 293.667
7145.07 303.850
7145.15 282.776
7145.31 209.248
7145.41 169.822
7145.51 139.968
7145.71 100.648
7145.90 77.7524
7146.10 63.4848
7146.30 53.8908
7146.49 47.1254
7146.89 38.3658
7147.28 32.9956
7147.67 29.4198
7148.46 24.9802
7149.25 22.3581
7150.03 20.6357
7150.82 19.4207
7151.61 18.5185
7153.18 17.2692
7154.76 16.4447
7156.33 15.8589
7157.90 15.4207
7161.05 14.8055
7164.20 14.3917
7167.35 14.0917
7170.49 13.8623
7176.79 13.5294
7183.08 13.2938
7195.67 12.9668
7208.27 12.7331
7220.86 12.5421
7233.45 12.3701
7239.74 12.2901
7242.89 12.2686
7244.46 12.3343
7244.86 12.4173
7245.25 12.6510
7245.45 12.9599
7245.64 13.7401
7245.74 14.6833
7245.84 16.7807
7245.89 18.9442
7245.94 22.9640
7245.99 31.4013
7246.01 39.3583
7246.04 51.2397
7246.07 74.7124
7246.10 90.5959
7246.14 74.9625
7246.17 51.5459
7246.20 38.1181
7246.23 29.9862
7246.25 24.8151
7246.28 21.6236
7246.34 17.9257
7246.40 16.0208
7246.51 14.2355
7246.62 13.4627
7246.85 12.8149
7247.08 12.5592
7247.53 12.3566
7247.99 12.2768
7249.81 12.1749
7253.44 12.1001
7260.72 11.9777
7267.99 11.8403
7275.26 11.6673
7282.53 11.4206
7286.17 11.2424
7289.81 10.9924
7291.63 10.8221
7293.44 10.6032
7295.26 10.3085
7297.08 9.88715
7297.99 9.59887
7298.90 9.23000
7299.81 8.74045
7300.72 8.06064
7301.17 7.61211
7301.63 7.06128
7302.08 6.37163
7302.54 5.50702
7302.99 4.45937
7303.22 3.93021
7303.44 3.56011
7303.67 3.82085
7303.79 4.60511
7303.90 6.38496
7304.01 10.2643
7304.07 13.6730
7304.13 18.6519
7304.18 26.2947
7304.24 38.0375
7304.30 56.2966
7304.35 84.0816
7304.40 119.185
7304.45 163.875
7304.55 249.053
7304.60 257.601
7304.64 239.845
7304.74 177.781
7304.83 130.592
7304.92 99.7673
7305.02 79.5760
7305.11 66.1534
7305.29 49.7660
7305.47 40.5165
7305.66 34.7102
7305.84 30.7764
7306.20 25.8566
7306.57 22.9219
7306.94 20.9915
7307.30 19.6307
7307.67 18.6244
7308.40 17.2312
7309.13 16.3178
7309.86 15.6725
7310.59 15.1923
7312.05 14.5245
7313.52 14.0814
7314.98 13.7649
7316.44 13.5267
7319.37 13.1894
7322.29 12.9596
7325.22 12.7906
7328.14 12.6594
7334.00 12.4646
7339.85 12.3231
7345.70 12.2185
7348.62 12.2070
7349.35 12.2349
7350.09 12.3347
7350.45 12.4798
7350.82 12.8766
7351.00 13.3895
7351.18 14.6631
7351.27 16.1566
7351.37 19.3533
7351.41 22.5580
7351.46 28.0985
7351.50 39.1117
7351.53 48.5459
7351.55 61.8666
7351.58 91.6211
7351.62 111.959
7351.66 91.9549
7351.69 62.2733
7351.73 43.1481
7351.76 32.4882
7351.80 26.1366
7351.83 22.3537
7351.90 18.1617
7351.97 16.1033
7352.11 14.2050
7352.26 13.3953
7352.54 12.7315
7352.82 12.4718
7353.39 12.2666
7353.95 12.1851
7356.21 12.0780
7360.72 11.9979
7369.76 11.8853
7378.79 11.7879
7387.82 11.6980
7405.88 11.5306
7414.92 11.4529
7419.43 11.4276
7421.69 11.4701
7422.25 11.5299
7422.82 11.7039
7423.10 11.9406
7423.38 12.5613
7423.52 13.3335
7423.67 15.1638
7423.74 17.2012
7423.81 21.2520
7423.84 25.0885
7423.88 31.1891
7423.91 41.6803
7423.95 60.5649
7423.98 90.0164
7424.02 110.164
7424.06 90.3753
7424.09 61.0063
7424.13 40.9283
7424.17 30.0420
7424.21 24.0056
7424.25 20.4158
7424.32 16.6141
7424.40 14.7746
7424.56 13.1315
7424.71 12.4466
7425.02 11.8898
7425.34 11.6729
7425.96 11.5033
7426.58 11.4367
7429.07 11.3516
7434.04 11.2901
7444.00 11.1972
7463.90 11.0174
7483.81 10.8329
7493.77 10.7453
7498.74 10.7403
7499.99 10.7765
7501.23 10.9041
7501.85 11.0909
7502.47 11.6119
7502.79 12.2964
7503.10 14.0373
7503.25 16.1299
7503.33 17.9604
7503.41 20.7984
7503.49 25.6571
7503.56 34.7310
7503.60 42.4067
7503.64 53.9126
7503.68 71.6622
7503.72 98.3436
7503.77 151.352
7503.82 187.115
7503.87 152.142
7503.93 99.3513
7503.98 64.3579
7504.03 45.2041
7504.09 34.1809
7504.14 27.6641
7504.20 23.4125
7504.25 20.5997
7504.36 17.1442
7504.47 15.2141
7504.58 14.0310
7504.80 12.7174
7505.23 11.6502
7505.67 11.2337
7506.54 10.9064
7507.41 10.7781
7509.15 10.6695
7510.90 10.6174
7517.87 10.5077
7531.81 10.3426
7545.75 10.1755
7559.69 9.99727
7587.58 9.59181
7615.46 9.08727
7643.34 8.40678
7657.29 7.94850
7671.23 7.34863
7685.17 6.49500
7692.14 5.89895
7699.11 5.10659
7702.60 4.60005
7706.08 3.98929
7709.57 3.24121
7713.05 2.32115
7716.54 1.23922
7718.28 0.715113
7719.15 0.509912
7720.02 0.395692
7720.90 0.452691
7721.33 0.587756
7721.77 0.829121
7722.20 1.21853
7722.64 1.81192
7723.07 2.69592
7723.51 3.98998
7723.94 5.88684
7724.38 8.67286
7724.82 12.8054
7725.25 19.0102
7725.69 28.5517
7726.12 43.4741
7726.56 67.3762
7726.99 105.662
7728.33 313.490
7728.66 325.615
7729.00 302.883
7729.67 220.784
7730.15 170.300
7730.64 134.038
7731.12 108.494
7731.61 90.2324
7732.58 66.7474
7733.55 52.8450
7734.52 43.8742
7735.49 37.7104
7737.43 29.8969
7739.37 25.2123
7741.31 22.1176
7745.19 18.2985
7749.07 16.0279
7752.95 14.5105
7760.72 12.5640
7768.48 11.3084
7776.24 10.3701
7791.77 8.87681
7807.29 7.44361
7815.06 6.61627
7822.82 5.61562
7830.58 4.30569
7834.47 3.46571
7838.35 2.45662
7842.23 1.28952
7844.17 0.725137
7845.14 0.500638
7846.11 0.367796
7847.08 0.406818
7847.57 0.532881
7848.05 0.765691
7848.54 1.14565
7849.02 1.73025
7849.51 2.60274
7849.99 3.88580
7850.48 5.76882
7850.96 8.52921
7851.45 12.6199
7851.93 18.7695
7852.42 28.1883
7852.90 42.9197
7853.39 66.3934
7853.87 103.961
7855.37 309.646
7855.75 321.907
7856.12 299.620
7856.87 218.488
7857.67 150.548
7858.46 109.099
7859.25 83.7331
7860.05 67.3930
7860.84 56.2530
7861.63 48.3058
7863.22 37.9000
7864.81 31.4848
7866.40 27.1835
7869.57 21.8102
7872.75 18.5909
7875.92 16.4306
7882.27 13.6512
7888.62 11.8508
7894.97 10.4997
7907.67 8.33468
7920.37 6.25435
7926.72 5.07606
7933.07 3.71143
7939.42 2.10784
7942.59 1.25340
7945.77 0.508981
7947.35 0.294744
7948.15 0.272809
7948.94 0.339693
7949.74 0.532552
7950.53 0.904814
7951.32 1.53492
7952.12 2.53858
7952.91 4.09719
7953.70 6.48966
7954.50 10.1651
7955.29 15.8553
7956.09 24.8271
7956.88 39.2157
7957.67 62.7752
7958.47 101.386
7959.66 200.833
7960.85 309.619
7961.44 322.261
7962.04 300.656
7963.23 221.253
7963.98 177.753
7964.73 144.661
7966.22 101.805
7967.72 77.1420
7969.22 61.8540
7970.72 51.6855
7972.22 44.5415
7975.22 35.2846
7978.22 29.6161
7981.22 25.8351
7982.72 24.4141
7983.47 23.8134
7984.22 23.3080
7984.97 22.9648
7985.72 23.0628
7986.09 23.6492
7986.28 24.3307
7986.47 25.5971
7986.65 28.2044
7986.75 30.6026
7986.84 34.4858
7986.93 41.4779
7987.03 55.3489
7987.07 68.0970
7987.12 88.7077
7987.17 123.826
7987.21 184.022
7987.26 283.251
7987.31 348.956
7987.36 284.624
7987.41 185.689
7987.45 137.959
7987.48 106.321
7987.52 84.5563
7987.55 70.1059
7987.62 52.2518
7987.69 42.4149
7987.76 36.4829
7987.83 32.6458
7987.96 28.1743
7988.10 25.7215
7988.24 24.2375
7988.51 22.5538
7988.79 21.6332
7989.06 21.0472
7989.61 20.3028
7990.71 19.4147
7991.82 18.7851
7992.92 18.2572
7994.02 17.7874
7996.22 16.9611
8000.62 15.6006
8005.03 14.4962
8013.83 12.7498
8022.64 11.3627
8040.25 9.07289
8057.87 6.95921
8075.48 4.70533
8084.29 3.46750
8093.10 2.16556
8101.90 0.909778
8106.31 0.407513
8108.51 0.231402
8110.71 0.136344
8112.91 0.157926
8114.01 0.227725
8115.11 0.347557
8116.21 0.527571
8117.32 0.780109
8118.42 1.12024
8119.52 1.56600
8121.72 2.87294
8123.92 4.95619
8126.12 8.22021
8128.32 13.3070
8130.64 21.8145
8132.96 35.5986
8135.28 58.1707
8137.60 94.9535
8141.31 196.555
8145.02 307.170
8146.87 320.147
8148.73 300.075
8152.43 225.468
8155.24 176.888
8158.05 141.671
8160.86 116.666
8163.66 98.6457
8169.28 75.1867
8174.90 61.0307
8180.52 51.7460
8186.13 45.2530
8197.37 36.8343
8208.60 31.6267
8219.83 28.0682
8231.07 25.4520
8233.88 24.8992
8236.69 24.3825
8239.49 23.9286
8240.20 23.8538
8240.90 23.8646
8241.25 23.9831
8241.60 24.4050
8241.78 24.9999
8241.95 26.5263
8242.04 28.3556
8242.13 32.4142
8242.17 36.5411
8242.21 44.0660
8242.24 50.2761
8242.26 59.3665
8242.28 72.9791
8242.30 92.8957
8242.33 134.534
8242.37 163.299
8242.40 135.206
8242.43 93.7252
8242.45 75.3100
8242.47 62.7203
8242.51 47.2011
8242.55 39.0618
8242.58 34.4906
8242.66 29.6957
8242.74 27.4239
8242.89 25.4155
8243.05 24.5713
8243.35 23.8661
8243.66 23.5644
8244.28 23.2726
8244.89 23.1032
8247.36 22.6488
8252.29 21.9088
8257.22 21.2295
8262.15 20.5865
8281.88 18.1416
8291.74 16.7815
8296.67 15.9607
8301.60 14.9406
8306.53 13.5319
8309.00 12.5541
8311.46 11.2476
8312.70 10.4037
8313.93 9.37380
8315.16 8.08916
8316.39 6.45827
8317.63 4.39362
8318.24 3.23082
8318.86 2.14679
8319.17 1.76565
8319.48 1.66562
8319.78 2.12617
8319.94 2.72477
8320.09 3.71159
8320.25 5.25689
8320.40 7.61448
8320.55 11.1684
8320.71 16.5080
8320.86 24.5458
8321.02 36.6928
8321.17 55.0750
8321.32 82.6334
8321.48 122.507
8321.63 174.872
8321.94 275.878
8322.09 288.275
8322.25 271.471
8322.55 207.405
8322.81 161.553
8323.07 129.308
8323.32 106.941
8323.58 91.0849
8324.09 70.7350
8324.60 58.6402
8325.12 50.7507
8325.63 45.2724
8326.65 38.2062
8327.68 33.8816
8328.70 30.9724
8329.73 28.8822
8330.75 27.3076
8332.80 25.0807
8334.85 23.5720
8336.90 22.4716
8338.95 21.6255
8343.05 20.3874
8347.15 19.5017
8355.35 18.2566
8363.55 17.3621
8371.75 16.6420
8388.14 15.4560
8420.94 13.4119
8437.34 12.3678
8445.54 11.8117
8449.64 11.5294
8451.69 11.4219
8452.71 11.5147
8452.97 11.6614
8453.22 12.0766
8453.35 12.6066
8453.48 13.8746
8453.54 15.2759
8453.61 18.1001
8453.67 24.8874
8453.70 32.0962
8453.74 44.8386
8453.77 65.1361
8453.80 78.8577
8453.83 65.4648
8453.87 45.2459
8453.89 35.3661
8453.91 28.5586
8453.96 21.0570
8454.01 17.4357
8454.06 15.4993
8454.15 13.5527
8454.25 12.6781
8454.44 11.9209
8454.63 11.6085
8455.39 11.2246
8456.92 11.0133
8459.97 10.7462
8466.07 10.2332
8478.27 9.09605
8490.48 7.73334
8502.68 6.04001
8514.88 3.88320
8520.98 2.61141
8527.08 1.29003
8530.14 0.697033
8531.66 0.454284
8533.19 0.274767
8534.71 0.190332
8536.24 0.248163
8537.00 0.351166
8537.76 0.518221
8538.53 0.764246
8539.29 1.10653
8540.05 1.56839
8540.81 2.17757
8542.34 3.98795
8543.86 6.95706
8545.39 11.7708
8546.92 19.6061
8548.44 32.4677
8549.97 53.8041
8551.49 89.0765
8552.68 130.491
8553.87 184.991
8556.25 290.575
8557.44 303.638
8558.63 285.161
8561.00 214.596
8563.59 152.228
8566.17 113.416
8568.76 89.2002
8571.35 73.2922
8573.93 62.2552
8576.52 54.2362
8581.69 43.4311
8586.87 36.4741
8592.04 31.5476
8602.39 24.6732
8612.73 19.3692
8617.91 16.7441
8623.08 13.8332
8628.25 10.2980
8630.84 8.14515
8633.43 5.65645
8636.01 2.90403
8637.31 1.61751
8637.95 1.10363
8638.60 0.773754
8639.25 0.759283
8639.57 0.935359
8639.89 1.28321
8640.22 1.85823
8640.54 2.72715
8640.86 3.98491
8641.19 5.75722
8641.51 8.22298
8641.83 11.5989
8642.16 16.2072
8642.48 22.4789
8642.80 31.0290
8643.13 42.5854
8643.77 78.9538
8644.24 120.648
8644.71 176.203
8645.65 282.315
8646.12 295.523
8646.58 279.270
8647.52 216.470
8648.12 180.265
8648.73 152.048
8649.93 114.116
8651.14 91.2468
8652.34 76.5002
8653.54 66.3471
8654.75 58.9927
8657.16 49.0672
8659.57 42.6450
8661.98 38.0739
8666.79 31.6869
8671.61 26.8073
8674.02 24.4148
8676.43 21.7507
8678.84 18.4113
8680.04 16.2583
8681.25 13.5634
8682.45 10.0564
8683.05 7.91916
8683.65 5.56574
8684.26 3.34026
8684.56 2.65132
8684.86 2.81665
8685.01 3.52376
8685.16 4.92738
8685.31 7.41125
8685.46 11.5027
8685.61 18.1368
8685.76 28.5769
8685.91 45.0108
8686.06 70.0129
8686.22 109.541
8686.38 162.934
8686.54 221.427
8686.70 264.898
8687.02 264.470
8687.34 209.542
8687.61 169.029
8687.88 139.749
8688.14 118.848
8688.41 103.755
8688.95 83.8493
8689.48 71.6225
8690.02 63.4627
8690.55 57.6660
8691.62 50.0126
8692.69 45.1794
8693.76 41.8409
8695.90 37.4909
8698.04 34.7318
8700.18 32.7901
8704.46 30.1621
8708.73 28.3986
8713.01 27.0880
8721.57 25.1859
8730.13 23.7982
8738.68 22.6865
8755.80 20.8775
8772.91 19.2430
8781.47 18.3632
8790.03 17.3324
8798.59 15.9679
8802.86 15.0374
8807.14 13.7948
8809.28 12.9858
8811.42 11.9863
8813.56 10.7114
8815.70 9.02545
8817.84 6.71396
8818.91 5.24412
8819.98 3.56937
8821.05 1.90574
8821.58 1.35551
8821.85 1.28431
8822.12 1.45830
8822.39 2.02229
8822.65 3.19981
8822.92 5.37435
8823.05 7.01663
8823.19 9.15387
8823.46 15.6398
8823.72 26.6343
8823.99 45.3186
8824.26 76.6979
8824.47 115.468
8824.69 167.099
8825.12 266.722
8825.34 279.599
8825.55 264.213
8825.98 203.970
8826.41 154.115
8826.83 120.910
8827.25 99.0113
8827.68 84.0410
8828.10 73.3750
8828.53 65.4852
8829.37 54.7399
8830.22 47.8334
8831.07 43.0648
8832.76 36.9536
8834.46 33.2169
8836.16 30.7010
8837.85 28.8881
8839.55 27.5162
8842.94 25.5657
8846.33 24.2318
8853.11 22.4841
8859.89 21.3451
8866.67 20.5083
8870.06 20.1607
8873.45 19.8539
8875.15 19.7234
8876.84 19.6384
8877.69 19.6535
8878.54 19.8282
8878.96 20.1276
8879.39 20.9941
8879.60 22.1365
8879.71 23.2048
8879.81 25.0047
8879.92 28.3666
8879.97 31.2469
8880.02 35.6882
8880.08 42.9928
8880.13 56.0309
8880.18 81.6875
8880.21 103.290
8880.23 135.108
8880.28 204.844
8880.32 252.449
8880.36 206.023
8880.40 136.565
8880.42 105.691
8880.45 83.6610
8880.50 58.1032
8880.55 44.5885
8880.60 37.0592
8880.66 32.3350
8880.71 29.3016
8880.81 25.7003
8880.91 23.7161
8881.01 22.5287
8881.22 21.2158
8881.63 20.1497
8882.04 19.7210
8882.86 19.3545
8883.68 19.1790
8885.32 18.9716
8886.96 18.8209
8890.24 18.5662
8893.52 18.3341
8900.08 17.8964
8906.65 17.4736
8919.77 16.6243
8932.89 15.7039
8946.02 14.6170
8959.14 13.2058
8965.70 12.2896
8972.27 11.1456
8975.55 10.4544
8978.83 9.65866
8980.47 9.21568
8982.11 8.74630
8983.75 8.31350
8984.16 8.27381
8984.57 8.40712
8984.77 8.69893
8984.98 9.56369
8985.08 10.6754
8985.18 13.2516
8985.24 16.0706
8985.29 21.4258
8985.31 26.2110
8985.34 33.3180
8985.36 45.1935
8985.39 64.2663
8985.42 98.1681
8985.45 121.610
8985.48 98.7827
8985.51 65.0158
8985.53 48.9419
8985.55 37.8301
8985.60 25.1826
8985.64 18.8708
8985.68 15.3655
8985.76 11.8590
8985.85 10.2338
8986.02 8.80082
8986.18 8.18278
8986.52 7.61126
8986.85 7.30972
8988.19 6.57569
8989.53 5.93920
8990.88 5.27923
8993.56 3.83330
8996.24 2.24858
8998.92 0.810960
8999.59 0.582046
9000.26 0.473671
9000.93 0.550428
9001.60 0.910580
9002.27 1.70769
9002.61 2.33925
9002.94 3.17898
9003.61 5.71456
9004.28 9.93859
9004.96 16.9221
9005.63 28.4284
9006.30 47.4324
9006.97 78.4905
9007.53 117.884
9008.09 170.241
9009.22 271.767
9009.79 284.968
9010.35 269.186
9011.48 206.926
9012.43 161.586
9013.38 129.500
9014.33 107.229
9015.28 91.4419
9017.19 71.1551
9019.09 59.0433
9021.00 51.1287
9022.90 45.6062
9026.71 38.4515
9030.51 34.0357
9034.32 31.0345
9041.93 27.1782
9049.55 24.7416
9057.16 22.9890
9060.97 22.2602
9064.77 21.5960
9068.58 20.9909
9070.48 20.7703
9070.96 20.7784
9071.44 20.9313
9071.67 21.1930
9071.91 21.9221
9072.03 22.8319
9072.15 24.9352
9072.21 27.1909
9072.27 31.4336
9072.33 40.6814
9072.36 49.7057
9072.39 63.7133
9072.42 89.8661
9072.46 107.619
9072.50 90.3106
9072.53 64.2571
9072.56 51.3791
9072.59 42.6110
9072.64 32.9678
9072.70 28.3191
9072.75 25.8296
9072.86 23.3319
9072.96 22.2051
9073.18 21.2223
9073.39 20.8081
9073.82 20.4408
9074.25 20.2603
9075.97 19.8781
9079.40 19.3199
9082.83 18.7794
9086.26 18.2232
9093.13 16.9974
9099.99 15.4829
9106.86 13.3870
9110.29 11.9412
9113.72 10.0442
9117.16 7.44488
9118.87 5.78047
9120.59 3.85260
9122.30 1.84829
9123.16 1.07770
9123.59 0.879348
9124.02 0.913457
9124.45 1.32009
9124.88 2.32411
9125.09 3.15948
9125.31 4.29376
9125.52 5.82327
9125.74 7.84495
9126.17 14.0279
9126.59 24.6530
9127.02 42.7995
9127.45 73.2969
9127.81 112.079
9128.16 163.975
9128.88 264.205
9129.23 277.420
9129.59 262.867
9130.30 204.705
9131.08 151.827
9131.85 117.972
9132.63 96.3265
9133.41 81.8488
9134.18 71.6580
9134.96 64.1881
9136.51 54.0931
9138.07 47.6571
9139.62 43.2642
9140.40 41.5985
9141.17 40.3037
9141.56 39.9095
9141.95 40.0394
9142.14 40.7183
9142.34 42.8607
9142.44 45.5540
9142.53 51.5576
9142.58 57.6701
9142.63 68.3589
9142.68 89.8013
9142.70 107.872
9142.73 135.102
9142.76 193.533
9142.80 234.065
9142.84 194.527
9142.88 136.261
9142.92 95.3088
9142.96 74.0001
9143.00 61.9081
9143.04 54.8857
9143.13 47.2973
9143.21 43.6073
9143.37 40.1606
9143.54 38.5960
9143.87 37.0963
9144.20 36.2915
9144.86 35.2536
9145.52 34.4817
9146.84 33.2402
9148.16 32.2232
9150.81 30.6009
9153.45 29.3485
9158.74 27.5246
9164.02 26.2496
9169.31 25.3001
9174.59 24.5604
9185.16 23.4703
9195.74 22.6931
9206.31 22.1018
9211.59 21.8542
9216.88 21.6322
9222.16 21.4413
9224.81 21.4075
9225.47 21.4512
9226.13 21.6195
9226.46 21.8705
9226.79 22.5636
9226.95 23.4589
9227.12 25.6705
9227.20 28.2417
9227.28 33.6577
9227.33 39.0815
9227.37 48.3185
9227.41 65.7394
9227.45 100.738
9227.48 149.526
9227.52 181.457
9227.55 150.511
9227.59 101.992
9227.62 73.3169
9227.65 56.4103
9227.68 46.1861
9227.71 39.7112
9227.77 32.3521
9227.84 28.6647
9227.96 25.1983
9228.09 23.6957
9228.34 22.4499
9228.59 21.9533
9229.09 21.5564
9229.59 21.3959
9231.59 21.1798
9235.59 21.0129
9243.59 20.7758
9251.59 20.5819
9255.59 20.5442
9256.59 20.5830
9257.59 20.7369
9258.09 20.9666
9258.59 21.6026
9258.84 22.4241
9259.09 24.4530
9259.21 26.7917
9259.34 31.7776
9259.40 36.6848
9259.46 45.0718
9259.52 60.8262
9259.58 92.0800
9259.64 135.987
9259.69 164.875
9259.74 135.940
9259.79 93.1320
9259.85 63.2196
9259.91 47.5875
9259.97 38.8759
9260.02 33.6716
9260.14 28.1002
9260.25 25.4197
9260.48 23.0016
9260.71 21.9862
9261.17 21.1538
9261.62 20.8250
9262.54 20.5587
9263.45 20.4463
9265.28 20.3371
9267.11 20.2729
9274.43 20.1016
9281.75 19.9628
9289.07 19.8367
9303.71 19.6100
9318.35 19.4090
9347.63 19.0627
9362.27 18.9057
9369.59 18.8194
9373.25 18.7533
9375.08 18.6763
9376.00 18.5628
9376.45 18.4020
9376.68 18.2418
9376.80 18.2451
9376.85 18.5691
9376.91 20.3745
9376.97 26.2027
9376.97 18.1010
10000.0 17.8340
12500.0 17.3565
14000.0 17.0700
16000.0 16.6880
17000.0 16.4970
20000.0 15.9240
22000.0 15.7261
26000.0 15.3304
28000.0 15.1325
30000.0 14.9346
32000.0 14.8195
36000.0 14.5894
40000.0 14.3592
42000.0 14.2493
44000.0 14.1394
46000.0 14.0295
50000.0 13.8097
60000.0 13.2782
62000.0 13.2086
64000.0 13.1390
66000.0 13.0694
70000.0 12.9302
72000.0 12.8634
74000.0 12.7966
80000.0 12.5962
84000.0 12.4670
85000.0 12.4347
90000.0 12.2732
100000 11.9611
120000 11.5127
140000 11.0643
150000 10.8400
160000 10.6487
180000 10.2660
200000 9.88335
223203 9.52615
250000 9.14399
260000 9.01672
300000 8.50764
325168 8.15042
330161 8.07956
330161 8.07956
350000 7.90248
400000 7.50673
450000 7.10620
500000 6.76197
550000 6.46381
600000 6.20906
625230 6.05233
650000 5.96238
700000 5.80527
750000 5.64967
800000 5.52027
815537 5.48235
815537 5.48235
843718 5.42525
850000 5.41345
900000 5.33028
927542 5.27785
950000 5.25538
1.00000E+06 5.21664
1.10000E+06 5.16768
1.20000E+06 5.16172
1.23593E+06 5.16152
1.23594E+06 5.16152
1.27375E+06 5.17164
1.27375E+06 5.17164
1.30000E+06 5.18809
1.38108E+06 5.24908
1.38109E+06 5.24908
1.40000E+06 5.26629
1.41920E+06 5.26095
1.41920E+06 5.26095
1.42979E+06 5.25838
1.43996E+06 5.25888
1.45903E+06 5.26724
1.45904E+06 5.26724
1.48691E+06 5.28037
1.48691E+06 5.28037
1.49289E+06 5.28444
1.49289E+06 5.28444
1.50000E+06 5.28941
1.50238E+06 5.29107
1.50643E+06 5.29396
1.50643E+06 5.29396
1.51980E+06 5.30418
1.51980E+06 5.30418
1.53695E+06 5.32618
1.53695E+06 5.32618
1.54180E+06 5.33541
1.54376E+06 5.33906
1.55527E+06 5.36101
1.57185E+06 5.39711
1.59224E+06 5.44199
1.59844E+06 5.46390
1.60000E+06 5.46941
1.60098E+06 5.46994
1.60098E+06 5.46994
1.60338E+06 5.47156
1.60688E+06 5.47380
1.60874E+06 5.47501
1.62087E+06 5.48305
1.63058E+06 5.48957
1.64469E+06 5.50310
1.67931E+06 5.53691
1.70000E+06 5.56370
1.74638E+06 5.62446
1.74639E+06 5.62447
1.78787E+06 5.69601
1.79291E+06 5.70797
1.80000E+06 5.72520
1.80672E+06 5.72803
1.81238E+06 5.73129
1.82653E+06 5.74189
1.87972E+06 5.79202
1.87973E+06 5.79203
1.89813E+06 5.81293
1.89813E+06 5.81293
1.90000E+06 5.81536
1.90344E+06 5.81990
1.92094E+06 5.84387
2.00000E+06 6.00705
2.10000E+06 6.14165
2.20000E+06 6.27345
2.30000E+06 6.39593
2.40000E+06 6.51311
2.50000E+06 6.61808
2.60000E+06 6.71605
2.70000E+06 6.80109
2.71132E+06 6.81018
2.80000E+06 6.87833
2.90000E+06 6.94338
3.00000E+06 7.00043
3.10000E+06 7.04646
3.20000E+06 7.08498
3.29823E+06 7.11310
3.30000E+06 7.11354
3.40000E+06 7.13520
3.50000E+06 7.14805
3.60000E+06 7.15480
3.66909E+06 7.15449
3.70000E+06 7.15358
3.80000E+06 7.14715
3.90000E+06 7.13382
4.00000E+06 7.11609
4.20000E+06 7.06546
4.29672E+06 7.03456
4.31692E+06 7.02777
4.40000E+06 6.99864
4.60000E+06 6.91883
4.80000E+06 6.82829
4.99737E+06 6.73026
5.00000E+06 6.72888
5.07662E+06 6.68847
5.20000E+06 6.62248
5.32124E+06 6.55478
5.39466E+06 6.51346
5.40000E+06 6.51048
5.40190E+06 6.50939
5.40874E+06 6.50535
5.46090E+06 6.47517
5.50224E+06 6.45113
5.53437E+06 6.43245
5.60000E+06 6.39431
5.62220E+06 6.38121
5.77236E+06 6.29209
5.77236E+06 6.29209
5.80000E+06 6.27576
5.97922E+06 6.16898
6.00000E+06 6.15660
6.20000E+06 6.03848
6.26396E+06 6.00126
6.30660E+06 5.97664
6.33758E+06 5.95884
6.35566E+06 5.94844
6.40000E+06 5.92310
6.46632E+06 5.88592
6.53286E+06 5.84893
6.53287E+06 5.84892
6.60000E+06 5.81199
6.68668E+06 5.76570
6.73387E+06 5.74081
6.80000E+06 5.70632
6.84379E+06 5.68419
6.84380E+06 5.68418
6.84746E+06 5.68239
6.85684E+06 5.67769
6.85992E+06 5.67613
6.86725E+06 5.67244
6.90081E+06 5.65575
6.90081E+06 5.65575
6.90573E+06 5.65329
6.91097E+06 5.65071
6.91617E+06 5.64813
6.92182E+06 5.64533
6.92850E+06 5.64207
6.94911E+06 5.63198
6.95996E+06 5.62670
6.96319E+06 5.62512
6.96693E+06 5.62323
6.97321E+06 5.62019
6.97547E+06 5.61907
6.98446E+06 5.61469
6.98492E+06 5.61447
6.98809E+06 5.61300
6.98945E+06 5.61233
7.00000E+06 5.60716
7.01281E+06 5.60112
7.01281E+06 5.60112
7.12048E+06 5.55110
7.14146E+06 5.54150
7.18955E+06 5.51984
7.20000E+06 5.51510
7.23021E+06 5.50205
7.23653E+06 5.49935
7.24532E+06 5.49557
7.34107E+06 5.45505
7.37238E+06 5.44207
7.39362E+06 5.43340
7.40000E+06 5.43080
7.42601E+06 5.42047
7.44611E+06 5.41256
7.48963E+06 5.39577
7.49418E+06 5.39398
7.51516E+06 5.38605
7.55738E+06 5.37009
7.56196E+06 5.36840
7.58947E+06 5.35813
7.60000E+06 5.35432
7.60837E+06 5.35133
7.61931E+06 5.34740
7.63804E+06 5.34076
7.63999E+06 5.34007
7.64994E+06 5.33656
7.65078E+06 5.33625
7.66092E+06 5.33274
7.67714E+06 5.32705
7.68493E+06 5.32437
7.70403E+06 5.31775
7.70636E+06 5.31703
7.71933E+06 5.31258
7.72245E+06 5.31154
7.72325E+06 5.31124
7.73026E+06 5.30886
7.73405E+06 5.30751
7.74255E+06 5.30472
7.75061E+06 5.30193
7.76718E+06 5.29644
7.77967E+06 5.29230
7.79824E+06 5.28619
7.80000E+06 5.28557
7.80092E+06 5.28527
7.91810E+06 5.24880
8.00000E+06 5.22444
8.25944E+06 5.14526
8.40089E+06 5.10627
8.40089E+06 5.10627
8.43574E+06 5.10480
8.50000E+06 5.10258
8.55145E+06 5.09390
9.00000E+06 5.01820
9.31481E+06 4.98001
9.50000E+06 4.96307
9.95888E+06 4.93238
1.00000E+07 4.93064
1.01005E+07 4.92606
1.05000E+07 4.91640
1.05488E+07 4.91574
1.09308E+07 4.91649
1.09789E+07 4.91725
1.10000E+07 4.91765
1.12944E+07 4.92494
1.13166E+07 4.92577
1.13664E+07 4.92750
1.15000E+07 4.93279
1.15103E+07 4.93325
1.20000E+07 4.96042
1.21950E+07 4.97465
1.22577E+07 4.97947
1.22577E+07 4.97947
1.22780E+07 4.98109
1.25000E+07 4.99921
1.26020E+07 5.00863
1.27556E+07 5.02330
1.30000E+07 5.04754
1.30741E+07 5.05558
1.30742E+07 5.05559
1.31336E+07 5.06212
1.31669E+07 5.06582
1.31907E+07 5.06848
1.32463E+07 5.07473
1.33026E+07 5.08105
1.33698E+07 5.08859
1.34446E+07 5.09709
1.35000E+07 5.10339
1.35306E+07 5.10708
1.35306E+07 5.10708
1.36025E+07 5.11575
1.40000E+07 5.16448
1.45000E+07 5.22824
1.46391E+07 5.24572
1.46467E+07 5.24664
1.46889E+07 5.25196
1.47691E+07 5.26232
1.50000E+07 5.29203
1.53697E+07 5.33726
1.53697E+07 5.33726
1.54267E+07 5.34410
1.55000E+07 5.35290
1.55387E+07 5.35742
1.55639E+07 5.36036
1.56046E+07 5.36513
1.58619E+07 5.39479
1.58753E+07 5.39625
1.60000E+07 5.41016
1.61546E+07 5.42603
1.62851E+07 5.43915
1.65000E+07 5.45979
1.66430E+07 5.47308
1.66557E+07 5.47415
1.68386E+07 5.49036
1.69383E+07 5.49884
1.70000E+07 5.50401
1.70052E+07 5.50436
1.72599E+07 5.52273
1.72687E+07 5.52335
1.75000E+07 5.53855
1.75507E+07 5.54166
1.76931E+07 5.55021
1.77730E+07 5.55465
1.78000E+07 5.55619
1.78407E+07 5.55840
1.80000E+07 5.56659
1.83740E+07 5.58175
1.83907E+07 5.58242
1.85000E+07 5.58602
1.86717E+07 5.59126
1.86916E+07 5.59178
1.88918E+07 5.59663
1.90000E+07 5.59895
1.90748E+07 5.60031
1.91584E+07 5.60165
1.92922E+07 5.60340
1.93639E+07 5.60411
1.93640E+07 5.60411
1.95000E+07 5.60523
1.95048E+07 5.60526
2.00000E+07 5.60541
2.10000E+07 5.59261
2.16001E+07 5.57536
2.17723E+07 5.57041
2.20000E+07 5.56386
2.30000E+07 5.52146
2.34002E+07 5.49729
2.40000E+07 5.46567
2.50000E+07 5.39623
2.60000E+07 5.31391
2.70000E+07 5.22094
2.80000E+07 5.12168
2.90000E+07 5.02043
3.00000E+07 4.92100
3.00000E+07 4.92180
3.10000E+07 4.82755
3.20000E+07 4.73820
3.30000E+07 4.65545
3.40000E+07 4.57940
3.50000E+07 4.50865
3.60000E+07 4.44510
3.70000E+07 4.38770
3.80000E+07 4.33770
3.90000E+07 4.29550
4.00000E+07 4.26070
4.10000E+07 4.23380
4.20000E+07 4.21380
4.30000E+07 4.20050
4.40000E+07 4.19310
4.50000E+07 4.19095
4.60000E+07 4.19350
4.70000E+07 4.20025
4.80000E+07 4.21070
4.90000E+07 4.22480
5.00000E+07 4.24160
5.10000E+07 4.26105
5.20000E+07 4.28240
5.30000E+07 4.30565
5.40000E+07 4.33010
5.50000E+07 4.35540
5.60000E+07 4.38110
5.70000E+07 4.40720
5.80000E+07 4.43310
5.90000E+07 4.45880
6.00000E+07 4.48390
6.10000E+07 4.50870
6.20000E+07 4.53240
6.30000E+07 4.55510
6.40000E+07 4.57660
6.50000E+07 4.59670
6.60000E+07 4.61592
6.70000E+07 4.63374
6.80000E+07 4.64986
6.90000E+07 4.66448
7.00000E+07 4.67750
7.10000E+07 4.68934
7.20000E+07 4.69958
7.30000E+07 4.70812
7.40000E+07 4.71506
7.50000E+07 4.72040
7.60000E+07 4.72448
7.70000E+07 4.72706
7.80000E+07 4.72814
7.90000E+07 4.72772
8.00000E+07 4.72580
8.10000E+07 4.72311
8.20000E+07 4.71902
8.30000E+07 4.71373
8.40000E+07 4.70704
8.50000E+07 4.69925
8.60000E+07 4.69016
8.70000E+07 4.68007
8.80000E+07 4.66878
8.90000E+07 4.65659
9.00000E+07 4.64340
9.10000E+07 4.62992
9.20000E+07 4.61564
9.30000E+07 4.60056
9.40000E+07 4.58458
9.50000E+07 4.56800
9.60000E+07 4.55062
9.70000E+07 4.53274
9.80000E+07 4.51406
9.90000E+07 4.49498
1.00000E+08 4.47530
1.02000E+08 4.43568
1.04000E+08 4.39446
1.06000E+08 4.35174
1.08000E+08 4.30802
1.10000E+08 4.26330
1.12000E+08 4.21886
1.14000E+08 4.17372
1.16000E+08 4.12838
1.18000E+08 4.08294
1.20000E+08 4.03730
1.22000E+08 3.99268
1.24000E+08 3.94816
1.26000E+08 3.90394
1.28000E+08 3.85992
1.30000E+08 3.81650
1.32000E+08 3.77434
1.34000E+08 3.73258
1.36000E+08 3.69152
1.38000E+08 3.65096
1.40000E+08 3.61120
1.42000E+08 3.57280
1.44000E+08 3.53510
1.46000E+08 3.49800
1.48000E+08 3.46180
1.50000E+08 3.42640
1.52000E+08 3.39230
1.54000E+08 3.35880
1.56000E+08 3.32630
1.58000E+08 3.29460
1.60000E+08 3.26360
1.62000E+08 3.23386
1.64000E+08 3.20502
1.66000E+08 3.17698
1.68000E+08 3.14964
1.70000E+08 3.12300
1.72000E+08 3.09696
1.74000E+08 3.07182
1.76000E+08 3.04728
1.78000E+08 3.02354
1.80000E+08 3.00040
1.82000E+08 2.97838
1.84000E+08 2.95716
1.86000E+08 2.93654
1.88000E+08 2.91652
1.90000E+08 2.89700
1.92000E+08 2.87818
1.94000E+08 2.85986
1.96000E+08 2.84204
1.98000E+08 2.82462
2.00000E+08 2.80790