15-P_n-tot
>   15-P-31:1.000000
1.000000e-05 1.23994000e+01
1.090510e-05 1.20498000e+01
1.176400e-05 1.17561000e+01
1.257080e-05 1.15081000e+01
1.332210e-05 1.12976000e+01
1.474650e-05 1.09435000e+01
1.500000e-05 1.08883000e+01
1.591380e-05 1.06895000e+01
1.684950e-05 1.05051000e+01
1.835730e-05 1.02383000e+01
2.000000e-05 9.98251000e+00
2.181020e-05 9.73478000e+00
2.352800e-05 9.52660000e+00
2.514170e-05 9.35075000e+00
2.664420e-05 9.20157000e+00
2.750000e-05 9.12619000e+00
2.949290e-05 8.95063000e+00
3.182750e-05 8.77057000e+00
3.369900e-05 8.63991000e+00
3.500000e-05 8.55830000e+00
3.671460e-05 8.45075000e+00
4.000000e-05 8.26948000e+00
4.362030e-05 8.09389000e+00
4.705590e-05 7.94633000e+00
5.000000e-05 7.83264000e+00
5.028330e-05 7.82170000e+00
5.328830e-05 7.71596000e+00
5.898560e-05 7.53809000e+00
6.365490e-05 7.41046000e+00
6.739790e-05 7.31785000e+00
7.342910e-05 7.18378000e+00
7.500000e-05 7.15306000e+00
8.000000e-05 7.05529000e+00
8.724060e-05 6.93084000e+00
9.411170e-05 6.82625000e+00
1.000000e-04 6.74566000e+00
1.005660e-04 6.73792000e+00
1.065760e-04 6.66297000e+00
1.179710e-04 6.53690000e+00
1.273100e-04 6.44643000e+00
1.347960e-04 6.38079000e+00
1.468580e-04 6.28576000e+00
1.500000e-04 6.26399000e+00
1.600000e-04 6.19469000e+00
1.744810e-04 6.10648000e+00
1.882230e-04 6.03235000e+00
2.000000e-04 5.97522000e+00
2.011330e-04 5.96973000e+00
2.131530e-04 5.91661000e+00
2.359420e-04 5.82725000e+00
2.546190e-04 5.76313000e+00
2.695910e-04 5.71661000e+00
2.750000e-04 5.70150000e+00
2.937160e-04 5.64925000e+00
3.200000e-04 5.58470000e+00
3.489620e-04 5.52217000e+00
3.500000e-04 5.52019000e+00
3.764470e-04 5.46963000e+00
4.022660e-04 5.42525000e+00
4.263060e-04 5.38760000e+00
4.718850e-04 5.32426000e+00
5.000000e-04 5.29005000e+00
5.092400e-04 5.27881000e+00
5.391840e-04 5.24584000e+00
5.874330e-04 5.19809000e+00
6.400000e-04 5.15234000e+00
6.979250e-04 5.10803000e+00
7.500000e-04 5.07274000e+00
7.528940e-04 5.07078000e+00
8.045320e-04 5.03933000e+00
8.526120e-04 5.01264000e+00
9.437700e-04 4.96775000e+00
1.000000e-03 4.94350000e+00
1.018480e-03 4.93553000e+00
1.078370e-03 4.91216000e+00
1.174870e-03 4.87832000e+00
1.280000e-03 4.84589000e+00
1.395850e-03 4.81448000e+00
1.500000e-03 4.78947000e+00
1.505790e-03 4.78808000e+00
1.609070e-03 4.76579000e+00
1.705230e-03 4.74687000e+00
1.887540e-03 4.71505000e+00
2.000000e-03 4.69787000e+00
2.036960e-03 4.69222000e+00
2.156740e-03 4.67565000e+00
2.349730e-03 4.65167000e+00
2.560000e-03 4.62868000e+00
2.750000e-03 4.61042000e+00
2.791700e-03 4.60642000e+00
3.011580e-03 4.58771000e+00
3.218130e-03 4.57190000e+00
3.410450e-03 4.55850000e+00
3.500000e-03 4.55296000e+00
3.775080e-03 4.53594000e+00
4.073920e-03 4.51976000e+00
4.313470e-03 4.50802000e+00
4.699460e-03 4.49102000e+00
5.000000e-03 4.47937000e+00
5.120000e-03 4.47473000e+00
5.583400e-03 4.45894000e+00
6.023150e-03 4.44568000e+00
6.436260e-03 4.43448000e+00
6.820900e-03 4.42498000e+00
7.500000e-03 4.41009000e+00
7.550160e-03 4.40899000e+00
8.147830e-03 4.39752000e+00
8.626940e-03 4.38920000e+00
9.398930e-03 4.37715000e+00
1.000000e-02 4.36890000e+00
1.024000e-02 4.36560000e+00
1.116680e-02 4.35442000e+00
1.204630e-02 4.34502000e+00
1.287250e-02 4.33708000e+00
1.364180e-02 4.33034000e+00
1.500000e-02 4.31979000e+00
1.510030e-02 4.31901000e+00
1.629570e-02 4.31088000e+00
1.725390e-02 4.30498000e+00
1.879790e-02 4.29644000e+00
2.000000e-02 4.29059000e+00
2.048000e-02 4.28826000e+00
2.159120e-02 4.28338000e+00
2.337220e-02 4.27630000e+00
2.530000e-02 4.26950000e+00
2.758990e-02 4.26224000e+00
2.976280e-02 4.25614000e+00
3.180420e-02 4.25099000e+00
3.370480e-02 4.24663000e+00
3.730840e-02 4.23929000e+00
3.765000e-02 4.23868000e+00
4.026180e-02 4.23403000e+00
4.262920e-02 4.23022000e+00
4.644390e-02 4.22470000e+00
5.000000e-02 4.22017000e+00
5.060000e-02 4.21941000e+00
5.517970e-02 4.21430000e+00
5.952570e-02 4.21000000e+00
6.360830e-02 4.20637000e+00
6.740970e-02 4.20330000e+00
7.461680e-02 4.19813000e+00
7.500000e-02 4.19789000e+00
8.052350e-02 4.19442000e+00
8.525840e-02 4.19174000e+00
9.288780e-02 4.18785000e+00
1.000000e-01 4.18466000e+00
1.012000e-01 4.18412000e+00
1.103590e-01 4.18052000e+00
1.190510e-01 4.17749000e+00
1.272170e-01 4.17494000e+00
1.348190e-01 4.17277000e+00
1.492340e-01 4.16913000e+00
1.500000e-01 4.16896000e+00
1.610470e-01 4.16652000e+00
1.705170e-01 4.16463000e+00
1.857760e-01 4.16189000e+00
2.000000e-01 4.15964000e+00
2.024000e-01 4.15926000e+00
2.207190e-01 4.15673000e+00
2.381030e-01 4.15459000e+00
2.544330e-01 4.15279000e+00
2.696390e-01 4.15127000e+00
2.750000e-01 4.15079000e+00
2.984670e-01 4.14870000e+00
3.220940e-01 4.14686000e+00
3.410340e-01 4.14553000e+00
3.500000e-01 4.14496000e+00
3.715510e-01 4.14360000e+00
4.048000e-01 4.14175000e+00
4.414380e-01 4.13996000e+00
4.762060e-01 4.13846000e+00
5.000000e-01 4.13754000e+00
5.088670e-01 4.13719000e+00
5.392770e-01 4.13612000e+00
5.969350e-01 4.13431000e+00
6.441880e-01 4.13301000e+00
6.820670e-01 4.13208000e+00
7.431030e-01 4.13072000e+00
7.500000e-01 4.13058000e+00
8.096000e-01 4.12941000e+00
8.828750e-01 4.12815000e+00
9.524110e-01 4.12710000e+00
1.000000e+00 4.12644000e+00
1.017730e+00 4.12620000e+00
1.078560e+00 4.12544000e+00
1.193870e+00 4.12417000e+00
1.288380e+00 4.12326000e+00
1.364130e+00 4.12260000e+00
1.486210e+00 4.12164000e+00
1.500000e+00 4.12154000e+00
1.619200e+00 4.12072000e+00
1.765750e+00 4.11983000e+00
1.904820e+00 4.11909000e+00
2.000000e+00 4.11863000e+00
2.035470e+00 4.11846000e+00
2.157110e+00 4.11793000e+00
2.387740e+00 4.11703000e+00
2.576750e+00 4.11639000e+00
2.728270e+00 4.11592000e+00
2.750000e+00 4.11586000e+00
2.972410e+00 4.11524000e+00
3.238400e+00 4.11460000e+00
3.414000e+00 4.11421000e+00
3.500000e+00 4.11404000e+00
3.695400e+00 4.11366000e+00
4.000000e+00 4.11312000e+00
4.426730e+00 4.11247000e+00
4.776390e+00 4.11201000e+00
5.000000e+00 4.11174000e+00
5.056650e+00 4.11167000e+00
5.508170e+00 4.11118000e+00
6.000000e+00 4.11071000e+00
7.500000e+00 4.11051000e+00
9.000000e+00 4.11030000e+00
1.000000e+01 4.11029000e+00
1.500000e+01 4.11021000e+00
2.000000e+01 4.11014000e+00
2.750000e+01 4.11004000e+00
3.500000e+01 4.10993000e+00
4.232300e+01 4.10982000e+00
5.000000e+01 4.10975000e+00
6.900100e+01 4.10958000e+00
7.500000e+01 4.10955000e+00
1.000000e+02 4.10941000e+00
1.119300e+02 4.10934000e+00
1.500000e+02 4.10921000e+00
1.701800e+02 4.10914000e+00
2.000000e+02 4.10909000e+00
2.750000e+02 4.10895000e+00
3.500000e+02 4.10881000e+00
3.542600e+02 4.10880000e+00
5.000000e+02 4.10867000e+00
6.445400e+02 4.10854000e+00
7.500000e+02 4.10848000e+00
1.000000e+03 4.10835000e+00
1.093600e+03 4.10831000e+00
1.500000e+03 4.10818000e+00
1.721700e+03 4.10811000e+00
2.000000e+03 4.10807000e+00
2.750000e+03 4.10795000e+00
3.500000e+03 4.10783000e+00
3.656300e+03 4.10780000e+00
5.000000e+03 4.10770000e+00
6.000000e+03 4.10763000e+00
7.000000e+03 4.60755000e+00
7.133300e+03 4.76750000e+00
8.000000e+03 5.80750000e+00
8.400000e+03 4.50749000e+00
8.900000e+03 5.60747000e+00
9.200000e+03 4.80746000e+00
9.600000e+03 6.30744000e+00
9.900000e+03 4.50743000e+00
1.000000e+04 4.50742000e+00
1.050000e+04 4.50740000e+00
1.090000e+04 4.60739000e+00
1.130000e+04 5.10737000e+00
1.190000e+04 4.80735000e+00
1.240900e+04 4.63766000e+00
1.250000e+04 4.60732000e+00
1.400000e+04 5.70729000e+00
1.510000e+04 4.30726000e+00
1.520000e+04 5.40726000e+00
1.580000e+04 3.70725000e+00
1.630000e+04 4.80724000e+00
1.680000e+04 3.50722000e+00
1.800000e+04 4.90720000e+00
1.950000e+04 3.70716000e+00
1.993000e+04 3.71497000e+00
2.000000e+04 3.71624000e+00
2.500000e+04 3.80707000e+00
3.000000e+04 4.10700000e+00
3.250000e+04 4.25695000e+00
4.000000e+04 4.70682000e+00
5.000000e+04 4.55663000e+00
6.000000e+04 4.40644000e+00
9.000000e+04 4.20589000e+00
1.000000e+05 3.00570000e+00
1.250000e+05 2.30524000e+00
1.370000e+05 1.20502000e+00
1.430000e+05 2.90491000e+00
1.470000e+05 2.60483000e+00
1.510000e+05 4.00476000e+00
1.550000e+05 6.00469000e+00
1.630000e+05 3.00454000e+00
1.730000e+05 1.80435000e+00
1.810000e+05 4.20420000e+00
1.830000e+05 4.70417000e+00
1.950000e+05 2.10394000e+00
2.010000e+05 2.70383000e+00
2.070000e+05 4.70372000e+00
2.190000e+05 2.20350000e+00
2.310000e+05 1.90328000e+00
2.400000e+05 2.60311000e+00
2.490000e+05 2.60294000e+00
2.550000e+05 4.60283000e+00
2.690000e+05 1.70257000e+00
2.770000e+05 3.90243000e+00
2.850000e+05 2.20228000e+00
2.890000e+05 3.20220000e+00
3.000000e+05 2.40200000e+00
3.110000e+05 1.60200000e+00
3.190000e+05 2.50199000e+00
3.290000e+05 1.90199000e+00
3.400000e+05 2.00198000e+00
3.610000e+05 3.80197000e+00
3.690000e+05 5.80197000e+00
3.950000e+05 2.10195000e+00
4.170000e+05 2.10194000e+00
4.250000e+05 1.80194000e+00
4.300000e+05 3.90194000e+00
4.370000e+05 7.20193000e+00
4.530000e+05 2.10193000e+00
4.560000e+05 4.00193000e+00
4.650000e+05 2.10192000e+00
4.690000e+05 5.50192000e+00
4.710000e+05 4.50192000e+00
4.750000e+05 6.60192000e+00
4.910000e+05 2.80191000e+00
5.250000e+05 2.00189000e+00
5.290000e+05 3.90189000e+00
5.500000e+05 1.50188000e+00
5.610000e+05 5.60187000e+00
5.850000e+05 3.00186000e+00
8.500000e+05 2.20174000e+00
8.690000e+05 4.40173000e+00
9.000000e+05 2.30171000e+00
9.300000e+05 4.30170000e+00
9.360000e+05 3.30169000e+00
9.480000e+05 6.50169000e+00
9.680000e+05 3.60168000e+00
9.950000e+05 2.90167000e+00
1.010000e+06 2.10166000e+00
1.016000e+06 2.10166000e+00
1.022000e+06 3.30165000e+00
1.030000e+06 3.30165000e+00
1.056000e+06 2.70164000e+00
1.060000e+06 2.90163000e+00
1.076000e+06 2.10163000e+00
1.082000e+06 3.50162000e+00
1.092000e+06 2.80162000e+00
1.115000e+06 1.80161000e+00
1.127000e+06 3.00160000e+00
1.150000e+06 5.00159000e+00
1.200000e+06 3.30157000e+00
1.310000e+06 3.19151000e+00
1.310010e+06 3.19151000e+00
1.500000e+06 3.05142000e+00
1.590000e+06 2.99868000e+00
1.650000e+06 2.96635000e+00
1.750000e+06 2.91048000e+00
2.000000e+06 2.92082000e+00
2.200000e+06 2.84909000e+00
2.250000e+06 2.83273000e+00
2.306000e+06 2.71921000e+00
2.350000e+06 2.63001000e+00
2.500000e+06 2.90094000e+00
2.650000e+06 3.28696000e+00
2.730000e+06 2.93283000e+00
2.750000e+06 2.83042000e+00
2.780000e+06 2.88164000e+00
2.840000e+06 3.04128000e+00
2.940000e+06 3.22901000e+00
2.950000e+06 3.25436000e+00
3.000000e+06 3.14363000e+00
3.050000e+06 3.03297000e+00
3.125000e+06 3.07949000e+00
3.200000e+06 3.07730000e+00
3.210000e+06 3.03868000e+00
3.300000e+06 2.71084000e+00
3.350000e+06 2.64120000e+00
3.460000e+06 2.51537000e+00
3.500000e+06 2.45652000e+00
3.600000e+06 2.67075000e+00
3.610000e+06 2.68218000e+00
3.720000e+06 2.84984000e+00
3.750000e+06 2.86570000e+00
3.820000e+06 2.82271000e+00
3.850000e+06 2.81601000e+00
4.100000e+06 2.76014000e+00
4.140000e+06 2.74358000e+00
4.220000e+06 2.73921000e+00
4.250000e+06 2.72949000e+00
4.350000e+06 3.03045000e+00
4.400000e+06 2.82538000e+00
4.425000e+06 2.79785000e+00
4.500000e+06 2.73560000e+00
4.540000e+06 2.72641000e+00
4.750000e+06 2.64117000e+00
4.800000e+06 2.71588000e+00
4.850000e+06 2.78302000e+00
5.000000e+06 2.55943000e+00
5.050000e+06 2.53853000e+00
5.500000e+06 2.44161000e+00
6.000000e+06 2.20170000e+00
6.300000e+06 2.36236000e+00
6.750000e+06 2.37834000e+00
7.100000e+06 2.24077000e+00
7.537720e+06 2.15905000e+00
8.000000e+06 2.07374000e+00
9.000000e+06 2.02576000e+00
1.000000e+07 1.99945000e+00
1.100000e+07 1.96091000e+00
1.200000e+07 1.93487000e+00
1.271100e+07 1.91281000e+00
1.300000e+07 1.90584000e+00
1.350000e+07 1.89382000e+00
1.400000e+07 1.88180000e+00
1.450000e+07 1.86454000e+00
1.500000e+07 1.85028000e+00
1.700000e+07 1.77025000e+00
1.800000e+07 1.74857000e+00
2.000000e+07 1.80027000e+00
2.040210e+07 1.94170000e+00
2.100000e+07 1.95551000e+00
2.200000e+07 1.97230000e+00
2.300000e+07 1.98657000e+00
2.346720e+07 1.99282000e+00
2.400000e+07 1.99958000e+00
2.411320e+07 2.00096000e+00
2.439660e+07 2.00429000e+00
2.440170e+07 2.00435000e+00
2.494210e+07 2.01018000e+00
2.500000e+07 2.01076000e+00
2.600000e+07 2.01951000e+00
2.700000e+07 2.02534000e+00
2.718570e+07 2.02613000e+00
2.733080e+07 2.02670000e+00
2.768210e+07 2.02795000e+00
2.800000e+07 2.02895000e+00
2.900000e+07 2.03112000e+00
3.000000e+07 2.03210000e+00
3.001100e+07 2.03211000e+00
3.083170e+07 2.03217000e+00
3.100000e+07 2.03209000e+00
3.121290e+07 2.03194000e+00
3.200000e+07 2.03099000e+00
3.278560e+07 2.02947000e+00
3.300000e+07 2.02896000e+00
3.322510e+07 2.02839000e+00
3.400000e+07 2.02614000e+00
3.500000e+07 2.02266000e+00
3.520340e+07 2.02185000e+00
3.525160e+07 2.02164000e+00
3.535740e+07 2.02117000e+00
3.538160e+07 2.02106000e+00
3.600000e+07 2.01785000e+00
3.700000e+07 2.01123000e+00
3.717050e+07 2.00994000e+00
3.788420e+07 2.00415000e+00
3.800000e+07 2.00315000e+00
3.900000e+07 1.99393000e+00
3.988560e+07 1.98503000e+00
4.000000e+07 1.98384000e+00
4.100000e+07 1.97294000e+00
4.187940e+07 1.96270000e+00
4.198480e+07 1.96144000e+00
4.200000e+07 1.96125000e+00
4.268050e+07 1.95293000e+00
4.284560e+07 1.95088000e+00
4.295160e+07 1.94955000e+00
4.300000e+07 1.94894000e+00
4.322720e+07 1.94607000e+00
4.360030e+07 1.94131000e+00
4.400000e+07 1.93615000e+00
4.463960e+07 1.92777000e+00
4.465230e+07 1.92760000e+00
4.486540e+07 1.92478000e+00
4.500000e+07 1.92299000e+00
4.547700e+07 1.91660000e+00
4.600000e+07 1.90950000e+00
4.654360e+07 1.90201000e+00
4.670710e+07 1.89974000e+00
4.700000e+07 1.89563000e+00
4.800000e+07 1.88137000e+00
4.900000e+07 1.86671000e+00
4.975530e+07 1.85537000e+00
5.000000e+07 1.85165000e+00
5.100000e+07 1.83618000e+00
5.143260e+07 1.82934000e+00
5.200000e+07 1.82022000e+00
5.204300e+07 1.81952000e+00
5.232110e+07 1.81498000e+00
5.268680e+07 1.80894000e+00
5.300000e+07 1.80370000e+00
5.363190e+07 1.79295000e+00
5.400000e+07 1.78657000e+00
5.444760e+07 1.77869000e+00
5.500000e+07 1.76878000e+00
5.600000e+07 1.75068000e+00
5.642580e+07 1.74299000e+00
5.700000e+07 1.73263000e+00
5.715040e+07 1.72991000e+00
5.744070e+07 1.72468000e+00
5.800000e+07 1.71460000e+00
5.853420e+07 1.70497000e+00
5.900000e+07 1.69658000e+00
6.000000e+07 1.67855000e+00
6.100000e+07 1.66068000e+00
6.200000e+07 1.64314000e+00
6.228500e+07 1.63820000e+00
6.230930e+07 1.63778000e+00
6.300000e+07 1.62593000e+00
6.303740e+07 1.62529000e+00
6.400000e+07 1.60906000e+00
6.475700e+07 1.59652000e+00
6.500000e+07 1.59253000e+00
6.589740e+07 1.57809000e+00
6.592920e+07 1.57758000e+00
6.600000e+07 1.57646000e+00
6.700000e+07 1.56073000e+00
6.724520e+07 1.55690000e+00
6.800000e+07 1.54506000e+00
6.900000e+07 1.52915000e+00
7.000000e+07 1.51280000e+00
7.100000e+07 1.49597000e+00
7.200000e+07 1.47894000e+00
7.300000e+07 1.46194000e+00
7.400000e+07 1.44519000e+00
7.430340e+07 1.44019000e+00
7.500000e+07 1.42887000e+00
7.600000e+07 1.41302000e+00
7.648190e+07 1.40551000e+00
7.700000e+07 1.39751000e+00
7.800000e+07 1.38227000e+00
7.900000e+07 1.36722000e+00
7.958230e+07 1.35851000e+00
8.000000e+07 1.35228000e+00
8.100000e+07 1.33706000e+00
8.200000e+07 1.32149000e+00
8.300000e+07 1.30601000e+00
8.400000e+07 1.29098000e+00
8.500000e+07 1.27675000e+00
8.600000e+07 1.26352000e+00
8.700000e+07 1.25100000e+00
8.800000e+07 1.23879000e+00
8.900000e+07 1.22650000e+00
9.000000e+07 1.21380000e+00
9.100000e+07 1.20092000e+00
9.200000e+07 1.18827000e+00
9.300000e+07 1.17588000e+00
9.400000e+07 1.16376000e+00
9.500000e+07 1.15191000e+00
9.600000e+07 1.14030000e+00
9.700000e+07 1.12892000e+00
9.800000e+07 1.11777000e+00
9.900000e+07 1.10689000e+00
1.000000e+08 1.09630000e+00
1.020000e+08 1.07597000e+00
1.040000e+08 1.05663000e+00
1.060000e+08 1.03811000e+00
1.080000e+08 1.02025000e+00
1.100000e+08 1.00294000e+00
1.120000e+08 9.86132000e-01
1.140000e+08 9.69865000e-01
1.160000e+08 9.54133000e-01
1.180000e+08 9.38932000e-01
1.200000e+08 9.24253000e-01
1.220000e+08 9.10173000e-01
1.240000e+08 8.96710000e-01
1.260000e+08 8.83778000e-01
1.280000e+08 8.71300000e-01
1.300000e+08 8.59209000e-01
1.320000e+08 8.47562000e-01
1.340000e+08 8.36429000e-01
1.360000e+08 8.25766000e-01
1.380000e+08 8.15536000e-01
1.400000e+08 8.05705000e-01
1.420000e+08 7.96363000e-01
1.440000e+08 7.87566000e-01
1.460000e+08 7.79241000e-01
1.480000e+08 7.71320000e-01
