11-Na_n-g
>  11-Na-23:1.000000
1.000000e-05 2.65600000e+01
1.250000e-05 2.37560000e+01
1.500000e-05 2.16862000e+01
2.000000e-05 1.87808000e+01
2.750000e-05 1.60163000e+01
3.500000e-05 1.41969000e+01
4.250000e-05 1.28835000e+01
5.000000e-05 1.18780000e+01
6.250000e-05 1.06240000e+01
7.500000e-05 9.69834000e+00
1.000000e-04 8.39901000e+00
1.250000e-04 7.51230000e+00
1.500000e-04 6.85776000e+00
2.000000e-04 5.93900000e+00
2.750000e-04 5.06479000e+00
3.500000e-04 4.48946000e+00
4.250000e-04 4.07412000e+00
5.000000e-04 3.75615000e+00
6.250000e-04 3.35960000e+00
7.500000e-04 3.06689000e+00
1.000000e-03 2.65600000e+00
1.250000e-03 2.37557000e+00
1.500000e-03 2.16857000e+00
2.000000e-03 1.87801000e+00
2.750000e-03 1.60154000e+00
3.500000e-03 1.41960000e+00
4.250000e-03 1.28825000e+00
5.000000e-03 1.18770000e+00
6.250000e-03 1.06230000e+00
7.500000e-03 9.69732000e-01
1.000000e-02 8.39800000e-01
1.250000e-02 7.51148000e-01
1.500000e-02 6.85707000e-01
2.000000e-02 5.93847000e-01
2.530000e-02 5.28000000e-01
3.265000e-02 4.64775000e-01
4.000000e-02 4.19900000e-01
5.000000e-02 3.75581000e-01
6.250000e-02 3.35940000e-01
7.500000e-02 3.06677000e-01
1.000000e-01 2.65600000e-01
1.250000e-01 2.37557000e-01
1.500000e-01 2.16856000e-01
2.000000e-01 1.87800000e-01
2.750000e-01 1.60168000e-01
3.500000e-01 1.41982000e-01
5.000000e-01 1.18800000e-01
7.500000e-01 9.69969000e-02
1.000000e+00 8.40000000e-02
1.500000e+00 6.86704000e-02
2.000000e+00 5.95225000e-02
2.750000e+00 5.08102000e-02
3.500000e+00 4.50715000e-02
5.000000e+00 3.77505000e-02
7.500000e+00 3.08612000e-02
1.000000e+01 2.67500000e-02
1.500000e+01 2.19947000e-02
2.000000e+01 1.91428000e-02
2.750000e+01 1.64150000e-02
3.500000e+01 1.46111000e-02
5.000000e+01 1.23000000e-02
7.500000e+01 1.02658000e-02
1.000000e+02 9.03000000e-03
1.500000e+02 7.65000000e-03
2.000000e+02 6.88000000e-03
3.000000e+02 6.07000000e-03
3.500000e+02 5.86885000e-03
4.000000e+02 5.70000000e-03
4.500000e+02 5.62033000e-03
5.000000e+02 5.55000000e-03
5.500000e+02 5.53954000e-03
6.000000e+02 5.56128000e-03
8.097500e+02 5.86446000e-03
9.896000e+02 6.39176000e-03
1.000000e+03 6.43088000e-03
1.130000e+03 7.00987000e-03
1.249200e+03 7.70972000e-03
1.369600e+03 8.62564000e-03
1.510200e+03 1.00533000e-02
1.629400e+03 1.16873000e-02
1.730700e+03 1.35116000e-02
1.865350e+03 1.68576000e-02
2.000000e+03 2.18788000e-02
2.155450e+03 3.15066000e-02
2.233180e+03 3.90741000e-02
2.310900e+03 4.98161000e-02
2.388630e+03 6.56432000e-02
2.466350e+03 8.99193000e-02
2.544080e+03 1.28498000e-01
2.621800e+03 1.90022000e-01
2.715900e+03 2.96682000e-01
2.810000e+03 3.54846000e-01
2.904100e+03 2.71951000e-01
2.998200e+03 1.66192000e-01
3.053510e+03 1.23294000e-01
3.108820e+03 9.30025000e-02
3.219440e+03 5.63954000e-02
3.330060e+03 3.69593000e-02
3.440680e+03 2.57573000e-02
3.551290e+03 1.88226000e-02
3.661910e+03 1.42739000e-02
3.883150e+03 8.91717000e-03
4.104390e+03 6.03348000e-03
4.325630e+03 4.32023000e-03
4.546860e+03 3.22685000e-03
4.768100e+03 2.49025000e-03
5.000000e+03 1.95160000e-03
5.006500e+03 1.93900000e-03
5.028100e+03 1.89796000e-03
5.049700e+03 1.85815000e-03
5.092900e+03 1.78204000e-03
5.179300e+03 1.64265000e-03
5.352100e+03 1.40707000e-03
5.912200e+03 9.05567000e-04
6.651100e+03 5.62463000e-04
7.104000e+03 4.38859000e-04
7.330450e+03 3.92901000e-04
7.443680e+03 3.76101000e-04
7.556900e+03 4.05851000e-04
7.586800e+03 5.66721000e-04
7.601750e+03 1.21222000e-03
7.609220e+03 3.68371000e-03
7.612960e+03 1.26783000e-02
7.614830e+03 4.24890000e-02
7.615760e+03 1.25214000e-01
7.616230e+03 2.96173000e-01
7.616460e+03 5.34696000e-01
7.616700e+03 1.10380000e+00
7.617000e+03 2.20804000e+00
7.617300e+03 1.10384000e+00
7.617540e+03 5.34732000e-01
7.617770e+03 2.96868000e-01
7.618230e+03 1.25807000e-01
7.619160e+03 4.27681000e-02
7.621030e+03 1.27751000e-02
7.624750e+03 3.71141000e-03
7.632190e+03 1.21647000e-03
7.647070e+03 5.59949000e-04
7.676840e+03 3.87759000e-04
7.736380e+03 3.36415000e-04
7.855450e+03 3.08949000e-04
8.093600e+03 2.76336000e-04
8.569900e+03 2.27414000e-04
9.946400e+03 1.41507000e-04
1.000000e+04 1.39209000e-04
1.017300e+04 1.32162000e-04
1.034600e+04 1.25644000e-04
1.069200e+04 1.13997000e-04
1.138400e+04 9.51825000e-05
1.333300e+04 6.22851000e-05
1.499980e+04 4.68255000e-05
1.666650e+04 3.72212000e-05
2.000000e+04 2.68334000e-05
2.080100e+04 2.53583000e-05
2.262440e+04 2.29234000e-05
2.444780e+04 2.14759000e-05
2.809460e+04 2.08350000e-05
3.174140e+04 2.36810000e-05
3.265320e+04 2.58170000e-05
3.356490e+04 3.06085000e-05
3.447660e+04 5.22420000e-05
3.493240e+04 1.34367000e-04
3.516030e+04 4.58066000e-04
3.527430e+04 1.72974000e-03
3.533130e+04 6.63862000e-03
3.535980e+04 2.49145000e-02
3.536690e+04 4.25436000e-02
3.537400e+04 8.82979000e-02
3.537760e+04 1.44985000e-01
3.538110e+04 2.79475000e-01
3.538290e+04 4.28349000e-01
3.538470e+04 7.30820000e-01
3.538650e+04 1.47167000e+00
3.538740e+04 2.27730000e+00
3.538830e+04 3.73020000e+00
3.538910e+04 5.98244000e+00
3.539000e+04 7.46127000e+00
3.539090e+04 5.95497000e+00
3.539180e+04 3.73013000e+00
3.539230e+04 2.70536000e+00
3.539290e+04 2.01166000e+00
3.539400e+04 1.19348000e+00
3.539510e+04 7.74933000e-01
3.539630e+04 5.39163000e-01
3.539850e+04 3.01341000e-01
3.540080e+04 1.91585000e-01
3.540530e+04 9.64973000e-02
3.540980e+04 5.78602000e-02
3.542780e+04 1.59549000e-02
3.546390e+04 4.20826000e-03
3.553610e+04 1.09905000e-03
3.568050e+04 2.99136000e-04
3.596920e+04 9.65534000e-05
3.654660e+04 4.65741000e-05
3.712400e+04 3.84878000e-05
3.770140e+04 3.67995000e-05
4.001100e+04 4.28900000e-05
4.250830e+04 6.05815000e-05
4.375690e+04 7.57704000e-05
4.500550e+04 9.87034000e-05
4.625410e+04 1.35345000e-04
4.750280e+04 1.98818000e-04
4.875140e+04 3.22644000e-04
4.937570e+04 4.33853000e-04
5.000000e+04 6.14260000e-04
5.042800e+04 8.11200000e-04
5.085600e+04 1.11859000e-03
5.123500e+04 1.55927000e-03
5.161400e+04 2.30851000e-03
5.195550e+04 3.52459000e-03
5.229700e+04 5.87277000e-03
5.244900e+04 7.61434000e-03
5.266400e+04 1.13192000e-02
5.275200e+04 1.33634000e-02
5.298600e+04 1.98487000e-02
5.322000e+04 2.34973000e-02
5.335900e+04 2.18607000e-02
5.377600e+04 1.11015000e-02
5.405080e+04 6.77725000e-03
5.432550e+04 4.40078000e-03
5.460030e+04 3.04057000e-03
5.487500e+04 2.21109000e-03
5.517850e+04 1.63002000e-03
5.548200e+04 1.24919000e-03
5.608900e+04 7.99766000e-04
5.663890e+04 5.73828000e-04
5.718880e+04 4.32391000e-04
5.828850e+04 2.72186000e-04
5.938830e+04 1.88374000e-04
6.048800e+04 1.39093000e-04
6.266830e+04 8.66928000e-05
6.484850e+04 6.05504000e-05
6.702880e+04 4.56274000e-05
6.920900e+04 3.63040000e-05
7.235630e+04 2.79845000e-05
7.550350e+04 2.29145000e-05
8.179800e+04 1.73833000e-05
8.998900e+04 1.42417000e-05
9.946900e+04 1.31788000e-05
1.000000e+05 1.31837000e-05
1.019730e+05 1.32763000e-05
1.039450e+05 1.35168000e-05
1.078900e+05 1.48334000e-05
1.126520e+05 2.32614000e-05
1.150330e+05 5.66269000e-05
1.162240e+05 1.88068000e-04
1.168190e+05 6.98616000e-04
1.169680e+05 1.21199000e-03
1.171170e+05 2.62100000e-03
1.171910e+05 4.49382000e-03
1.172660e+05 9.42992000e-03
1.173030e+05 1.56588000e-02
1.173400e+05 3.08392000e-02
1.173590e+05 4.82029000e-02
1.173770e+05 8.50400000e-02
1.173870e+05 1.20821000e-01
1.173960e+05 1.82877000e-01
1.174050e+05 2.99968000e-01
1.174100e+05 3.98184000e-01
1.174150e+05 5.33811000e-01
1.174220e+05 8.55962000e-01
1.174300e+05 1.06682000e+00
1.174380e+05 8.51387000e-01
1.174460e+05 5.33697000e-01
1.174520e+05 3.60695000e-01
1.174580e+05 2.51852000e-01
1.174640e+05 1.82876000e-01
1.174700e+05 1.38241000e-01
1.174830e+05 8.53544000e-02
1.174950e+05 5.76567000e-02
1.175200e+05 3.10562000e-02
1.175440e+05 1.93072000e-02
1.175940e+05 9.50885000e-03
1.176430e+05 5.63789000e-03
1.177420e+05 2.64681000e-03
1.178410e+05 1.53395000e-03
1.182360e+05 4.08748000e-04
1.190260e+05 1.13913000e-04
1.206070e+05 3.84917000e-05
1.237680e+05 1.96885000e-05
1.300900e+05 1.59539000e-05
1.366040e+05 1.75977000e-05
1.398610e+05 2.32947000e-05
1.414900e+05 4.38106000e-05
1.423040e+05 1.23265000e-04
1.427110e+05 4.29961000e-04
1.429150e+05 1.57695000e-03
1.430170e+05 5.58753000e-03
1.430670e+05 1.78940000e-02
1.430930e+05 4.76516000e-02
1.431060e+05 9.81344000e-02
1.431180e+05 2.60600000e-01
1.431240e+05 4.16988000e-01
1.431300e+05 5.21237000e-01
1.431420e+05 2.60575000e-01
1.431500e+05 1.36588000e-01
1.431580e+05 8.00561000e-02
1.431740e+05 3.55826000e-02
1.432050e+05 1.24765000e-02
1.432690e+05 3.75244000e-03
1.433960e+05 1.04240000e-03
1.436500e+05 2.86250000e-04
1.441580e+05 8.65967000e-05
1.451740e+05 3.55418000e-05
1.472060e+05 2.32279000e-05
1.512700e+05 2.17011000e-05
1.596050e+05 2.61910000e-05
1.679400e+05 3.53646000e-05
1.736950e+05 4.65409000e-05
1.794500e+05 6.64269000e-05
1.822900e+05 8.28122000e-05
1.851300e+05 1.08369000e-04
1.875880e+05 1.49665000e-04
1.882030e+05 1.70039000e-04
1.888170e+05 2.09921000e-04
1.894320e+05 3.71185000e-04
1.897390e+05 9.40253000e-04
1.898930e+05 2.96870000e-03
1.899700e+05 9.55519000e-03
1.900080e+05 2.72393000e-02
1.900270e+05 6.20001000e-02
1.900370e+05 1.07635000e-01
1.900460e+05 2.09226000e-01
1.900600e+05 4.17857000e-01
1.900740e+05 2.07702000e-01
1.900900e+05 7.35947000e-02
1.901060e+05 3.49798000e-02
1.901370e+05 1.29739000e-02
1.902010e+05 4.13304000e-03
1.903270e+05 1.29467000e-03
1.905810e+05 4.94975000e-04
1.910880e+05 2.96392000e-04
1.915950e+05 2.74539000e-04
1.921020e+05 2.82164000e-04
1.941300e+05 4.00847000e-04
1.958000e+05 6.08772000e-04
1.967500e+05 8.12474000e-04
1.977000e+05 1.13023000e-03
1.986900e+05 1.65753000e-03
1.990700e+05 1.92842000e-03
1.999350e+05 2.65210000e-03
2.008000e+05 3.22489000e-03
2.011500e+05 3.28292000e-03
2.015200e+05 3.20227000e-03
2.027700e+05 2.29710000e-03
2.036100e+05 1.69357000e-03
2.039600e+05 1.49716000e-03
2.048500e+05 1.12991000e-03
2.060050e+05 8.54704000e-04
2.071600e+05 7.13483000e-04
2.076500e+05 6.78957000e-04
2.089050e+05 6.35601000e-04
2.101600e+05 6.34943000e-04
2.135500e+05 6.78362000e-04
2.143000e+05 6.69596000e-04
2.159400e+05 6.12735000e-04
2.198100e+05 4.04202000e-04
2.214400e+05 3.36085000e-04
2.235000e+05 2.76471000e-04
2.265700e+05 2.34064000e-04
2.296400e+05 2.45252000e-04
2.314850e+05 2.91146000e-04
2.333300e+05 4.00648000e-04
2.347250e+05 5.86567000e-04
2.354230e+05 7.76888000e-04
2.357710e+05 9.56925000e-04
2.359460e+05 1.11121000e-03
2.361200e+05 1.38013000e-03
2.362450e+05 1.74959000e-03
2.363700e+05 2.54866000e-03
2.364470e+05 3.65299000e-03
2.365230e+05 6.28951000e-03
2.365620e+05 9.27489000e-03
2.366000e+05 1.55152000e-02
2.366190e+05 2.15189000e-02
2.366380e+05 3.17361000e-02
2.366580e+05 5.07475000e-02
2.366770e+05 8.75622000e-02
2.366930e+05 1.39994000e-01
2.367100e+05 1.75125000e-01
2.367270e+05 1.39959000e-01
2.367430e+05 8.75633000e-02
2.367550e+05 6.22349000e-02
2.367670e+05 4.53886000e-02
2.367790e+05 3.41769000e-02
2.367900e+05 2.65877000e-02
2.368130e+05 1.73413000e-02
2.368370e+05 1.22632000e-02
2.368830e+05 7.24862000e-03
2.369300e+05 4.98464000e-03
2.370090e+05 3.25988000e-03
2.370880e+05 2.50288000e-03
2.372450e+05 1.89670000e-03
2.375600e+05 1.62340000e-03
2.381900e+05 1.69078000e-03
2.390000e+05 1.79812000e-03
2.390500e+05 1.79707000e-03
2.392550e+05 1.78151000e-03
2.394600e+05 1.74859000e-03
2.398700e+05 1.64023000e-03
2.406900e+05 1.35601000e-03
2.412100e+05 1.21828000e-03
2.417300e+05 1.21211000e-03
2.419850e+05 1.33277000e-03
2.422400e+05 1.68713000e-03
2.424600e+05 2.54855000e-03
2.425700e+05 3.52778000e-03
2.426800e+05 5.46950000e-03
2.427430e+05 7.44280000e-03
2.428050e+05 1.05122000e-02
2.428880e+05 1.64555000e-02
2.429700e+05 2.04119000e-02
2.430450e+05 1.69851000e-02
2.431200e+05 1.13839000e-02
2.431350e+05 1.04386000e-02
2.431890e+05 7.67849000e-03
2.432440e+05 5.79047000e-03
2.433530e+05 3.60497000e-03
2.434610e+05 2.48989000e-03
2.435700e+05 1.86015000e-03
2.437500e+05 1.29262000e-03
2.439300e+05 9.90714000e-04
2.442250e+05 7.26222000e-04
2.445200e+05 5.82484000e-04
2.451100e+05 4.28547000e-04
2.458100e+05 3.32454000e-04
2.465100e+05 2.73144000e-04
2.484250e+05 1.83391000e-04
2.503400e+05 1.37231000e-04
2.539880e+05 9.26521000e-05
2.576350e+05 7.08377000e-05
2.649300e+05 5.10846000e-05
2.714150e+05 4.44296000e-05
2.779000e+05 4.35798000e-05
2.853050e+05 5.31156000e-05
2.890080e+05 7.13198000e-05
2.908590e+05 9.21227000e-05
2.927100e+05 1.35702000e-04
2.940650e+05 2.06460000e-04
2.947430e+05 2.72049000e-04
2.954200e+05 3.81400000e-04
2.961400e+05 5.98001000e-04
2.965000e+05 7.82519000e-04
2.968600e+05 1.05839000e-03
2.973000e+05 1.59189000e-03
2.974780e+05 1.88588000e-03
2.976550e+05 2.22189000e-03
2.980100e+05 2.91084000e-03
2.983200e+05 3.25606000e-03
2.987800e+05 3.23727000e-03
2.988950e+05 3.38203000e-03
2.990100e+05 3.86705000e-03
2.991250e+05 5.31338000e-03
2.991830e+05 7.02662000e-03
2.992400e+05 1.05464000e-02
2.992650e+05 1.32577000e-02
2.992900e+05 1.73192000e-02
2.993150e+05 2.35838000e-02
2.993400e+05 3.33298000e-02
2.993440e+05 3.51506000e-02
2.993520e+05 3.96145000e-02
2.993600e+05 4.45691000e-02
2.993770e+05 5.53384000e-02
2.994100e+05 6.87250000e-02
2.994430e+05 5.51629000e-02
2.994760e+05 3.49567000e-02
2.995000e+05 2.50246000e-02
2.995230e+05 1.84477000e-02
2.995700e+05 1.10731000e-02
2.996070e+05 8.02636000e-03
2.996440e+05 6.14480000e-03
2.997180e+05 4.05382000e-03
2.997910e+05 2.97251000e-03
2.998650e+05 2.33517000e-03
3.000130e+05 1.63217000e-03
3.001600e+05 1.25662000e-03
3.004550e+05 8.60014000e-04
3.007500e+05 6.49152000e-04
3.012630e+05 4.47817000e-04
3.017750e+05 3.38432000e-04
3.022880e+05 2.73846000e-04
3.028000e+05 2.36977000e-04
3.033900e+05 2.24400000e-04
3.039810e+05 2.67885000e-04
3.042760e+05 3.52320000e-04
3.045710e+05 6.00750000e-04
3.048660e+05 1.80093000e-03
3.050140e+05 5.37437000e-03
3.050870e+05 1.35573000e-02
3.051240e+05 2.64537000e-02
3.051610e+05 6.31767000e-02
3.051810e+05 1.01223000e-01
3.052000e+05 1.26653000e-01
3.052200e+05 1.01196000e-01
3.052390e+05 6.31639000e-02
3.052620e+05 3.62296000e-02
3.052840e+05 2.24715000e-02
3.053290e+05 1.06718000e-02
3.054190e+05 3.98722000e-03
3.055980e+05 1.29663000e-03
3.059570e+05 4.26472000e-04
3.066750e+05 1.71378000e-04
3.073920e+05 1.15838000e-04
3.081100e+05 9.29112000e-05
3.093350e+05 7.43773000e-05
3.105600e+05 6.49306000e-05
3.130100e+05 5.54747000e-05
3.179100e+05 4.92126000e-05
3.297000e+05 5.26495000e-05
3.437700e+05 7.32440000e-05
3.545300e+05 1.08092000e-04
3.620450e+05 1.54628000e-04
3.695600e+05 2.43138000e-04
3.751600e+05 3.67823000e-04
3.805200e+05 5.81044000e-04
3.809400e+05 6.03198000e-04
3.825500e+05 6.96160000e-04
3.884000e+05 1.08732000e-03
3.898600e+05 1.15917000e-03
3.912500e+05 1.19704000e-03
3.923200e+05 1.20151000e-03
3.935200e+05 1.18031000e-03
3.953900e+05 1.10014000e-03
3.971000e+05 9.94359000e-04
3.990500e+05 8.61084000e-04
4.029500e+05 6.22088000e-04
4.037100e+05 5.83615000e-04
4.065250e+05 4.64797000e-04
4.093400e+05 3.78070000e-04
4.149700e+05 2.72714000e-04
4.190750e+05 2.37250000e-04
4.231800e+05 2.41739000e-04
4.250500e+05 2.73330000e-04
4.269200e+05 3.62399000e-04
4.277700e+05 4.49598000e-04
4.286200e+05 6.00008000e-04
4.289000e+05 6.70221000e-04
4.299000e+05 1.01373000e-03
4.309000e+05 1.25817000e-03
4.309800e+05 1.25564000e-03
4.312200e+05 1.22465000e-03
4.314600e+05 1.16400000e-03
4.319400e+05 9.94474000e-04
4.329000e+05 6.76385000e-04
4.330100e+05 6.48569000e-04
4.334580e+05 5.53535000e-04
4.339050e+05 4.83027000e-04
4.348000e+05 3.92836000e-04
4.360600e+05 3.32329000e-04
4.373200e+05 3.12675000e-04
4.394300e+05 3.33834000e-04
4.417500e+05 4.35980000e-04
4.435300e+05 6.13110000e-04
4.453100e+05 9.71379000e-04
4.461500e+05 1.24178000e-03
4.474850e+05 1.77729000e-03
4.488200e+05 2.07336000e-03
4.492600e+05 2.02686000e-03
4.505500e+05 1.58405000e-03
4.518400e+05 1.09321000e-03
4.523300e+05 9.47050000e-04
4.534850e+05 6.89857000e-04
4.546400e+05 5.23241000e-04
4.563200e+05 3.75986000e-04
4.580000e+05 2.90129000e-04
4.593100e+05 2.46522000e-04
4.624000e+05 1.85637000e-04
4.654900e+05 1.54320000e-04
4.740950e+05 1.22824000e-04
4.827000e+05 1.21342000e-04
4.858100e+05 1.24520000e-04
4.903600e+05 1.32015000e-04
4.915000e+05 1.34403000e-04
4.936100e+05 1.39361000e-04
4.955600e+05 1.44571000e-04
4.977200e+05 1.51059000e-04
5.000000e+05 2.18373000e-04
5.001100e+05 2.78077000e-04
5.040100e+05 2.80819000e-04
5.078000e+05 2.83490000e-04
5.081700e+05 2.83751000e-04
5.083900e+05 2.83906000e-04
5.085200e+05 2.83997000e-04
5.086000e+05 2.84054000e-04
5.086700e+05 2.84103000e-04
5.088600e+05 2.84237000e-04
5.090100e+05 2.84343000e-04
5.092700e+05 2.84527000e-04
5.114000e+05 2.86031000e-04
5.194600e+05 2.91737000e-04
5.225600e+05 2.93938000e-04
5.269400e+05 2.97054000e-04
5.274100e+05 2.97389000e-04
5.298200e+05 2.99106000e-04
5.330900e+05 3.01440000e-04
5.367900e+05 3.04085000e-04
5.391300e+05 3.05761000e-04
5.410600e+05 3.07144000e-04
5.417700e+05 3.07653000e-04
5.437200e+05 3.09053000e-04
5.461500e+05 3.10799000e-04
5.485400e+05 3.12518000e-04
5.532200e+05 3.15890000e-04
5.581000e+05 3.19414000e-04
5.592600e+05 3.20253000e-04
5.629500e+05 3.22924000e-04
5.634000e+05 3.23250000e-04
5.636800e+05 3.23453000e-04
5.637900e+05 3.23533000e-04
5.639400e+05 3.23642000e-04
5.639900e+05 3.23678000e-04
5.640800e+05 3.23743000e-04
5.642800e+05 3.23888000e-04
5.644600e+05 3.24019000e-04
5.648000e+05 3.24265000e-04
5.658200e+05 3.25005000e-04
5.662600e+05 3.25324000e-04
5.699000e+05 3.27968000e-04
5.729100e+05 3.30158000e-04
5.745900e+05 3.31381000e-04
5.803100e+05 3.35554000e-04
5.834100e+05 3.37820000e-04
5.839700e+05 3.38230000e-04
5.875800e+05 3.40873000e-04
5.905600e+05 3.43058000e-04
5.924200e+05 3.44424000e-04
5.936000e+05 3.45291000e-04
5.963200e+05 3.47291000e-04
5.964600e+05 3.47394000e-04
5.975900e+05 3.48225000e-04
5.987900e+05 3.49109000e-04
5.989200e+05 3.49204000e-04
5.992600e+05 3.49455000e-04
5.995600e+05 3.49676000e-04
5.997400e+05 3.49808000e-04
5.999200e+05 3.49941000e-04
6.000000e+05 3.50000000e-04
6.001600e+05 3.50000000e-04
6.004000e+05 3.50000000e-04
6.007500e+05 3.50000000e-04
6.008700e+05 3.50000000e-04
6.014100e+05 3.50000000e-04
6.041200e+05 3.50000000e-04
6.053400e+05 3.50000000e-04
6.067200e+05 3.50000000e-04
6.073700e+05 3.50000000e-04
6.099700e+05 3.50000000e-04
6.114800e+05 3.50000000e-04
6.147000e+05 3.50000000e-04
6.158200e+05 3.50000000e-04
6.194600e+05 3.50000000e-04
6.216700e+05 3.50000000e-04
6.225600e+05 3.50000000e-04
6.246700e+05 3.50000000e-04
6.255700e+05 3.50000000e-04
6.266200e+05 3.50000000e-04
6.271100e+05 3.50000000e-04
6.275900e+05 3.50000000e-04
6.289800e+05 3.50000000e-04
6.301200e+05 3.50000000e-04
6.303600e+05 3.50000000e-04
6.333700e+05 3.50000000e-04
6.341000e+05 3.50000000e-04
6.359700e+05 3.50000000e-04
6.367000e+05 3.50000000e-04
6.392200e+05 3.50000000e-04
6.427900e+05 3.50000000e-04
6.489700e+05 3.50000000e-04
6.527800e+05 3.50000000e-04
6.574200e+05 3.50000000e-04
6.600000e+05 3.50000000e-04
6.633500e+05 3.48760000e-04
6.682200e+05 3.46976000e-04
6.697700e+05 3.46413000e-04
6.739100e+05 3.44920000e-04
6.813900e+05 3.42261000e-04
6.825200e+05 3.41864000e-04
6.830100e+05 3.41692000e-04
6.834200e+05 3.41548000e-04
6.835800e+05 3.41492000e-04
6.840700e+05 3.41321000e-04
6.848000e+05 3.41066000e-04
6.865100e+05 3.40470000e-04
6.879700e+05 3.39963000e-04
6.887800e+05 3.39683000e-04
6.939400e+05 3.37910000e-04
6.957700e+05 3.37287000e-04
6.983800e+05 3.36403000e-04
7.011300e+05 3.35478000e-04
7.022800e+05 3.35092000e-04
7.044400e+05 3.34372000e-04
7.074800e+05 3.33364000e-04
7.077500e+05 3.33275000e-04
7.103500e+05 3.32419000e-04
7.133300e+05 3.31445000e-04
7.138700e+05 3.31269000e-04
7.181700e+05 3.29878000e-04
7.185300e+05 3.29762000e-04
7.217800e+05 3.28720000e-04
7.225400e+05 3.28478000e-04
7.256800e+05 3.27481000e-04
7.260600e+05 3.27361000e-04
7.302800e+05 3.26033000e-04
7.334800e+05 3.25036000e-04
7.354900e+05 3.24413000e-04
7.386800e+05 3.23430000e-04
7.409900e+05 3.22723000e-04
7.448600e+05 3.21546000e-04
7.468300e+05 3.20952000e-04
7.471300e+05 3.20861000e-04
7.476800e+05 3.20696000e-04
7.481000e+05 3.20570000e-04
7.487300e+05 3.20380000e-04
7.493000e+05 3.20210000e-04
7.500000e+05 3.20000000e-04
7.500400e+05 3.19955000e-04
7.523300e+05 3.17398000e-04
7.549100e+05 3.14550000e-04
7.572600e+05 3.11987000e-04
7.575300e+05 3.11694000e-04
7.589400e+05 3.10172000e-04
7.616300e+05 3.07296000e-04
7.627300e+05 3.06131000e-04
7.634700e+05 3.05351000e-04
7.651500e+05 3.03589000e-04
7.656600e+05 3.03057000e-04
7.661600e+05 3.02536000e-04
7.665000e+05 3.02183000e-04
7.670000e+05 3.01665000e-04
7.688500e+05 2.99758000e-04
7.705300e+05 2.98040000e-04
7.717000e+05 2.96852000e-04
7.732100e+05 2.95329000e-04
7.760700e+05 2.92472000e-04
7.779100e+05 2.90654000e-04
7.795900e+05 2.89008000e-04
7.809300e+05 2.87705000e-04
7.829500e+05 2.85755000e-04
7.861400e+05 2.82712000e-04
7.867800e+05 2.82107000e-04
7.895000e+05 2.79556000e-04
7.960500e+05 2.73541000e-04
8.000000e+05 2.70000000e-04
8.017300e+05 2.69280000e-04
8.044500e+05 2.68156000e-04
8.101600e+05 2.65822000e-04
8.127800e+05 2.64763000e-04
8.182200e+05 2.62590000e-04
8.264400e+05 2.59366000e-04
8.272900e+05 2.59037000e-04
8.326600e+05 2.56974000e-04
8.405500e+05 2.53996000e-04
8.426900e+05 2.53199000e-04
8.504600e+05 2.50344000e-04
8.524400e+05 2.49625000e-04
8.578500e+05 2.47681000e-04
8.589400e+05 2.47293000e-04
8.657400e+05 2.44895000e-04
8.719400e+05 2.42745000e-04
8.738000e+05 2.42106000e-04
8.800000e+05 2.40000000e-04
8.803500e+05 2.39968000e-04
8.836400e+05 2.39670000e-04
8.865700e+05 2.39406000e-04
8.922800e+05 2.38895000e-04
8.933900e+05 2.38796000e-04
8.966400e+05 2.38508000e-04
8.972900e+05 2.38450000e-04
8.991600e+05 2.38285000e-04
9.022900e+05 2.38010000e-04
9.024900e+05 2.37992000e-04
9.045600e+05 2.37811000e-04
9.057000e+05 2.37711000e-04
9.075200e+05 2.37552000e-04
9.113900e+05 2.37216000e-04
9.115900e+05 2.37198000e-04
9.132100e+05 2.37058000e-04
9.150300e+05 2.36901000e-04
9.173000e+05 2.36706000e-04
9.227600e+05 2.36239000e-04
9.265400e+05 2.35917000e-04
9.286800e+05 2.35736000e-04
9.336900e+05 2.35314000e-04
9.364100e+05 2.35087000e-04
9.432400e+05 2.34518000e-04
9.441000e+05 2.34447000e-04
9.464200e+05 2.34256000e-04
9.496100e+05 2.33993000e-04
9.525700e+05 2.33751000e-04
9.532000e+05 2.33700000e-04
9.590500e+05 2.33224000e-04
9.621200e+05 2.32976000e-04
9.642500e+05 2.32805000e-04
9.646300e+05 2.32774000e-04
9.657600e+05 2.32683000e-04
9.664500e+05 2.32628000e-04
9.666700e+05 2.32610000e-04
9.671300e+05 2.32574000e-04
9.678100e+05 2.32519000e-04
9.682700e+05 2.32482000e-04
9.684900e+05 2.32465000e-04
9.691800e+05 2.32410000e-04
9.712200e+05 2.32247000e-04
9.733500e+05 2.32078000e-04
9.741800e+05 2.32012000e-04
9.764600e+05 2.31831000e-04
9.791900e+05 2.31616000e-04
9.805500e+05 2.31509000e-04
9.819200e+05 2.31401000e-04
9.824500e+05 2.31360000e-04
9.844200e+05 2.31206000e-04
9.857900e+05 2.31099000e-04
9.870000e+05 2.31004000e-04
9.889700e+05 2.30851000e-04
9.922000e+05 2.30600000e-04
9.926100e+05 2.30569000e-04
9.961000e+05 2.30299000e-04
9.976200e+05 2.30183000e-04
9.994400e+05 2.30043000e-04
1.000000e+06 2.30000000e-04
1.000100e+06 2.29994000e-04
1.001900e+06 2.29886000e-04
1.005600e+06 2.29664000e-04
1.007300e+06 2.29563000e-04
1.009000e+06 2.29461000e-04
1.012600e+06 2.29247000e-04
1.013200e+06 2.29212000e-04
1.017600e+06 2.28952000e-04
1.023600e+06 2.28600000e-04
1.025100e+06 2.28512000e-04
1.029000e+06 2.28285000e-04
1.031700e+06 2.28129000e-04
1.033500e+06 2.28025000e-04
1.035400e+06 2.27915000e-04
1.038200e+06 2.27754000e-04
1.039300e+06 2.27691000e-04
1.044000e+06 2.27422000e-04
1.049000e+06 2.27138000e-04
1.051100e+06 2.27019000e-04
1.056100e+06 2.26737000e-04
1.059700e+06 2.26535000e-04
1.062200e+06 2.26395000e-04
1.064500e+06 2.26267000e-04
1.066300e+06 2.26167000e-04
1.069500e+06 2.25990000e-04
1.072800e+06 2.25808000e-04
1.073400e+06 2.25775000e-04
1.078400e+06 2.25500000e-04
1.080000e+06 2.25413000e-04
1.082900e+06 2.25254000e-04
1.085200e+06 2.25129000e-04
1.086600e+06 2.25053000e-04
1.087700e+06 2.24994000e-04
1.088300e+06 2.24961000e-04
1.089100e+06 2.24918000e-04
1.090000e+06 2.24869000e-04
1.094200e+06 2.24643000e-04
1.098400e+06 2.24418000e-04
1.104200e+06 2.24109000e-04
1.108000e+06 2.23907000e-04
1.109600e+06 2.23823000e-04
1.110900e+06 2.23754000e-04
1.111200e+06 2.23738000e-04
1.113100e+06 2.23638000e-04
1.119900e+06 2.23282000e-04
1.124100e+06 2.23063000e-04
1.129900e+06 2.22763000e-04
1.133600e+06 2.22572000e-04
1.133700e+06 2.22567000e-04
1.139500e+06 2.22270000e-04
1.141500e+06 2.22168000e-04
1.145600e+06 2.21960000e-04
1.148900e+06 2.21793000e-04
1.155100e+06 2.21480000e-04
1.157400e+06 2.21365000e-04
1.159200e+06 2.21275000e-04
1.163800e+06 2.21046000e-04
1.167800e+06 2.20847000e-04
1.170800e+06 2.20699000e-04
1.171700e+06 2.20655000e-04
1.173500e+06 2.20566000e-04
1.176200e+06 2.20433000e-04
1.180100e+06 2.20242000e-04
1.183300e+06 2.20086000e-04
1.186800e+06 2.19916000e-04
1.192200e+06 2.19655000e-04
1.196300e+06 2.19458000e-04
1.199100e+06 2.19323000e-04
1.200600e+06 2.19252000e-04
1.204900e+06 2.19047000e-04
1.206300e+06 2.18980000e-04
1.210600e+06 2.18776000e-04
1.212800e+06 2.18672000e-04
1.214700e+06 2.18583000e-04
1.219800e+06 2.18343000e-04
1.224200e+06 2.18137000e-04
1.225200e+06 2.18091000e-04
1.229300e+06 2.17900000e-04
1.233700e+06 2.17696000e-04
1.233900e+06 2.17687000e-04
1.237700e+06 2.17512000e-04
1.242000e+06 2.17314000e-04
1.244400e+06 2.17205000e-04
1.254500e+06 2.16746000e-04
1.263200e+06 2.16354000e-04
1.268300e+06 2.16126000e-04
1.271800e+06 2.15970000e-04
1.278900e+06 2.15655000e-04
1.284600e+06 2.15404000e-04
1.289700e+06 2.15181000e-04
1.290200e+06 2.15159000e-04
1.295900e+06 2.14911000e-04
1.298100e+06 2.14816000e-04
1.301200e+06 2.14682000e-04
1.304800e+06 2.14526000e-04
1.306500e+06 2.14453000e-04
1.307600e+06 2.14406000e-04
1.309600e+06 2.14320000e-04
1.312200e+06 2.14209000e-04
1.314100e+06 2.14128000e-04
1.316200e+06 2.14038000e-04
1.317900e+06 2.13966000e-04
1.319300e+06 2.13907000e-04
1.321000e+06 2.13835000e-04
1.322000e+06 2.13792000e-04
1.323400e+06 2.13733000e-04
1.325300e+06 2.13653000e-04
1.329000e+06 2.13497000e-04
1.329800e+06 2.13463000e-04
1.333200e+06 2.13321000e-04
1.337000e+06 2.13162000e-04
1.343400e+06 2.12895000e-04
1.351300e+06 2.12569000e-04
1.354800e+06 2.12425000e-04
1.355300e+06 2.12404000e-04
1.363700e+06 2.12061000e-04
1.366000e+06 2.11968000e-04
1.368700e+06 2.11858000e-04
1.372200e+06 2.11716000e-04
1.376500e+06 2.11543000e-04
1.380600e+06 2.11379000e-04
1.383400e+06 2.11266000e-04
1.385000e+06 2.11203000e-04
1.387300e+06 2.11111000e-04
1.388900e+06 2.11047000e-04
1.390600e+06 2.10980000e-04
1.391100e+06 2.10960000e-04
1.392000e+06 2.10924000e-04
1.393000e+06 2.10884000e-04
1.394200e+06 2.10837000e-04
1.395600e+06 2.10781000e-04
1.397500e+06 2.10706000e-04
1.399300e+06 2.10635000e-04
1.403900e+06 2.10454000e-04
1.411300e+06 2.10165000e-04
1.419400e+06 2.09850000e-04
1.425600e+06 2.09611000e-04
1.426800e+06 2.09565000e-04
1.429400e+06 2.09465000e-04
1.431100e+06 2.09400000e-04
1.433500e+06 2.09308000e-04
1.438700e+06 2.09110000e-04
1.451100e+06 2.08641000e-04
1.455400e+06 2.08479000e-04
1.464000e+06 2.08158000e-04
1.470400e+06 2.07920000e-04
1.472800e+06 2.07831000e-04
1.473200e+06 2.07817000e-04
1.478300e+06 2.07629000e-04
1.485000e+06 2.07383000e-04
1.490200e+06 2.07193000e-04
1.493100e+06 2.07088000e-04
1.495700e+06 2.06994000e-04
1.497600e+06 2.06925000e-04
1.498300e+06 2.06900000e-04
1.500800e+06 2.06809000e-04
1.504300e+06 2.06683000e-04
1.508700e+06 2.06525000e-04
1.515400e+06 2.06286000e-04
1.525900e+06 2.05913000e-04
1.537000e+06 2.05523000e-04
1.537600e+06 2.05502000e-04
1.540300e+06 2.05408000e-04
1.543800e+06 2.05286000e-04
1.545500e+06 2.05226000e-04
1.549900e+06 2.05074000e-04
1.550700e+06 2.05046000e-04
1.556900e+06 2.04832000e-04
1.560200e+06 2.04718000e-04
1.562500e+06 2.04640000e-04
1.569500e+06 2.04400000e-04
1.575100e+06 2.04210000e-04
1.579300e+06 2.04067000e-04
1.582400e+06 2.03963000e-04
1.587900e+06 2.03778000e-04
1.592300e+06 2.03630000e-04
1.595800e+06 2.03513000e-04
1.599100e+06 2.03403000e-04
1.601100e+06 2.03336000e-04
1.601700e+06 2.03316000e-04
1.603200e+06 2.03267000e-04
1.604300e+06 2.03230000e-04
1.605500e+06 2.03190000e-04
1.606100e+06 2.03170000e-04
1.607800e+06 2.03114000e-04
1.610500e+06 2.03025000e-04
1.613100e+06 2.02939000e-04
1.615700e+06 2.02854000e-04
1.616300e+06 2.02834000e-04
1.619500e+06 2.02729000e-04
1.626000e+06 2.02517000e-04
1.630900e+06 2.02357000e-04
1.632100e+06 2.02318000e-04
1.633900e+06 2.02260000e-04
1.636200e+06 2.02185000e-04
1.638800e+06 2.02101000e-04
1.641500e+06 2.02014000e-04
1.650500e+06 2.01725000e-04
1.650800e+06 2.01716000e-04
1.662800e+06 2.01334000e-04
1.665100e+06 2.01261000e-04
1.674800e+06 2.00955000e-04
1.677500e+06 2.00870000e-04
1.679800e+06 2.00798000e-04
1.681000e+06 2.00761000e-04
1.683900e+06 2.00670000e-04
1.685400e+06 2.00623000e-04
1.688900e+06 2.00514000e-04
1.693800e+06 2.00362000e-04
1.696500e+06 2.00279000e-04
1.701100e+06 2.00137000e-04
1.705600e+06 1.99999000e-04
1.706400e+06 1.99974000e-04
1.711400e+06 1.99821000e-04
1.716400e+06 1.99668000e-04
1.719600e+06 1.99571000e-04
1.720700e+06 1.99538000e-04
1.723400e+06 1.99456000e-04
1.735700e+06 1.99085000e-04
1.739000e+06 1.98986000e-04
1.741500e+06 1.98911000e-04
1.746500e+06 1.98762000e-04
1.756400e+06 1.98468000e-04
1.758200e+06 1.98415000e-04
1.760300e+06 1.98353000e-04
1.762500e+06 1.98288000e-04
1.767900e+06 1.98129000e-04
1.769800e+06 1.98073000e-04
1.772400e+06 1.97997000e-04
1.773700e+06 1.97959000e-04
1.780700e+06 1.97755000e-04
1.783400e+06 1.97677000e-04
1.785200e+06 1.97625000e-04
1.787000e+06 1.97573000e-04
1.789200e+06 1.97509000e-04
1.791300e+06 1.97448000e-04
1.796100e+06 1.97310000e-04
1.798300e+06 1.97247000e-04
1.799500e+06 1.97212000e-04
1.800700e+06 1.97178000e-04
1.801900e+06 1.97144000e-04
1.802800e+06 1.97118000e-04
1.803400e+06 1.97101000e-04
1.804000e+06 1.97083000e-04
1.805700e+06 1.97035000e-04
1.808600e+06 1.96952000e-04
1.826000e+06 1.96459000e-04
1.835900e+06 1.96181000e-04
1.840300e+06 1.96058000e-04
1.848300e+06 1.95836000e-04
1.862900e+06 1.95433000e-04
1.879300e+06 1.94985000e-04
1.884400e+06 1.94847000e-04
1.889600e+06 1.94706000e-04
1.895600e+06 1.94545000e-04
1.901400e+06 1.94389000e-04
1.903500e+06 1.94333000e-04
1.906900e+06 1.94242000e-04
1.910600e+06 1.94144000e-04
1.911700e+06 1.94114000e-04
1.914100e+06 1.94051000e-04
1.918400e+06 1.93937000e-04
1.922600e+06 1.93826000e-04
1.928100e+06 1.93681000e-04
1.931400e+06 1.93594000e-04
1.932400e+06 1.93568000e-04
1.933300e+06 1.93544000e-04
1.933600e+06 1.93536000e-04
1.934800e+06 1.93505000e-04
1.936000e+06 1.93474000e-04
1.937500e+06 1.93434000e-04
1.939300e+06 1.93387000e-04
1.948800e+06 1.93140000e-04
1.953000e+06 1.93031000e-04
1.956900e+06 1.92930000e-04
1.961500e+06 1.92812000e-04
1.966600e+06 1.92681000e-04
1.969400e+06 1.92609000e-04
1.973300e+06 1.92509000e-04
1.973800e+06 1.92497000e-04
1.978200e+06 1.92384000e-04
1.988200e+06 1.92131000e-04
1.990000e+06 1.92085000e-04
1.996400e+06 1.91924000e-04
1.997900e+06 1.91886000e-04
2.011700e+06 1.91541000e-04
2.015000e+06 1.91458000e-04
2.018200e+06 1.91379000e-04
2.020000e+06 1.91334000e-04
2.025000e+06 1.91210000e-04
2.026900e+06 1.91164000e-04
2.030100e+06 1.91085000e-04
2.033200e+06 1.91008000e-04
2.041400e+06 1.90807000e-04
2.044600e+06 1.90729000e-04
2.047300e+06 1.90663000e-04
2.051900e+06 1.90551000e-04
2.055500e+06 1.90464000e-04
2.068300e+06 1.90154000e-04
2.079700e+06 1.89881000e-04
2.083200e+06 1.89797000e-04
2.084200e+06 1.89774000e-04
2.089700e+06 1.89643000e-04
2.096500e+06 1.89481000e-04
2.106000e+06 1.89257000e-04
2.109200e+06 1.89182000e-04
2.113800e+06 1.89074000e-04
2.122400e+06 1.88873000e-04
2.125600e+06 1.88799000e-04
2.128700e+06 1.88727000e-04
2.132000e+06 1.88650000e-04
2.136500e+06 1.88546000e-04
2.138500e+06 1.88500000e-04
2.142900e+06 1.88399000e-04
2.147900e+06 1.88284000e-04
2.150400e+06 1.88226000e-04
2.152900e+06 1.88169000e-04
2.156600e+06 1.88085000e-04
2.160000e+06 1.88007000e-04
2.161100e+06 1.87982000e-04
2.167900e+06 1.87828000e-04
2.169200e+06 1.87798000e-04
2.175000e+06 1.87667000e-04
2.177900e+06 1.87601000e-04
2.184000e+06 1.87464000e-04
2.190200e+06 1.87325000e-04
2.196100e+06 1.87193000e-04
2.200700e+06 1.87091000e-04
2.202500e+06 1.87051000e-04
2.203900e+06 1.87019000e-04
2.209300e+06 1.86900000e-04
2.210000e+06 1.86884000e-04
2.214300e+06 1.86789000e-04
2.216600e+06 1.86738000e-04
2.219300e+06 1.86679000e-04
2.220000e+06 1.86663000e-04
2.221200e+06 1.86637000e-04
2.225300e+06 1.86547000e-04
2.232500e+06 1.86389000e-04
2.233800e+06 1.86361000e-04
2.238500e+06 1.86258000e-04
2.240000e+06 1.86226000e-04
2.242100e+06 1.86180000e-04
2.245300e+06 1.86111000e-04
2.251200e+06 1.85983000e-04
2.255800e+06 1.85883000e-04
2.259800e+06 1.85797000e-04
2.260800e+06 1.85776000e-04
2.265300e+06 1.85679000e-04
2.268500e+06 1.85610000e-04
2.270800e+06 1.85561000e-04
2.274400e+06 1.85484000e-04
2.280000e+06 1.85365000e-04
2.285800e+06 1.85242000e-04
2.289000e+06 1.85174000e-04
2.290000e+06 1.85153000e-04
2.295300e+06 1.85041000e-04
2.310400e+06 1.84723000e-04
2.313500e+06 1.84658000e-04
2.319000e+06 1.84544000e-04
2.320000e+06 1.84523000e-04
2.324500e+06 1.84429000e-04
2.330000e+06 1.84315000e-04
2.335400e+06 1.84204000e-04
2.336700e+06 1.84177000e-04
2.342200e+06 1.84063000e-04
2.346300e+06 1.83979000e-04
2.360000e+06 1.83699000e-04
2.362200e+06 1.83654000e-04
2.375700e+06 1.83380000e-04
2.380000e+06 1.83294000e-04
2.386800e+06 1.83157000e-04
2.398800e+06 1.82916000e-04
2.405800e+06 1.82777000e-04
2.410000e+06 1.82694000e-04
2.411300e+06 1.82668000e-04
2.415300e+06 1.82588000e-04
2.418700e+06 1.82521000e-04
2.422700e+06 1.82442000e-04
2.426200e+06 1.82373000e-04
2.426700e+06 1.82364000e-04
2.436200e+06 1.82177000e-04
2.438700e+06 1.82128000e-04
2.443200e+06 1.82040000e-04
2.454100e+06 1.81828000e-04
2.455600e+06 1.81799000e-04
2.459600e+06 1.81722000e-04
2.462100e+06 1.81673000e-04
2.466600e+06 1.81587000e-04
2.476600e+06 1.81394000e-04
2.489500e+06 1.81148000e-04
2.491500e+06 1.81110000e-04
2.498000e+06 1.80986000e-04
2.500000e+06 1.80948000e-04
2.503500e+06 1.80882000e-04
2.510000e+06 1.80759000e-04
2.515400e+06 1.80658000e-04
2.520000e+06 1.80571000e-04
2.520900e+06 1.80555000e-04
2.524900e+06 1.80480000e-04
2.526900e+06 1.80442000e-04
2.529400e+06 1.80395000e-04
2.530000e+06 1.80384000e-04
2.533400e+06 1.80321000e-04
2.538400e+06 1.80228000e-04
2.542300e+06 1.80155000e-04
2.548300e+06 1.80044000e-04
2.550400e+06 1.80005000e-04
2.560000e+06 1.79828000e-04
2.560300e+06 1.79823000e-04
2.563300e+06 1.79768000e-04
2.565800e+06 1.79722000e-04
2.568300e+06 1.79676000e-04
2.570200e+06 1.79641000e-04
2.573200e+06 1.79587000e-04
2.579700e+06 1.79468000e-04
2.585000e+06 1.79372000e-04
2.585200e+06 1.79368000e-04
2.594200e+06 1.79205000e-04
2.599700e+06 1.79106000e-04
2.601100e+06 1.79080000e-04
2.606100e+06 1.78990000e-04
2.608900e+06 1.78940000e-04
2.610000e+06 1.78920000e-04
2.615400e+06 1.78823000e-04
2.620600e+06 1.78730000e-04
2.630000e+06 1.78563000e-04
2.637000e+06 1.78439000e-04
2.654000e+06 1.78139000e-04
2.671900e+06 1.77826000e-04
2.676400e+06 1.77747000e-04
2.680000e+06 1.77685000e-04
2.684400e+06 1.77609000e-04
2.697300e+06 1.77386000e-04
2.699900e+06 1.77341000e-04
2.703300e+06 1.77283000e-04
2.710000e+06 1.77168000e-04
2.714300e+06 1.77094000e-04
2.718800e+06 1.77018000e-04
2.720000e+06 1.76997000e-04
2.727200e+06 1.76875000e-04
2.731700e+06 1.76798000e-04
2.740700e+06 1.76646000e-04
2.750200e+06 1.76486000e-04
2.755800e+06 1.76392000e-04
2.755830e+06 1.76392000e-04
2.760000e+06 1.76322000e-04
2.785000e+06 1.75906000e-04
2.790900e+06 1.75809000e-04
2.797500e+06 1.75700000e-04
2.800000e+06 1.75659000e-04
2.811800e+06 1.75466000e-04
2.814700e+06 1.75418000e-04
2.819900e+06 1.75334000e-04
2.820000e+06 1.75332000e-04
2.823700e+06 1.75272000e-04
2.828000e+06 1.75202000e-04
2.830000e+06 1.75170000e-04
2.840000e+06 1.75008000e-04
2.841000e+06 1.74992000e-04
2.845900e+06 1.74913000e-04
2.860000e+06 1.74687000e-04
2.860500e+06 1.74679000e-04
2.880000e+06 1.74368000e-04
2.883300e+06 1.74316000e-04
2.894600e+06 1.74138000e-04
2.906800e+06 1.73946000e-04
2.907400e+06 1.73937000e-04
2.912700e+06 1.73854000e-04
2.920000e+06 1.73740000e-04
2.924700e+06 1.73667000e-04
2.941800e+06 1.73402000e-04
2.943700e+06 1.73373000e-04
2.950000e+06 1.73276000e-04
2.952300e+06 1.73240000e-04
2.972600e+06 1.72930000e-04
2.980300e+06 1.72813000e-04
2.981600e+06 1.72793000e-04
2.994600e+06 1.72596000e-04
3.000000e+06 1.72515000e-04
3.003500e+06 1.72462000e-04
3.020000e+06 1.72215000e-04
3.032800e+06 1.72025000e-04
3.043300e+06 1.71869000e-04
3.064500e+06 1.71557000e-04
3.066100e+06 1.71533000e-04
3.070000e+06 1.71476000e-04
3.076700e+06 1.71379000e-04
3.083400e+06 1.71281000e-04
3.092100e+06 1.71155000e-04
3.098600e+06 1.71061000e-04
3.099700e+06 1.71045000e-04
3.100000e+06 1.71040000e-04
3.112400e+06 1.70862000e-04
3.113900e+06 1.70840000e-04
3.120000e+06 1.70753000e-04
3.144100e+06 1.70409000e-04
3.153800e+06 1.70272000e-04
3.155500e+06 1.70248000e-04
3.157500e+06 1.70220000e-04
3.166800e+06 1.70089000e-04
3.176600e+06 1.69951000e-04
3.180000e+06 1.69903000e-04
3.182300e+06 1.69871000e-04
3.185000e+06 1.69834000e-04
3.194500e+06 1.69701000e-04
3.197200e+06 1.69664000e-04
3.201500e+06 1.69604000e-04
3.208300e+06 1.69510000e-04
3.213400e+06 1.69439000e-04
3.215600e+06 1.69409000e-04
3.224500e+06 1.69286000e-04
3.230000e+06 1.69211000e-04
3.243200e+06 1.69030000e-04
3.253000e+06 1.68897000e-04
3.261900e+06 1.68776000e-04
3.267600e+06 1.68699000e-04
3.270000e+06 1.68667000e-04
3.279000e+06 1.68545000e-04
3.292300e+06 1.68367000e-04
3.296300e+06 1.68313000e-04
3.301700e+06 1.68241000e-04
3.312300e+06 1.68100000e-04
3.320000e+06 1.67998000e-04
3.325300e+06 1.67928000e-04
3.332600e+06 1.67831000e-04
3.336700e+06 1.67777000e-04
3.347200e+06 1.67639000e-04
3.360200e+06 1.67469000e-04
3.371600e+06 1.67321000e-04
3.376800e+06 1.67254000e-04
3.379700e+06 1.67216000e-04
3.389800e+06 1.67085000e-04
3.391100e+06 1.67069000e-04
3.391900e+06 1.67058000e-04
3.393300e+06 1.67040000e-04
3.397300e+06 1.66989000e-04
3.400000e+06 1.66954000e-04
3.404100e+06 1.66901000e-04
3.416300e+06 1.66745000e-04
3.446400e+06 1.66363000e-04
3.483700e+06 1.65895000e-04
3.490000e+06 1.65816000e-04
3.494300e+06 1.65763000e-04
3.495800e+06 1.65744000e-04
3.497100e+06 1.65728000e-04
3.500000e+06 1.65692000e-04
3.506000e+06 1.65618000e-04
3.517000e+06 1.65482000e-04
3.535400e+06 1.65256000e-04
3.545200e+06 1.65136000e-04
3.556000e+06 1.65005000e-04
3.568600e+06 1.64852000e-04
3.576600e+06 1.64756000e-04
3.588500e+06 1.64612000e-04
3.600000e+06 1.64474000e-04
3.617000e+06 1.64272000e-04
3.636200e+06 1.64044000e-04
3.636600e+06 1.64040000e-04
3.638500e+06 1.64017000e-04
3.650300e+06 1.63878000e-04
3.662200e+06 1.63739000e-04
3.677400e+06 1.63561000e-04
3.684600e+06 1.63477000e-04
3.686900e+06 1.63451000e-04
3.691400e+06 1.63399000e-04
3.705500e+06 1.63236000e-04
3.712000e+06 1.63161000e-04
3.717200e+06 1.63101000e-04
3.731500e+06 1.62937000e-04
3.743800e+06 1.62797000e-04
3.745600e+06 1.62776000e-04
3.750000e+06 1.62726000e-04
3.753200e+06 1.62690000e-04
3.754800e+06 1.62672000e-04
3.754820e+06 1.62671000e-04
3.762000e+06 1.62590000e-04
3.763800e+06 1.62570000e-04
3.767300e+06 1.62530000e-04
3.770000e+06 1.62500000e-04
3.774100e+06 1.62454000e-04
3.784600e+06 1.62335000e-04
3.784700e+06 1.62334000e-04
3.786600e+06 1.62313000e-04
3.789600e+06 1.62279000e-04
3.796500e+06 1.62202000e-04
3.800700e+06 1.62155000e-04
3.809500e+06 1.62057000e-04
3.838800e+06 1.61732000e-04
3.840000e+06 1.61719000e-04
3.841500e+06 1.61703000e-04
3.847500e+06 1.61636000e-04
3.850000e+06 1.61609000e-04
3.856100e+06 1.61542000e-04
3.871300e+06 1.61376000e-04
3.888600e+06 1.61187000e-04
3.900000e+06 1.61064000e-04
3.901400e+06 1.61049000e-04
3.906000e+06 1.60999000e-04
3.907000e+06 1.60988000e-04
3.914600e+06 1.60907000e-04
3.930900e+06 1.60732000e-04
3.963400e+06 1.60386000e-04
3.986100e+06 1.60146000e-04
4.000000e+06 1.60000000e-04
4.001000e+06 1.60000000e-04
4.005600e+06 1.60000000e-04
4.007600e+06 1.60000000e-04
4.015400e+06 1.60000000e-04
4.025100e+06 1.60000000e-04
4.035600e+06 1.60000000e-04
4.035620e+06 1.60000000e-04
4.040000e+06 1.60000000e-04
4.050000e+06 1.60000000e-04
4.050200e+06 1.60000000e-04
4.050240e+06 1.60000000e-04
4.056600e+06 1.60000000e-04
4.062000e+06 1.60000000e-04
4.065200e+06 1.60000000e-04
4.088000e+06 1.60000000e-04
4.097700e+06 1.60000000e-04
4.100000e+06 1.60000000e-04
4.104000e+06 1.60000000e-04
4.104200e+06 1.60000000e-04
4.125200e+06 1.60000000e-04
4.153000e+06 1.60000000e-04
4.173600e+06 1.60000000e-04
4.187600e+06 1.60000000e-04
4.200000e+06 1.60000000e-04
4.206100e+06 1.60000000e-04
4.212600e+06 1.60000000e-04
4.232900e+06 1.60000000e-04
4.236400e+06 1.60000000e-04
4.254800e+06 1.60000000e-04
4.272200e+06 1.60000000e-04
4.284100e+06 1.60000000e-04
4.287300e+06 1.60000000e-04
4.298200e+06 1.60000000e-04
4.300000e+06 1.60000000e-04
4.316600e+06 1.60000000e-04
4.342600e+06 1.60000000e-04
4.352300e+06 1.60000000e-04
4.361000e+06 1.60000000e-04
4.370700e+06 1.60000000e-04
4.395700e+06 1.60000000e-04
4.425100e+06 1.60000000e-04
4.456900e+06 1.60000000e-04
4.486300e+06 1.60000000e-04
4.500000e+06 1.60000000e-04
4.530400e+06 1.60114000e-04
4.535300e+06 1.60132000e-04
4.570800e+06 1.60263000e-04
4.583000e+06 1.60308000e-04
4.594000e+06 1.60349000e-04
4.600000e+06 1.60371000e-04
4.602600e+06 1.60381000e-04
4.624400e+06 1.60460000e-04
4.628300e+06 1.60475000e-04
4.640600e+06 1.60520000e-04
4.668700e+06 1.60622000e-04
4.698100e+06 1.60728000e-04
4.700000e+06 1.60735000e-04
4.707900e+06 1.60763000e-04
4.722600e+06 1.60816000e-04
4.750000e+06 1.60914000e-04
4.754400e+06 1.60930000e-04
4.777700e+06 1.61013000e-04
4.809500e+06 1.61125000e-04
4.847800e+06 1.61260000e-04
4.854600e+06 1.61284000e-04
4.858600e+06 1.61298000e-04
4.861500e+06 1.61308000e-04
4.883000e+06 1.61383000e-04
4.952800e+06 1.61625000e-04
4.971100e+06 1.61687000e-04
4.979300e+06 1.61715000e-04
4.980000e+06 1.61718000e-04
5.000000e+06 1.61786000e-04
5.002900e+06 1.61796000e-04
5.016400e+06 1.61842000e-04
5.056800e+06 1.61979000e-04
5.074000e+06 1.62037000e-04
5.104600e+06 1.62140000e-04
5.119700e+06 1.62190000e-04
5.130000e+06 1.62224000e-04
5.136400e+06 1.62246000e-04
5.160900e+06 1.62327000e-04
5.171900e+06 1.62363000e-04
5.182900e+06 1.62400000e-04
5.200000e+06 1.62456000e-04
5.244100e+06 1.62601000e-04
5.250000e+06 1.62620000e-04
5.270000e+06 1.62685000e-04
5.271100e+06 1.62689000e-04
5.290700e+06 1.62752000e-04
5.300000e+06 1.62783000e-04
5.310200e+06 1.62816000e-04
5.329800e+06 1.62879000e-04
5.349400e+06 1.62942000e-04
5.349800e+06 1.62943000e-04
5.350000e+06 1.62944000e-04
5.362900e+06 1.62985000e-04
5.398000e+06 1.63097000e-04
5.399600e+06 1.63102000e-04
5.400000e+06 1.63103000e-04
5.404700e+06 1.63118000e-04
5.421600e+06 1.63172000e-04
5.443700e+06 1.63242000e-04
5.459600e+06 1.63292000e-04
5.465700e+06 1.63311000e-04
5.484100e+06 1.63369000e-04
5.496300e+06 1.63408000e-04
5.500000e+06 1.63419000e-04
5.513800e+06 1.63462000e-04
5.528900e+06 1.63509000e-04
5.542400e+06 1.63551000e-04
5.564200e+06 1.63619000e-04
5.572300e+06 1.63644000e-04
5.586000e+06 1.63687000e-04
5.600000e+06 1.63730000e-04
5.606200e+06 1.63749000e-04
5.616000e+06 1.63779000e-04
5.616050e+06 1.63779000e-04
5.630000e+06 1.63822000e-04
5.633000e+06 1.63831000e-04
5.659900e+06 1.63913000e-04
5.721600e+06 1.64101000e-04
5.737200e+06 1.64148000e-04
5.750000e+06 1.64186000e-04
5.770000e+06 1.64246000e-04
5.772600e+06 1.64254000e-04
5.772630e+06 1.64254000e-04
5.800000e+06 1.64336000e-04
5.850000e+06 1.64485000e-04
5.880000e+06 1.64574000e-04
5.905000e+06 1.64647000e-04
5.905600e+06 1.64649000e-04
5.908100e+06 1.64656000e-04
5.912800e+06 1.64670000e-04
5.930000e+06 1.64720000e-04
5.952100e+06 1.64785000e-04
5.955000e+06 1.64794000e-04
5.968900e+06 1.64834000e-04
5.987400e+06 1.64888000e-04
6.000000e+06 1.64924000e-04
6.009200e+06 1.64951000e-04
6.012700e+06 1.64961000e-04
6.012720e+06 1.64961000e-04
6.025000e+06 1.64997000e-04
6.047800e+06 1.65062000e-04
6.050000e+06 1.65069000e-04
6.064600e+06 1.65110000e-04
6.078100e+06 1.65149000e-04
6.100000e+06 1.65212000e-04
6.125000e+06 1.65283000e-04
6.128400e+06 1.65293000e-04
6.140200e+06 1.65326000e-04
6.150000e+06 1.65354000e-04
6.158700e+06 1.65379000e-04
6.175000e+06 1.65425000e-04
6.177100e+06 1.65431000e-04
6.200000e+06 1.65495000e-04
6.205700e+06 1.65511000e-04
6.216300e+06 1.65541000e-04
6.229200e+06 1.65577000e-04
6.250000e+06 1.65635000e-04
6.264500e+06 1.65676000e-04
6.300000e+06 1.65774000e-04
6.304800e+06 1.65788000e-04
6.330000e+06 1.65857000e-04
6.333300e+06 1.65866000e-04
6.345200e+06 1.65899000e-04
6.350000e+06 1.65912000e-04
6.360000e+06 1.65940000e-04
6.360200e+06 1.65941000e-04
6.370000e+06 1.65967000e-04
6.380000e+06 1.65995000e-04
6.382000e+06 1.66000000e-04
6.400000e+06 1.66050000e-04
6.405500e+06 1.66065000e-04
6.412800e+06 1.66085000e-04
6.418200e+06 1.66099000e-04
6.419000e+06 1.66101000e-04
6.425100e+06 1.66118000e-04
6.426900e+06 1.66123000e-04
6.430000e+06 1.66131000e-04
6.442000e+06 1.66164000e-04
6.449100e+06 1.66183000e-04
6.464300e+06 1.66225000e-04
6.487800e+06 1.66288000e-04
6.500000e+06 1.66321000e-04
6.513000e+06 1.66356000e-04
6.530000e+06 1.66402000e-04
6.544900e+06 1.66442000e-04
6.545100e+06 1.66442000e-04
6.565100e+06 1.66496000e-04
6.580000e+06 1.66536000e-04
6.590200e+06 1.66563000e-04
6.600000e+06 1.66589000e-04
6.620000e+06 1.66642000e-04
6.650000e+06 1.66721000e-04
6.669200e+06 1.66772000e-04
6.717900e+06 1.66900000e-04
6.725000e+06 1.66919000e-04
6.769900e+06 1.67036000e-04
6.780000e+06 1.67062000e-04
6.791800e+06 1.67092000e-04
6.800000e+06 1.67114000e-04
6.820000e+06 1.67165000e-04
6.820300e+06 1.67166000e-04
6.825000e+06 1.67178000e-04
6.833700e+06 1.67201000e-04
6.850000e+06 1.67243000e-04
6.867300e+06 1.67287000e-04
6.875000e+06 1.67307000e-04
6.899200e+06 1.67369000e-04
6.900000e+06 1.67371000e-04
6.925000e+06 1.67435000e-04
6.930000e+06 1.67448000e-04
6.933400e+06 1.67456000e-04
6.942900e+06 1.67480000e-04
6.950000e+06 1.67498000e-04
6.960000e+06 1.67524000e-04
6.975000e+06 1.67562000e-04
6.989900e+06 1.67599000e-04
7.000000e+06 1.67625000e-04
7.001100e+06 1.67628000e-04
7.009800e+06 1.67650000e-04
7.010000e+06 1.67650000e-04
7.018300e+06 1.67671000e-04
7.025000e+06 1.67688000e-04
7.050000e+06 1.67751000e-04
7.050200e+06 1.67751000e-04
7.075000e+06 1.67813000e-04
7.075200e+06 1.67814000e-04
7.100000e+06 1.67876000e-04
7.100200e+06 1.67876000e-04
7.116100e+06 1.67916000e-04
7.125000e+06 1.67938000e-04
7.143400e+06 1.67983000e-04
7.150000e+06 1.68000000e-04
7.166200e+06 1.68040000e-04
7.175000e+06 1.68062000e-04
7.184400e+06 1.68085000e-04
7.200000e+06 1.68123000e-04
7.207200e+06 1.68141000e-04
7.220800e+06 1.68174000e-04
7.225000e+06 1.68185000e-04
7.230000e+06 1.68197000e-04
7.243600e+06 1.68230000e-04
7.250000e+06 1.68246000e-04
7.266300e+06 1.68286000e-04
7.275000e+06 1.68307000e-04
7.300000e+06 1.68368000e-04
7.325000e+06 1.68428000e-04
7.350000e+06 1.68489000e-04
7.375000e+06 1.68549000e-04
7.400000e+06 1.68609000e-04
7.418700e+06 1.68654000e-04
7.422000e+06 1.68662000e-04
7.425000e+06 1.68669000e-04
7.440000e+06 1.68705000e-04
7.450000e+06 1.68729000e-04
7.470000e+06 1.68777000e-04
7.475000e+06 1.68789000e-04
7.482400e+06 1.68806000e-04
7.500000e+06 1.68848000e-04
7.512000e+06 1.68876000e-04
7.525000e+06 1.68907000e-04
7.550000e+06 1.68966000e-04
7.568900e+06 1.69011000e-04
7.575000e+06 1.69025000e-04
7.599100e+06 1.69082000e-04
7.600000e+06 1.69084000e-04
7.625000e+06 1.69142000e-04
7.628100e+06 1.69150000e-04
7.650000e+06 1.69201000e-04
7.657600e+06 1.69218000e-04
7.675000e+06 1.69259000e-04
7.700000e+06 1.69317000e-04
7.716800e+06 1.69356000e-04
7.725000e+06 1.69375000e-04
7.750000e+06 1.69432000e-04
7.753000e+06 1.69439000e-04
7.775000e+06 1.69490000e-04
7.775900e+06 1.69492000e-04
7.790900e+06 1.69526000e-04
7.800000e+06 1.69547000e-04
7.810100e+06 1.69570000e-04
7.825000e+06 1.69604000e-04
7.850000e+06 1.69661000e-04
7.867000e+06 1.69700000e-04
7.875000e+06 1.69718000e-04
7.900000e+06 1.69775000e-04
7.901100e+06 1.69777000e-04
7.925000e+06 1.69831000e-04
7.950000e+06 1.69888000e-04
7.960000e+06 1.69910000e-04
7.975000e+06 1.69944000e-04
7.989800e+06 1.69977000e-04
8.000000e+06 1.70000000e-04
8.020000e+06 1.70067000e-04
8.025000e+06 1.70084000e-04
8.026200e+06 1.70088000e-04
8.050000e+06 1.70167000e-04
8.075000e+06 1.70250000e-04
8.092200e+06 1.70307000e-04
8.100000e+06 1.70333000e-04
8.125000e+06 1.70416000e-04
8.131800e+06 1.70438000e-04
8.148600e+06 1.70494000e-04
8.150000e+06 1.70498000e-04
8.175000e+06 1.70580000e-04
8.187800e+06 1.70622000e-04
8.200000e+06 1.70662000e-04
8.219600e+06 1.70727000e-04
8.225000e+06 1.70744000e-04
8.230000e+06 1.70761000e-04
8.250000e+06 1.70826000e-04
8.253700e+06 1.70838000e-04
8.270000e+06 1.70891000e-04
8.275000e+06 1.70907000e-04
8.300000e+06 1.70989000e-04
8.322000e+06 1.71060000e-04
8.325000e+06 1.71070000e-04
8.350000e+06 1.71150000e-04
8.356100e+06 1.71170000e-04
8.375000e+06 1.71231000e-04
8.400000e+06 1.71311000e-04
8.420000e+06 1.71376000e-04
8.425000e+06 1.71392000e-04
8.450000e+06 1.71472000e-04
8.475000e+06 1.71551000e-04
8.500000e+06 1.71631000e-04
8.520000e+06 1.71695000e-04
8.525000e+06 1.71710000e-04
8.550000e+06 1.71790000e-04
8.575000e+06 1.71869000e-04
8.600000e+06 1.71948000e-04
8.625000e+06 1.72026000e-04
8.650000e+06 1.72105000e-04
8.675000e+06 1.72183000e-04
8.683700e+06 1.72210000e-04
8.700000e+06 1.72261000e-04
8.725000e+06 1.72339000e-04
8.750000e+06 1.72416000e-04
8.775000e+06 1.72494000e-04
8.790000e+06 1.72540000e-04
8.800000e+06 1.72571000e-04
8.820000e+06 1.72633000e-04
8.825000e+06 1.72648000e-04
8.831600e+06 1.72669000e-04
8.850000e+06 1.72725000e-04
8.860000e+06 1.72756000e-04
8.875000e+06 1.72802000e-04
8.900000e+06 1.72879000e-04
8.902200e+06 1.72885000e-04
8.910000e+06 1.72909000e-04
8.925000e+06 1.72955000e-04
8.950000e+06 1.73031000e-04
8.975000e+06 1.73107000e-04
8.979500e+06 1.73121000e-04
8.980000e+06 1.73122000e-04
9.000000e+06 1.73183000e-04
9.010000e+06 1.73213000e-04
9.034700e+06 1.73288000e-04
9.050000e+06 1.73334000e-04
9.070000e+06 1.73395000e-04
9.082000e+06 1.73431000e-04
9.125000e+06 1.73560000e-04
9.150000e+06 1.73635000e-04
9.200000e+06 1.73784000e-04
9.230800e+06 1.73875000e-04
9.264000e+06 1.73974000e-04
9.350000e+06 1.74227000e-04
9.433900e+06 1.74472000e-04
9.497300e+06 1.74656000e-04
9.500000e+06 1.74664000e-04
9.580000e+06 1.74895000e-04
9.600000e+06 1.74953000e-04
9.625000e+06 1.75024000e-04
9.650000e+06 1.75096000e-04
9.750000e+06 1.75380000e-04
9.765500e+06 1.75424000e-04
9.850000e+06 1.75662000e-04
9.900000e+06 1.75803000e-04
9.950000e+06 1.75942000e-04
9.955700e+06 1.75958000e-04
9.980000e+06 1.76026000e-04
1.000000e+07 1.76081000e-04
1.005000e+07 1.76219000e-04
1.010000e+07 1.76357000e-04
1.015000e+07 1.76494000e-04
1.023500e+07 1.76726000e-04
1.025000e+07 1.76767000e-04
1.040000e+07 1.77172000e-04
1.050000e+07 1.77439000e-04
1.075000e+07 1.78098000e-04
1.092600e+07 1.78554000e-04
1.100000e+07 1.78744000e-04
1.150000e+07 1.80000000e-04
1.175000e+07 1.82827000e-04
1.190000e+07 1.84515000e-04
1.200000e+07 1.85637000e-04
1.201900e+07 1.85850000e-04
1.203000e+07 1.85973000e-04
1.210000e+07 1.86757000e-04
1.220000e+07 1.87874000e-04
1.230000e+07 1.88988000e-04
1.250000e+07 1.91210000e-04
1.260000e+07 1.92317000e-04
1.295000e+07 1.96173000e-04
1.295870e+07 1.96268000e-04
1.300000e+07 1.96721000e-04
1.320000e+07 1.98909000e-04
1.324000e+07 1.99346000e-04
1.330000e+07 2.00000000e-04
1.346000e+07 2.02798000e-04
1.379000e+07 2.08587000e-04
1.394800e+07 2.11366000e-04
1.400000e+07 2.12282000e-04
1.402000e+07 2.12634000e-04
1.411900e+07 2.14380000e-04
1.440000e+07 2.19345000e-04
1.471000e+07 2.24842000e-04
1.500000e+07 2.30000000e-04
1.568300e+07 2.32105000e-04
1.600000e+07 2.33082000e-04
1.700000e+07 2.36164000e-04
1.704000e+07 2.36287000e-04
1.749500e+07 2.37690000e-04
1.800000e+07 2.39246000e-04
1.840100e+07 2.40482000e-04
1.900000e+07 2.42328000e-04
1.994700e+07 2.45247000e-04
