13-Al_n-tot
>  13-Al-27:1.000000
1.000000e-05 1.31678000e+01
1.250000e-05 1.19281000e+01
1.500000e-05 1.10130000e+01
2.000000e-05 9.72844000e+00
2.750000e-05 8.50621000e+00
3.500000e-05 7.70183000e+00
4.250000e-05 7.12113000e+00
5.000000e-05 6.67658000e+00
6.250000e-05 6.12216000e+00
7.500000e-05 5.71291000e+00
1.000000e-04 5.13845000e+00
1.250000e-04 4.74641000e+00
1.500000e-04 4.45703000e+00
2.000000e-04 4.05082000e+00
2.750000e-04 3.66432000e+00
3.500000e-04 3.40995000e+00
4.250000e-04 3.22632000e+00
5.000000e-04 3.08574000e+00
6.250000e-04 2.91041000e+00
7.500000e-04 2.78100000e+00
1.000000e-03 2.59934000e+00
1.250000e-03 2.47536000e+00
1.500000e-03 2.38385000e+00
2.000000e-03 2.25540000e+00
2.750000e-03 2.13317000e+00
3.500000e-03 2.05273000e+00
4.250000e-03 1.99467000e+00
5.000000e-03 1.95021000e+00
6.250000e-03 1.89477000e+00
7.500000e-03 1.85384000e+00
1.000000e-02 1.79640000e+00
1.250000e-02 1.75719000e+00
1.500000e-02 1.72825000e+00
2.000000e-02 1.68763000e+00
2.530000e-02 1.65851000e+00
3.147500e-02 1.63436000e+00
3.765000e-02 1.61643000e+00
5.000000e-02 1.59112000e+00
6.250000e-02 1.57359000e+00
7.500000e-02 1.56064000e+00
1.000000e-01 1.54248000e+00
1.250000e-01 1.53008000e+00
1.500000e-01 1.52092000e+00
2.000000e-01 1.50808000e+00
2.750000e-01 1.49585000e+00
3.500000e-01 1.48780000e+00
5.000000e-01 1.47753000e+00
7.500000e-01 1.46788000e+00
1.000000e+00 1.46211000e+00
1.500000e+00 1.45526000e+00
2.000000e+00 1.45117000e+00
2.750000e+00 1.44725000e+00
3.500000e+00 1.44465000e+00
5.000000e+00 1.44130000e+00
7.500000e+00 1.43808000e+00
1.000000e+01 1.43608000e+00
1.500000e+01 1.43358000e+00
2.000000e+01 1.43194000e+00
2.750000e+01 1.43020000e+00
3.500000e+01 1.42888000e+00
5.000000e+01 1.42682000e+00
7.500000e+01 1.42415000e+00
1.000000e+02 1.42190000e+00
1.500000e+02 1.41790000e+00
2.000000e+02 1.41423000e+00
2.750000e+02 1.40908000e+00
3.500000e+02 1.40417000e+00
5.000000e+02 1.39489000e+00
7.500000e+02 1.38051000e+00
1.000000e+03 1.36716000e+00
1.500000e+03 1.34267000e+00
2.000000e+03 1.32032000e+00
2.750000e+03 1.28952000e+00
3.500000e+03 1.26103000e+00
4.250000e+03 1.23462000e+00
4.625000e+03 1.22277000e+00
5.000000e+03 1.21374000e+00
5.224010e+03 1.21274000e+00
5.336010e+03 1.21589000e+00
5.448020e+03 1.22516000e+00
5.504020e+03 1.23449000e+00
5.560020e+03 1.24995000e+00
5.616020e+03 1.27682000e+00
5.672020e+03 1.32748000e+00
5.700020e+03 1.37072000e+00
5.728030e+03 1.43692000e+00
5.756030e+03 1.54502000e+00
5.784030e+03 1.73819000e+00
5.798030e+03 1.89702000e+00
5.812030e+03 2.13324000e+00
5.826030e+03 2.50592000e+00
5.840030e+03 3.14260000e+00
5.854030e+03 4.36157000e+00
5.861030e+03 5.43505000e+00
5.868030e+03 7.13992000e+00
5.875030e+03 1.00670000e+01
5.882030e+03 1.56472000e+01
5.885530e+03 2.04717000e+01
5.889030e+03 2.78636000e+01
5.892530e+03 3.95966000e+01
5.896030e+03 5.83688000e+01
5.900360e+03 9.27823000e+01
5.904680e+03 1.15646000e+02
5.909010e+03 9.27372000e+01
5.913330e+03 5.84770000e+01
5.917320e+03 3.77888000e+01
5.921310e+03 2.56628000e+01
5.925300e+03 1.84139000e+01
5.929290e+03 1.38636000e+01
5.937280e+03 8.79439000e+00
5.945260e+03 6.22515000e+00
5.953240e+03 4.75917000e+00
5.961220e+03 3.84801000e+00
5.977190e+03 2.82440000e+00
5.993150e+03 2.29364000e+00
6.009110e+03 1.98360000e+00
6.025080e+03 1.78680000e+00
6.041040e+03 1.65402000e+00
6.072970e+03 1.49120000e+00
6.104890e+03 1.39861000e+00
6.136820e+03 1.34069000e+00
6.168750e+03 1.30185000e+00
6.232600e+03 1.25411000e+00
6.296460e+03 1.22646000e+00
6.424160e+03 1.19596000e+00
6.551870e+03 1.17906000e+00
6.679580e+03 1.16768000e+00
6.935000e+03 1.15173000e+00
7.445830e+03 1.12884000e+00
7.956670e+03 1.10938000e+00
1.000000e+04 1.03713000e+00
1.500000e+04 8.56381000e-01
2.000000e+04 6.62592000e-01
2.215260e+04 5.84087000e-01
2.322900e+04 5.51718000e-01
2.376710e+04 5.38805000e-01
2.403620e+04 5.33329000e-01
2.417070e+04 5.30835000e-01
2.423800e+04 5.30676000e-01
2.427170e+04 5.37234000e-01
2.428010e+04 5.45559000e-01
2.428850e+04 5.70706000e-01
2.429270e+04 6.06275000e-01
2.429690e+04 7.04330000e-01
2.429900e+04 8.32562000e-01
2.430110e+04 1.15610000e+00
2.430210e+04 1.53858000e+00
2.430320e+04 2.38108000e+00
2.430370e+04 3.24256000e+00
2.430420e+04 4.77156000e+00
2.430450e+04 6.07569000e+00
2.430480e+04 7.90746000e+00
2.430500e+04 1.06181000e+01
2.430530e+04 1.46235000e+01
2.430570e+04 2.32831000e+01
2.430610e+04 2.91354000e+01
2.430650e+04 2.34339000e+01
2.430680e+04 1.48679000e+01
2.430710e+04 1.07522000e+01
2.430740e+04 7.99302000e+00
2.430770e+04 6.14321000e+00
2.430790e+04 4.87400000e+00
2.430850e+04 3.32631000e+00
2.430900e+04 2.46987000e+00
2.431010e+04 1.61710000e+00
2.431120e+04 1.22543000e+00
2.431330e+04 8.87710000e-01
2.431550e+04 7.49681000e-01
2.431980e+04 6.39410000e-01
2.432410e+04 5.96679000e-01
2.433280e+04 5.63381000e-01
2.434140e+04 5.50540000e-01
2.437600e+04 5.36197000e-01
2.444510e+04 5.30876000e-01
2.458330e+04 5.27853000e-01
2.485970e+04 5.25427000e-01
2.541250e+04 5.26599000e-01
2.651810e+04 5.58515000e-01
2.762380e+04 6.57356000e-01
2.872940e+04 8.87399000e-01
2.983510e+04 1.39150000e+00
3.038790e+04 1.83998000e+00
3.094070e+04 2.51836000e+00
3.149350e+04 3.56410000e+00
3.204640e+04 5.21083000e+00
3.259920e+04 7.85131000e+00
3.315200e+04 1.20872000e+01
3.399000e+04 2.26552000e+01
3.482800e+04 3.28913000e+01
3.566550e+04 3.03866000e+01
3.650300e+04 2.18741000e+01
3.734660e+04 1.53789000e+01
3.819010e+04 1.13468000e+01
3.903370e+04 8.82358000e+00
3.987730e+04 7.16603000e+00
4.072080e+04 6.02070000e+00
4.156440e+04 5.19338000e+00
4.325150e+04 4.09286000e+00
4.493860e+04 3.40150000e+00
4.662580e+04 2.92877000e+00
5.000000e+04 2.32237000e+00
5.384980e+04 1.90544000e+00
5.769950e+04 1.63789000e+00
6.154930e+04 1.47114000e+00
6.539900e+04 1.40757000e+00
6.924880e+04 1.50366000e+00
7.309850e+04 1.92955000e+00
7.502340e+04 2.39480000e+00
7.694830e+04 3.17830000e+00
7.887310e+04 4.50062000e+00
8.079800e+04 6.72467000e+00
8.626800e+04 1.86457000e+01
8.870770e+04 1.89708000e+01
8.992760e+04 1.71548000e+01
9.053750e+04 1.62031000e+01
9.069000e+04 1.60631000e+01
9.084240e+04 1.61059000e+01
9.091870e+04 1.63043000e+01
9.099490e+04 1.67997000e+01
9.107120e+04 1.80077000e+01
9.110930e+04 1.91894000e+01
9.114740e+04 2.10655000e+01
9.119800e+04 2.47973000e+01
9.124850e+04 2.74121000e+01
9.129910e+04 2.49211000e+01
9.134960e+04 2.09926000e+01
9.139820e+04 1.84843000e+01
9.144670e+04 1.70032000e+01
9.149530e+04 1.60958000e+01
9.154380e+04 1.54996000e+01
9.164090e+04 1.47646000e+01
9.173800e+04 1.43095000e+01
9.198770e+04 1.35702000e+01
9.223740e+04 1.30339000e+01
9.273680e+04 1.21366000e+01
9.373570e+04 1.06219000e+01
9.573330e+04 8.28711000e+00
9.773090e+04 6.62979000e+00
9.872980e+04 5.98389000e+00
9.922920e+04 5.69650000e+00
9.947890e+04 5.56026000e+00
9.960370e+04 5.49397000e+00
9.966620e+04 5.46464000e+00
9.969740e+04 5.46832000e+00
9.971300e+04 5.53708000e+00
9.972080e+04 5.74941000e+00
9.972470e+04 6.16670000e+00
9.972660e+04 6.69488000e+00
9.972860e+04 7.81693000e+00
9.973170e+04 1.04130000e+01
9.973320e+04 9.49502000e+00
9.973480e+04 8.02592000e+00
9.973690e+04 6.83488000e+00
9.973890e+04 6.27321000e+00
9.974310e+04 5.82193000e+00
9.975140e+04 5.57372000e+00
9.976790e+04 5.46611000e+00
9.980110e+04 5.41434000e+00
9.986740e+04 5.36882000e+00
1.000000e+05 5.29844000e+00
1.002400e+05 5.18063000e+00
1.004800e+05 5.06795000e+00
1.009590e+05 4.85440000e+00
1.019180e+05 4.46797000e+00
1.028770e+05 4.12788000e+00
1.033560e+05 3.97260000e+00
1.035960e+05 3.89778000e+00
1.037160e+05 3.86055000e+00
1.037760e+05 3.84320000e+00
1.038060e+05 3.84480000e+00
1.038210e+05 3.89065000e+00
1.038280e+05 4.05575000e+00
1.038320e+05 4.43848000e+00
1.038340e+05 5.04560000e+00
1.038350e+05 6.58479000e+00
1.038380e+05 9.61557000e+00
1.038390e+05 8.54963000e+00
1.038400e+05 6.84888000e+00
1.038420e+05 5.27242000e+00
1.038430e+05 4.63669000e+00
1.038470e+05 4.18284000e+00
1.038540e+05 3.95721000e+00
1.038690e+05 3.86648000e+00
1.038970e+05 3.82776000e+00
1.039550e+05 3.80023000e+00
1.040700e+05 3.76292000e+00
1.043010e+05 3.69613000e+00
1.047620e+05 3.57054000e+00
1.056850e+05 3.34066000e+00
1.075300e+05 2.95304000e+00
1.112200e+05 2.44402000e+00
1.130650e+05 2.36630000e+00
1.149100e+05 2.55124000e+00
1.158330e+05 2.86441000e+00
1.167550e+05 3.51146000e+00
1.176780e+05 4.87919000e+00
1.181390e+05 6.08876000e+00
1.186000e+05 7.87109000e+00
1.200100e+05 1.46168000e+01
1.207150e+05 1.19757000e+01
1.214200e+05 7.75230000e+00
1.221800e+05 4.85176000e+00
1.229400e+05 3.29076000e+00
1.237000e+05 2.41735000e+00
1.244600e+05 1.89547000e+00
1.259800e+05 1.35682000e+00
1.275000e+05 1.15054000e+00
1.290200e+05 1.14137000e+00
1.305400e+05 1.30429000e+00
1.320600e+05 1.65861000e+00
1.335800e+05 2.24709000e+00
1.359180e+05 3.72495000e+00
1.382550e+05 5.95012000e+00
1.405930e+05 8.56925000e+00
1.429300e+05 1.07178000e+01
1.445390e+05 1.15308000e+01
1.453440e+05 1.17310000e+01
1.457460e+05 1.18470000e+01
1.459470e+05 1.20885000e+01
1.459970e+05 1.22670000e+01
1.460480e+05 1.26163000e+01
1.460980e+05 1.34160000e+01
1.461230e+05 1.42195000e+01
1.461480e+05 1.55656000e+01
1.462050e+05 1.97145000e+01
1.462340e+05 1.83170000e+01
1.462630e+05 1.58992000e+01
1.462870e+05 1.45514000e+01
1.463100e+05 1.37061000e+01
1.463570e+05 1.28248000e+01
1.464040e+05 1.24183000e+01
1.464510e+05 1.22029000e+01
1.466390e+05 1.18932000e+01
1.470140e+05 1.17406000e+01
1.477650e+05 1.15657000e+01
1.492670e+05 1.11324000e+01
1.522700e+05 1.01646000e+01
1.546450e+05 9.92940000e+00
1.558330e+05 1.05324000e+01
1.570200e+05 1.26246000e+01
1.578750e+05 1.56507000e+01
1.587300e+05 1.77969000e+01
1.604500e+05 1.27265000e+01
1.615880e+05 1.00618000e+01
1.627250e+05 8.60479000e+00
1.638630e+05 7.71680000e+00
1.650000e+05 7.10744000e+00
1.672750e+05 6.28292000e+00
1.695500e+05 5.70976000e+00
1.741000e+05 4.89148000e+00
1.786500e+05 4.29046000e+00
1.832000e+05 3.81464000e+00
1.877500e+05 3.45079000e+00
1.923000e+05 3.29091000e+00
1.945750e+05 3.39393000e+00
1.968500e+05 3.76608000e+00
2.002050e+05 5.21107000e+00
2.035600e+05 7.45985000e+00
2.036580e+05 7.49916000e+00
2.037070e+05 7.50382000e+00
2.037310e+05 7.49974000e+00
2.037440e+05 7.54586000e+00
2.037500e+05 7.76409000e+00
2.037530e+05 8.26313000e+00
2.037560e+05 1.02794000e+01
2.037590e+05 1.41184000e+01
2.037610e+05 1.13822000e+01
2.037640e+05 9.21112000e+00
2.037680e+05 8.48556000e+00
2.037740e+05 8.02119000e+00
2.037870e+05 7.79092000e+00
2.038120e+05 7.69909000e+00
2.038630e+05 7.67894000e+00
2.039640e+05 7.70822000e+00
2.041670e+05 7.79239000e+00
2.045740e+05 7.94882000e+00
2.053860e+05 8.15568000e+00
2.070110e+05 8.15198000e+00
2.102600e+05 7.24234000e+00
2.127670e+05 6.43302000e+00
2.152750e+05 5.75999000e+00
2.177820e+05 5.22840000e+00
2.190360e+05 5.00681000e+00
2.196620e+05 4.90523000e+00
2.199760e+05 4.85547000e+00
2.201320e+05 4.82930000e+00
2.202110e+05 4.81638000e+00
2.202500e+05 4.82223000e+00
2.202700e+05 4.87825000e+00
2.202790e+05 5.03970000e+00
2.202840e+05 5.31751000e+00
2.202890e+05 6.13344000e+00
2.202940e+05 7.80027000e+00
2.203000e+05 6.48072000e+00
2.203030e+05 5.77111000e+00
2.203070e+05 5.41635000e+00
2.203130e+05 5.11340000e+00
2.203270e+05 4.93844000e+00
2.203550e+05 4.85742000e+00
2.204100e+05 4.81910000e+00
2.205200e+05 4.79158000e+00
2.207400e+05 4.75658000e+00
2.211800e+05 4.69828000e+00
2.220590e+05 4.60945000e+00
2.224990e+05 4.59292000e+00
2.227190e+05 4.60187000e+00
2.229390e+05 4.63433000e+00
2.231590e+05 4.71337000e+00
2.233790e+05 4.89774000e+00
2.234890e+05 5.07513000e+00
2.235990e+05 5.36710000e+00
2.237090e+05 5.86820000e+00
2.238190e+05 6.74529000e+00
2.240550e+05 9.48306000e+00
2.241730e+05 8.65295000e+00
2.242910e+05 7.06011000e+00
2.244190e+05 5.92246000e+00
2.245460e+05 5.30235000e+00
2.246740e+05 4.95110000e+00
2.248010e+05 4.73625000e+00
2.250570e+05 4.49540000e+00
2.253120e+05 4.36458000e+00
2.255670e+05 4.28000000e+00
2.258220e+05 4.21814000e+00
2.263330e+05 4.12697000e+00
2.273530e+05 3.99554000e+00
2.283740e+05 3.88886000e+00
2.304160e+05 3.70432000e+00
2.324570e+05 3.54042000e+00
2.406240e+05 2.98377000e+00
2.487900e+05 2.47797000e+00
2.508310e+05 2.34763000e+00
2.528730e+05 2.21607000e+00
2.538940e+05 2.15572000e+00
2.549150e+05 2.12014000e+00
2.554250e+05 2.13727000e+00
2.559350e+05 2.23747000e+00
2.561910e+05 2.37057000e+00
2.564460e+05 2.64277000e+00
2.567010e+05 3.23789000e+00
2.568290e+05 3.78417000e+00
2.569560e+05 4.61467000e+00
2.571560e+05 6.60986000e+00
2.573560e+05 8.23780000e+00
2.575560e+05 7.35160000e+00
2.577560e+05 5.58237000e+00
2.579420e+05 4.41133000e+00
2.581280e+05 3.68331000e+00
2.583140e+05 3.22324000e+00
2.585000e+05 2.91839000e+00
2.588720e+05 2.55037000e+00
2.592440e+05 2.33999000e+00
2.596150e+05 2.20432000e+00
2.598010e+05 2.15384000e+00
2.599870e+05 2.11308000e+00
2.601730e+05 2.08406000e+00
2.603590e+05 2.07883000e+00
2.604520e+05 2.10063000e+00
2.605450e+05 2.17501000e+00
2.605920e+05 2.26542000e+00
2.606380e+05 2.45172000e+00
2.606610e+05 2.62237000e+00
2.606850e+05 2.89487000e+00
2.607080e+05 3.35133000e+00
2.607310e+05 4.12827000e+00
2.607560e+05 5.43220000e+00
2.607820e+05 6.30118000e+00
2.608070e+05 5.42776000e+00
2.608330e+05 4.11792000e+00
2.608630e+05 3.17631000e+00
2.608930e+05 2.69419000e+00
2.609220e+05 2.43328000e+00
2.609520e+05 2.28006000e+00
2.610120e+05 2.11625000e+00
2.610710e+05 2.03416000e+00
2.611900e+05 1.95276000e+00
2.613090e+05 1.91001000e+00
2.615480e+05 1.85822000e+00
2.617860e+05 1.82133000e+00
2.622620e+05 1.76162000e+00
2.627390e+05 1.70981000e+00
2.636910e+05 1.61733000e+00
2.646440e+05 1.53407000e+00
2.665500e+05 1.39258000e+00
2.670260e+05 1.36612000e+00
2.675030e+05 1.35083000e+00
2.677410e+05 1.35503000e+00
2.679790e+05 1.38655000e+00
2.680980e+05 1.43288000e+00
2.681580e+05 1.47549000e+00
2.682170e+05 1.54387000e+00
2.682770e+05 1.66140000e+00
2.683360e+05 1.88168000e+00
2.683660e+05 2.06832000e+00
2.683960e+05 2.34768000e+00
2.684260e+05 2.77754000e+00
2.684550e+05 3.43772000e+00
2.684950e+05 4.73572000e+00
2.685350e+05 5.59892000e+00
2.685750e+05 4.73198000e+00
2.686150e+05 3.43527000e+00
2.686510e+05 2.66647000e+00
2.686870e+05 2.21039000e+00
2.687230e+05 1.93407000e+00
2.687580e+05 1.75869000e+00
2.688300e+05 1.56055000e+00
2.689020e+05 1.45853000e+00
2.689730e+05 1.39913000e+00
2.690450e+05 1.36148000e+00
2.691880e+05 1.31763000e+00
2.694750e+05 1.27877000e+00
2.697610e+05 1.26233000e+00
2.709080e+05 1.26394000e+00
2.732000e+05 1.51390000e+00
2.749730e+05 2.05448000e+00
2.767450e+05 3.02643000e+00
2.785180e+05 4.36793000e+00
2.802900e+05 5.69602000e+00
2.838350e+05 6.84620000e+00
2.873800e+05 6.45336000e+00
2.903290e+05 5.89206000e+00
2.932780e+05 5.39412000e+00
2.962260e+05 4.99687000e+00
2.991750e+05 4.69297000e+00
3.021240e+05 4.47577000e+00
3.050730e+05 4.35798000e+00
3.080210e+05 4.40207000e+00
3.094960e+05 4.53620000e+00
3.109700e+05 4.79562000e+00
3.130100e+05 5.37927000e+00
3.150500e+05 5.72850000e+00
3.191300e+05 4.46474000e+00
3.207500e+05 4.05326000e+00
3.223700e+05 3.77051000e+00
3.256110e+05 3.41867000e+00
3.288510e+05 3.20067000e+00
3.320920e+05 3.04131000e+00
3.385720e+05 2.80032000e+00
3.418130e+05 2.70069000e+00
3.434330e+05 2.65588000e+00
3.442430e+05 2.63994000e+00
3.444460e+05 2.64064000e+00
3.446480e+05 2.65113000e+00
3.447490e+05 2.66784000e+00
3.448510e+05 2.70989000e+00
3.449010e+05 2.75644000e+00
3.449520e+05 2.84785000e+00
3.450020e+05 3.05553000e+00
3.450280e+05 3.26195000e+00
3.450530e+05 3.60228000e+00
3.450830e+05 4.19950000e+00
3.451120e+05 4.59648000e+00
3.451410e+05 4.19890000e+00
3.451710e+05 3.60338000e+00
3.452000e+05 3.22044000e+00
3.452300e+05 3.00516000e+00
3.452880e+05 2.80416000e+00
3.453470e+05 2.72008000e+00
3.454060e+05 2.67770000e+00
3.455230e+05 2.63747000e+00
3.456410e+05 2.61865000e+00
3.458760e+05 2.59973000e+00
3.461110e+05 2.58870000e+00
3.470500e+05 2.55973000e+00
3.489300e+05 2.51365000e+00
3.526890e+05 2.44178000e+00
3.545690e+05 2.42276000e+00
3.564480e+05 2.42763000e+00
3.573880e+05 2.44588000e+00
3.583280e+05 2.48210000e+00
3.587970e+05 2.51059000e+00
3.592670e+05 2.55069000e+00
3.595020e+05 2.57857000e+00
3.597370e+05 2.61817000e+00
3.599720e+05 2.69277000e+00
3.600900e+05 2.77491000e+00
3.601480e+05 2.84700000e+00
3.602070e+05 2.95817000e+00
3.603440e+05 3.27666000e+00
3.604130e+05 3.15669000e+00
3.604820e+05 2.96810000e+00
3.605460e+05 2.86054000e+00
3.606090e+05 2.80420000e+00
3.607360e+05 2.76377000e+00
3.609890e+05 2.77429000e+00
3.612430e+05 2.81832000e+00
3.614970e+05 2.87658000e+00
3.620040e+05 3.02748000e+00
3.625110e+05 3.23090000e+00
3.635260e+05 3.87382000e+00
3.645400e+05 5.05043000e+00
3.657500e+05 7.54586000e+00
3.668500e+05 1.00546000e+01
3.679500e+05 1.04199000e+01
3.691600e+05 8.40719000e+00
3.701500e+05 6.66152000e+00
3.712680e+05 5.37473000e+00
3.723850e+05 4.67572000e+00
3.735030e+05 4.41492000e+00
3.746200e+05 4.64993000e+00
3.753450e+05 5.18649000e+00
3.760700e+05 5.76124000e+00
3.768000e+05 5.15171000e+00
3.775300e+05 3.77534000e+00
3.784890e+05 2.71102000e+00
3.794480e+05 2.22824000e+00
3.804070e+05 1.93910000e+00
3.813660e+05 1.70233000e+00
3.823250e+05 1.45840000e+00
3.832840e+05 1.17086000e+00
3.842430e+05 8.39686000e-01
3.847230e+05 7.21157000e-01
3.849620e+05 7.21440000e-01
3.852020e+05 8.08035000e-01
3.854900e+05 1.10740000e+00
3.857780e+05 1.72129000e+00
3.863540e+05 3.68781000e+00
3.869300e+05 4.83222000e+00
3.875050e+05 4.77765000e+00
3.880050e+05 4.46004000e+00
3.885050e+05 4.14911000e+00
3.895060e+05 3.68637000e+00
3.915060e+05 3.19659000e+00
3.955080e+05 2.87124000e+00
3.995090e+05 2.88241000e+00
4.035100e+05 3.13963000e+00
4.051900e+05 3.33120000e+00
4.104700e+05 4.28987000e+00
4.157500e+05 5.33138000e+00
4.179020e+05 5.51346000e+00
4.189780e+05 5.58847000e+00
4.192470e+05 5.63890000e+00
4.195160e+05 5.75106000e+00
4.196510e+05 5.86563000e+00
4.197850e+05 6.07399000e+00
4.199200e+05 6.49267000e+00
4.199870e+05 6.85998000e+00
4.200540e+05 7.40144000e+00
4.201550e+05 8.56396000e+00
4.202550e+05 9.34572000e+00
4.203560e+05 8.57275000e+00
4.204560e+05 7.40462000e+00
4.205470e+05 6.70432000e+00
4.206390e+05 6.28922000e+00
4.207300e+05 6.03762000e+00
4.208210e+05 5.87718000e+00
4.210040e+05 5.69326000e+00
4.211870e+05 5.59456000e+00
4.215520e+05 5.49125000e+00
4.219170e+05 5.43371000e+00
4.233780e+05 5.30095000e+00
4.263000e+05 5.12919000e+00
4.295100e+05 5.02498000e+00
4.360100e+05 4.95196000e+00
4.425100e+05 4.85663000e+00
4.490100e+05 4.67389000e+00
4.555100e+05 4.43791000e+00
4.661130e+05 4.02507000e+00
4.687630e+05 3.92387000e+00
4.714140e+05 3.82971000e+00
4.727390e+05 3.79274000e+00
4.740640e+05 3.78184000e+00
4.747270e+05 3.80517000e+00
4.753900e+05 3.88416000e+00
4.757210e+05 3.97102000e+00
4.760520e+05 4.12522000e+00
4.763840e+05 4.41107000e+00
4.767150e+05 4.96107000e+00
4.773520e+05 6.88532000e+00
4.775110e+05 6.93572000e+00
4.776710e+05 6.59437000e+00
4.779890e+05 5.52918000e+00
4.783320e+05 4.70670000e+00
4.786740e+05 4.24937000e+00
4.790170e+05 3.98686000e+00
4.793590e+05 3.82284000e+00
4.800440e+05 3.62919000e+00
4.807290e+05 3.51157000e+00
4.820990e+05 3.34702000e+00
4.834690e+05 3.19914000e+00
4.848390e+05 3.02786000e+00
4.862090e+05 2.79509000e+00
4.868940e+05 2.63789000e+00
4.875790e+05 2.44370000e+00
4.882640e+05 2.23290000e+00
4.889490e+05 2.20973000e+00
4.889730e+05 2.22037000e+00
4.890450e+05 2.26019000e+00
4.891160e+05 2.31363000e+00
4.892590e+05 2.46893000e+00
4.895450e+05 3.01209000e+00
4.898310e+05 3.83432000e+00
4.901170e+05 4.68201000e+00
4.904160e+05 5.26690000e+00
4.912850e+05 5.30051000e+00
4.918590e+05 4.97784000e+00
4.923630e+05 4.74192000e+00
4.928670e+05 4.57610000e+00
4.933710e+05 4.51517000e+00
4.936230e+05 4.56768000e+00
4.938750e+05 4.74630000e+00
4.943750e+05 5.52359000e+00
4.946260e+05 5.39344000e+00
4.948760e+05 4.97976000e+00
4.951960e+05 4.58830000e+00
4.955170e+05 4.36106000e+00
4.958370e+05 4.21912000e+00
4.961570e+05 4.12095000e+00
4.967980e+05 3.98842000e+00
4.974380e+05 3.89744000e+00
5.000000e+05 3.67834000e+00
5.032800e+05 3.51425000e+00
5.074180e+05 3.37160000e+00
5.115550e+05 3.26034000e+00
5.136240e+05 3.21553000e+00
5.156930e+05 3.19184000e+00
5.177610e+05 3.23457000e+00
5.198300e+05 3.47640000e+00
5.212400e+05 3.87988000e+00
5.234300e+05 4.73354000e+00
5.236200e+05 4.79209000e+00
5.242650e+05 4.98431000e+00
5.249100e+05 5.23977000e+00
5.262000e+05 6.18511000e+00
5.270300e+05 6.73377000e+00
5.287700e+05 6.56097000e+00
5.300740e+05 5.99537000e+00
5.313780e+05 5.49999000e+00
5.326810e+05 5.11536000e+00
5.339850e+05 4.81877000e+00
5.365930e+05 4.39845000e+00
5.392000e+05 4.11691000e+00
5.425000e+05 3.87364000e+00
5.441500e+05 3.78471000e+00
5.449750e+05 3.75109000e+00
5.453880e+05 3.75230000e+00
5.455940e+05 3.79741000e+00
5.456970e+05 3.89957000e+00
5.457490e+05 4.03712000e+00
5.458000e+05 4.34410000e+00
5.458370e+05 4.72854000e+00
5.458750e+05 4.98650000e+00
5.459120e+05 4.73452000e+00
5.459490e+05 4.35484000e+00
5.459820e+05 4.13038000e+00
5.460160e+05 4.00071000e+00
5.460830e+05 3.89237000e+00
5.461490e+05 3.92331000e+00
5.461830e+05 4.03780000e+00
5.462160e+05 4.34149000e+00
5.462400e+05 4.74571000e+00
5.462640e+05 5.00981000e+00
5.463120e+05 4.40657000e+00
5.463410e+05 4.13678000e+00
5.463700e+05 3.99223000e+00
5.464270e+05 3.85833000e+00
5.465410e+05 3.76805000e+00
5.467690e+05 3.71552000e+00
5.472250e+05 3.67992000e+00
5.481370e+05 3.64457000e+00
5.499620e+05 3.60200000e+00
5.536110e+05 3.58433000e+00
5.572610e+05 3.67871000e+00
5.609100e+05 3.95242000e+00
5.695300e+05 5.34682000e+00
5.738450e+05 5.01053000e+00
5.781600e+05 3.92306000e+00
5.810500e+05 3.24015000e+00
5.824950e+05 2.96715000e+00
5.839400e+05 2.86462000e+00
5.850860e+05 3.18250000e+00
5.856600e+05 3.61702000e+00
5.859460e+05 3.94289000e+00
5.860180e+05 4.05620000e+00
5.860900e+05 4.21582000e+00
5.861610e+05 4.52786000e+00
5.861970e+05 4.86976000e+00
5.862330e+05 5.56943000e+00
5.862400e+05 5.78284000e+00
5.862630e+05 6.56128000e+00
5.862860e+05 7.02922000e+00
5.863120e+05 6.51045000e+00
5.863390e+05 5.71188000e+00
5.863730e+05 5.10620000e+00
5.864070e+05 4.83719000e+00
5.864760e+05 4.66574000e+00
5.865450e+05 4.64875000e+00
5.866140e+05 4.67775000e+00
5.868890e+05 4.88145000e+00
5.874390e+05 5.17961000e+00
5.885400e+05 5.06392000e+00
5.895850e+05 4.61055000e+00
5.906300e+05 4.17812000e+00
5.916750e+05 3.82450000e+00
5.921970e+05 3.67371000e+00
5.924590e+05 3.60393000e+00
5.925890e+05 3.57102000e+00
5.926540e+05 3.55760000e+00
5.926870e+05 3.56074000e+00
5.927030e+05 3.59435000e+00
5.927120e+05 3.70078000e+00
5.927160e+05 3.93778000e+00
5.927200e+05 5.17992000e+00
5.927220e+05 6.82062000e+00
5.927240e+05 5.17677000e+00
5.927290e+05 3.87091000e+00
5.927340e+05 3.66333000e+00
5.927430e+05 3.57152000e+00
5.927620e+05 3.53751000e+00
5.927990e+05 3.51997000e+00
5.928730e+05 3.49963000e+00
5.930210e+05 3.46349000e+00
5.933170e+05 3.39469000e+00
5.939100e+05 3.26687000e+00
5.950950e+05 3.05085000e+00
5.962800e+05 2.95121000e+00
5.968730e+05 3.08174000e+00
5.971690e+05 3.29530000e+00
5.974650e+05 3.72278000e+00
5.978520e+05 4.78863000e+00
5.982390e+05 5.96237000e+00
5.986260e+05 5.85112000e+00
5.990130e+05 5.00162000e+00
5.994970e+05 4.15630000e+00
5.999810e+05 3.64354000e+00
6.004650e+05 3.31833000e+00
6.009490e+05 3.09310000e+00
6.019180e+05 2.79099000e+00
6.024020e+05 2.68412000e+00
6.026440e+05 2.65375000e+00
6.027650e+05 2.69318000e+00
6.028250e+05 2.84557000e+00
6.028560e+05 3.14654000e+00
6.028710e+05 3.52260000e+00
6.028860e+05 4.30648000e+00
6.028980e+05 5.34448000e+00
6.029100e+05 6.04556000e+00
6.029220e+05 5.35767000e+00
6.029330e+05 4.31299000e+00
6.029520e+05 3.39344000e+00
6.029710e+05 3.01796000e+00
6.030090e+05 2.74729000e+00
6.030840e+05 2.60736000e+00
6.032350e+05 2.53568000e+00
6.035360e+05 2.47167000e+00
6.041380e+05 2.37614000e+00
6.053420e+05 2.22140000e+00
6.077500e+05 2.03646000e+00
6.094550e+05 2.05834000e+00
6.111600e+05 2.28855000e+00
6.145700e+05 3.38320000e+00
6.179800e+05 4.27119000e+00
6.213900e+05 4.40019000e+00
6.265780e+05 4.11937000e+00
6.317650e+05 3.84369000e+00
6.343590e+05 3.75854000e+00
6.369530e+05 3.73577000e+00
6.395460e+05 3.83012000e+00
6.421400e+05 4.16871000e+00
6.447200e+05 4.93676000e+00
6.473000e+05 5.87062000e+00
6.501750e+05 6.24160000e+00
6.519680e+05 6.83242000e+00
6.524700e+05 6.79917000e+00
6.537600e+05 5.82201000e+00
6.541440e+05 5.58659000e+00
6.543370e+05 5.57745000e+00
6.544330e+05 5.70508000e+00
6.544810e+05 5.88515000e+00
6.545290e+05 6.25625000e+00
6.546090e+05 7.13261000e+00
6.546500e+05 6.78454000e+00
6.546900e+05 6.25546000e+00
6.547240e+05 5.97554000e+00
6.547570e+05 5.82416000e+00
6.548240e+05 5.75367000e+00
6.548910e+05 5.90607000e+00
6.549580e+05 6.32401000e+00
6.550860e+05 7.48509000e+00
6.552150e+05 6.17868000e+00
6.553000e+05 5.55076000e+00
6.553850e+05 5.23811000e+00
6.555560e+05 4.95216000e+00
6.558970e+05 4.71898000e+00
6.565800e+05 4.48526000e+00
6.579450e+05 4.20017000e+00
6.606750e+05 3.85801000e+00
6.634050e+05 3.64222000e+00
6.661340e+05 3.48739000e+00
6.715940e+05 3.27113000e+00
6.770540e+05 3.12029000e+00
6.825140e+05 3.00584000e+00
6.879740e+05 2.91816000e+00
6.934340e+05 2.86273000e+00
6.961640e+05 2.85833000e+00
6.975290e+05 2.86748000e+00
6.982110e+05 2.87573000e+00
6.985520e+05 2.88094000e+00
6.987230e+05 2.88853000e+00
6.988080e+05 2.91340000e+00
6.988510e+05 2.97638000e+00
6.988940e+05 3.33885000e+00
6.989210e+05 3.87154000e+00
6.989480e+05 3.42043000e+00
6.989780e+05 3.12450000e+00
6.990070e+05 3.02328000e+00
6.990660e+05 2.95719000e+00
6.991830e+05 2.92692000e+00
6.994170e+05 2.91957000e+00
6.998860e+05 2.92994000e+00
7.008240e+05 2.97221000e+00
7.017620e+05 3.03940000e+00
7.027000e+05 3.14460000e+00
7.034490e+05 3.27639000e+00
7.041970e+05 3.49510000e+00
7.045710e+05 3.67123000e+00
7.049460e+05 3.93858000e+00
7.053200e+05 4.38323000e+00
7.056940e+05 5.17792000e+00
7.063420e+05 7.00659000e+00
7.066670e+05 6.30469000e+00
7.069910e+05 5.18735000e+00
7.073510e+05 4.44188000e+00
7.077100e+05 4.07559000e+00
7.080230e+05 3.90581000e+00
7.083350e+05 3.80197000e+00
7.089600e+05 3.67520000e+00
7.102100e+05 3.47905000e+00
7.114600e+05 3.24082000e+00
7.120850e+05 3.09404000e+00
7.127100e+05 2.91542000e+00
7.130770e+05 2.78694000e+00
7.134430e+05 2.63360000e+00
7.138100e+05 2.45682000e+00
7.141760e+05 2.30831000e+00
7.145400e+05 2.42362000e+00
7.147210e+05 2.69712000e+00
7.149030e+05 3.07927000e+00
7.152670e+05 3.67563000e+00
7.156310e+05 3.82207000e+00
7.159200e+05 3.79022000e+00
7.162100e+05 3.72358000e+00
7.167880e+05 3.58654000e+00
7.173670e+05 3.47533000e+00
7.179460e+05 3.38803000e+00
7.191030e+05 3.25995000e+00
7.202600e+05 3.16712000e+00
7.224900e+05 3.02080000e+00
7.230480e+05 2.97942000e+00
7.236050e+05 2.93022000e+00
7.241630e+05 2.87911000e+00
7.244410e+05 2.88245000e+00
7.245810e+05 2.91891000e+00
7.247200e+05 3.01159000e+00
7.249430e+05 3.36001000e+00
7.250550e+05 3.59402000e+00
7.251660e+05 3.76884000e+00
7.256120e+05 3.67012000e+00
7.258500e+05 3.53101000e+00
7.260880e+05 3.43139000e+00
7.263250e+05 3.36122000e+00
7.265630e+05 3.31026000e+00
7.270390e+05 3.24217000e+00
7.275140e+05 3.19903000e+00
7.284660e+05 3.14771000e+00
7.294170e+05 3.11869000e+00
7.332220e+05 3.08020000e+00
7.408310e+05 3.12648000e+00
7.484410e+05 3.26557000e+00
7.522450e+05 3.42892000e+00
7.541480e+05 3.60224000e+00
7.560500e+05 3.93383000e+00
7.593500e+05 4.71187000e+00
7.626500e+05 3.94429000e+00
7.627200e+05 3.92808000e+00
7.629360e+05 3.88018000e+00
7.631520e+05 3.83555000e+00
7.635840e+05 3.75582000e+00
7.644490e+05 3.63267000e+00
7.648810e+05 3.59063000e+00
7.653130e+05 3.57074000e+00
7.655290e+05 3.57978000e+00
7.657450e+05 3.62461000e+00
7.658530e+05 3.67961000e+00
7.659610e+05 3.78619000e+00
7.660690e+05 4.00871000e+00
7.661230e+05 4.20735000e+00
7.661770e+05 4.50358000e+00
7.662570e+05 5.13947000e+00
7.663370e+05 5.57128000e+00
7.664170e+05 5.15346000e+00
7.664980e+05 4.51558000e+00
7.665720e+05 4.12619000e+00
7.666450e+05 3.89595000e+00
7.667930e+05 3.66734000e+00
7.669410e+05 3.56514000e+00
7.670890e+05 3.51053000e+00
7.673850e+05 3.45531000e+00
7.676810e+05 3.42841000e+00
7.682720e+05 3.40604000e+00
7.688640e+05 3.40606000e+00
7.700470e+05 3.46311000e+00
7.712300e+05 3.62200000e+00
7.745900e+05 4.77612000e+00
7.779600e+05 4.99838000e+00
7.798140e+05 5.33029000e+00
7.805400e+05 5.64750000e+00
7.821040e+05 6.64085000e+00
7.843930e+05 7.50521000e+00
7.861100e+05 7.76224000e+00
7.867100e+05 7.74765000e+00
7.879530e+05 7.54617000e+00
7.891950e+05 7.20971000e+00
7.916800e+05 6.53806000e+00
7.952550e+05 5.88998000e+00
7.988300e+05 5.44877000e+00
8.051900e+05 4.82111000e+00
8.083630e+05 4.53164000e+00
8.115350e+05 4.23278000e+00
8.147080e+05 3.90245000e+00
8.162940e+05 3.72734000e+00
8.178800e+05 3.57577000e+00
8.185580e+05 3.53778000e+00
8.192360e+05 3.53480000e+00
8.195750e+05 3.55470000e+00
8.199140e+05 3.60116000e+00
8.200840e+05 3.64525000e+00
8.202540e+05 3.72546000e+00
8.203380e+05 3.79720000e+00
8.204230e+05 3.91764000e+00
8.205080e+05 4.14550000e+00
8.205930e+05 4.61764000e+00
8.206580e+05 5.23055000e+00
8.207230e+05 5.65325000e+00
8.207880e+05 5.28492000e+00
8.208530e+05 4.71230000e+00
8.209330e+05 4.29035000e+00
8.210130e+05 4.08854000e+00
8.211730e+05 3.94203000e+00
8.213320e+05 3.91204000e+00
8.214920e+05 3.92077000e+00
8.218110e+05 3.98025000e+00
8.221300e+05 4.06061000e+00
8.231930e+05 4.33935000e+00
8.242550e+05 4.53671000e+00
8.263800e+05 4.64579000e+00
8.287080e+05 4.55917000e+00
8.310350e+05 4.42750000e+00
8.333630e+05 4.29923000e+00
8.356900e+05 4.18423000e+00
8.403450e+05 4.00615000e+00
8.426730e+05 3.96597000e+00
8.438360e+05 3.97744000e+00
8.450000e+05 3.97730000e+00
8.480000e+05 4.28400000e+00
8.490000e+05 4.63800000e+00
8.500000e+05 5.27200000e+00
8.505000e+05 5.67300000e+00
8.510000e+05 5.98700000e+00
8.515000e+05 6.03700000e+00
8.520000e+05 5.79400000e+00
8.530000e+05 5.07100000e+00
8.540000e+05 4.61300000e+00
8.550000e+05 4.41900000e+00
8.560000e+05 4.39900000e+00
8.570000e+05 4.54300000e+00
8.590000e+05 5.17800000e+00
8.595000e+05 5.14400000e+00
8.600000e+05 4.97200000e+00
8.610000e+05 4.54000000e+00
8.620000e+05 4.24800000e+00
8.630000e+05 4.11300000e+00
8.640000e+05 4.07800000e+00
8.645000e+05 4.14700000e+00
8.650000e+05 4.28700000e+00
8.660000e+05 3.96800000e+00
8.680000e+05 3.85500000e+00
8.700000e+05 3.85100000e+00
8.720000e+05 3.94600000e+00
8.740000e+05 4.16500000e+00
8.750000e+05 4.32260000e+00
8.752920e+05 4.37004000e+00
8.752930e+05 4.37006000e+00
8.760000e+05 4.48600000e+00
8.770000e+05 4.57300000e+00
8.780000e+05 4.52200000e+00
8.820000e+05 3.80600000e+00
8.850000e+05 3.52200000e+00
8.900000e+05 3.28600000e+00
8.950000e+05 3.12500000e+00
9.000000e+05 3.02900000e+00
9.050000e+05 2.91400000e+00
9.080000e+05 2.78700000e+00
9.100000e+05 2.65800000e+00
9.120000e+05 2.47600000e+00
9.140000e+05 2.23000000e+00
9.150000e+05 2.15700000e+00
9.155000e+05 2.16600000e+00
9.160000e+05 2.21900000e+00
9.165000e+05 2.32400000e+00
9.170000e+05 2.47500000e+00
9.180000e+05 2.84400000e+00
9.190000e+05 3.12500000e+00
9.200000e+05 3.19600000e+00
9.210000e+05 3.11200000e+00
9.220000e+05 2.97900000e+00
9.240000e+05 2.79200000e+00
9.250000e+05 2.78800000e+00
9.260000e+05 2.84300000e+00
9.270000e+05 2.98900000e+00
9.280000e+05 3.23700000e+00
9.290000e+05 3.65300000e+00
9.300000e+05 4.21100000e+00
9.305000e+05 4.38500000e+00
9.310000e+05 4.35800000e+00
9.315000e+05 4.14700000e+00
9.320000e+05 3.86100000e+00
9.330000e+05 3.36300000e+00
9.340000e+05 3.03600000e+00
9.360000e+05 2.61200000e+00
9.370000e+05 2.45600000e+00
9.380000e+05 2.37900000e+00
9.390000e+05 2.42300000e+00
9.400000e+05 2.56400000e+00
9.420000e+05 2.89700000e+00
9.440000e+05 3.14100000e+00
9.460000e+05 3.22700000e+00
9.500000e+05 3.13500000e+00
9.550000e+05 2.99400000e+00
9.640000e+05 2.84600000e+00
9.660000e+05 2.84800000e+00
9.680000e+05 2.90500000e+00
9.690000e+05 3.02200000e+00
9.695000e+05 3.15700000e+00
9.700000e+05 3.40800000e+00
9.706000e+05 3.83400000e+00
9.708000e+05 3.90100000e+00
9.710000e+05 3.87400000e+00
9.712000e+05 3.76600000e+00
9.715000e+05 3.54600000e+00
9.720000e+05 3.25200000e+00
9.725000e+05 3.09400000e+00
9.730000e+05 3.01500000e+00
9.740000e+05 2.96800000e+00
9.760000e+05 3.06700000e+00
9.790000e+05 3.52100000e+00
9.800000e+05 3.58800000e+00
9.810000e+05 3.49100000e+00
9.840000e+05 2.91800000e+00
9.860000e+05 2.69900000e+00
9.900000e+05 2.49700000e+00
9.950000e+05 2.37300000e+00
1.000000e+06 2.36700000e+00
1.005000e+06 2.52300000e+00
1.010000e+06 2.88400000e+00
1.016000e+06 3.43400000e+00
1.018000e+06 3.57100000e+00
1.020000e+06 3.62600000e+00
1.024000e+06 3.52200000e+00
1.025000e+06 3.53800000e+00
1.026000e+06 3.61400000e+00
1.026500e+06 3.59000000e+00
1.028000e+06 3.22800000e+00
1.029000e+06 3.06400000e+00
1.032000e+06 2.80800000e+00
1.034000e+06 2.61100000e+00
1.036000e+06 2.46700000e+00
1.038000e+06 2.50600000e+00
1.039000e+06 2.64400000e+00
1.040000e+06 2.87400000e+00
1.042000e+06 3.49200000e+00
1.043000e+06 3.72700000e+00
1.044000e+06 3.81400000e+00
1.045000e+06 3.76300000e+00
1.048000e+06 3.39900000e+00
1.050000e+06 3.25700000e+00
1.052370e+06 3.14319000e+00
1.052380e+06 3.14314000e+00
1.060000e+06 2.79200000e+00
1.075000e+06 2.13600000e+00
1.080000e+06 2.01900000e+00
1.082000e+06 2.06900000e+00
1.084000e+06 2.25000000e+00
1.086000e+06 2.55400000e+00
1.090000e+06 3.29100000e+00
1.092000e+06 3.55100000e+00
1.094000e+06 3.58200000e+00
1.098000e+06 3.25400000e+00
1.100000e+06 3.11900000e+00
1.102000e+06 3.04500000e+00
1.104000e+06 3.06300000e+00
1.110000e+06 3.34600000e+00
1.115000e+06 3.53200000e+00
1.120000e+06 3.59900000e+00
1.140000e+06 3.56200000e+00
1.145000e+06 3.63500000e+00
1.147000e+06 3.72800000e+00
1.148000e+06 3.81400000e+00
1.148500e+06 3.88800000e+00
1.149000e+06 4.00500000e+00
1.149500e+06 4.22200000e+00
1.150000e+06 4.64400000e+00
1.150200e+06 4.83700000e+00
1.150400e+06 4.94200000e+00
1.150600e+06 4.89500000e+00
1.151000e+06 4.57100000e+00
1.151500e+06 4.29600000e+00
1.152000e+06 4.19500000e+00
1.153000e+06 4.18100000e+00
1.154000e+06 4.24300000e+00
1.162000e+06 5.16100000e+00
1.164000e+06 5.32300000e+00
1.166000e+06 5.37200000e+00
1.168000e+06 5.29700000e+00
1.172000e+06 4.89800000e+00
1.174000e+06 4.67400000e+00
1.176000e+06 4.50200000e+00
1.178000e+06 4.46600000e+00
1.179000e+06 4.51900000e+00
1.180000e+06 4.52100000e+00
1.181000e+06 4.36100000e+00
1.182000e+06 4.14900000e+00
1.184000e+06 3.86200000e+00
1.186000e+06 3.70300000e+00
1.191000e+06 3.48600000e+00
1.192000e+06 3.45700000e+00
1.193000e+06 3.53300000e+00
1.195000e+06 3.79700000e+00
1.196000e+06 3.70600000e+00
1.197000e+06 3.53800000e+00
1.198000e+06 3.42300000e+00
1.200000e+06 3.31400000e+00
1.210000e+06 3.14500000e+00
1.225000e+06 3.17500000e+00
1.230000e+06 3.14900000e+00
1.235000e+06 3.25500000e+00
1.238000e+06 3.40100000e+00
1.240000e+06 3.39500000e+00
1.244000e+06 3.12100000e+00
1.248000e+06 2.92200000e+00
1.250000e+06 3.03000000e+00
1.251000e+06 3.19300000e+00
1.252000e+06 3.43500000e+00
1.253000e+06 3.73100000e+00
1.254000e+06 3.91100000e+00
1.255000e+06 3.81600000e+00
1.256000e+06 3.61600000e+00
1.257000e+06 3.48700000e+00
1.258000e+06 3.45400000e+00
1.259000e+06 3.50100000e+00
1.262000e+06 3.85500000e+00
1.263000e+06 3.87800000e+00
1.264000e+06 3.79200000e+00
1.266000e+06 3.47800000e+00
1.268000e+06 3.23400000e+00
1.270000e+06 3.09900000e+00
1.275000e+06 2.99500000e+00
1.278000e+06 2.98100000e+00
1.280000e+06 2.88800000e+00
1.283000e+06 2.66100000e+00
1.284000e+06 2.60700000e+00
1.285000e+06 2.61400000e+00
1.286000e+06 2.68800000e+00
1.287000e+06 2.80900000e+00
1.288000e+06 2.96900000e+00
1.290000e+06 3.38200000e+00
1.291000e+06 3.32800000e+00
1.292000e+06 3.15900000e+00
1.295000e+06 2.95400000e+00
1.300000e+06 2.80800000e+00
1.310000e+06 2.60000000e+00
1.314000e+06 2.63100000e+00
1.316000e+06 2.68200000e+00
1.320000e+06 2.87400000e+00
1.322000e+06 2.86200000e+00
1.325000e+06 2.68400000e+00
1.330000e+06 2.52700000e+00
1.335000e+06 2.50600000e+00
1.340000e+06 2.61700000e+00
1.341000e+06 2.68500000e+00
1.342000e+06 2.78100000e+00
1.343500e+06 3.19700000e+00
1.344000e+06 3.26500000e+00
1.344500e+06 3.22900000e+00
1.346000e+06 2.83600000e+00
1.347000e+06 2.65600000e+00
1.348000e+06 2.50500000e+00
1.349000e+06 2.42000000e+00
1.350000e+06 2.40700000e+00
1.351000e+06 2.46900000e+00
1.352000e+06 2.59200000e+00
1.353000e+06 2.68800000e+00
1.355000e+06 2.98100000e+00
1.356000e+06 3.01700000e+00
1.357000e+06 2.89600000e+00
1.358000e+06 2.73000000e+00
1.360000e+06 2.51200000e+00
1.362000e+06 2.38900000e+00
1.364000e+06 2.30200000e+00
1.366000e+06 2.29200000e+00
1.368000e+06 2.36200000e+00
1.369000e+06 2.42600000e+00
1.371000e+06 2.62900000e+00
1.374000e+06 2.99300000e+00
1.375000e+06 3.08100000e+00
1.380000e+06 3.26400000e+00
1.381000e+06 3.21600000e+00
1.387000e+06 3.31800000e+00
1.390000e+06 3.45300000e+00
1.395000e+06 3.79300000e+00
1.396000e+06 4.00500000e+00
1.397000e+06 4.06100000e+00
1.398000e+06 4.04600000e+00
1.400000e+06 3.91500000e+00
1.401000e+06 3.85900000e+00
1.403000e+06 3.59000000e+00
1.406000e+06 3.29300000e+00
1.410000e+06 3.03500000e+00
1.414000e+06 2.87600000e+00
1.418000e+06 2.80300000e+00
1.422000e+06 2.81200000e+00
1.424000e+06 2.85400000e+00
1.426000e+06 2.95200000e+00
1.427000e+06 3.03000000e+00
1.430000e+06 3.43300000e+00
1.434000e+06 4.07600000e+00
1.436000e+06 4.29200000e+00
1.438000e+06 4.26900000e+00
1.440000e+06 4.04200000e+00
1.442000e+06 3.76200000e+00
1.444000e+06 3.53500000e+00
1.446000e+06 3.40900000e+00
1.448000e+06 3.44800000e+00
1.450000e+06 3.77400000e+00
1.451000e+06 3.82700000e+00
1.453000e+06 3.36400000e+00
1.454000e+06 3.19800000e+00
1.456000e+06 3.03200000e+00
1.460000e+06 2.92500000e+00
1.470000e+06 2.92000000e+00
1.480000e+06 2.84600000e+00
1.500000e+06 2.91000000e+00
1.510000e+06 2.99300000e+00
1.520000e+06 3.23500000e+00
1.525000e+06 3.28100000e+00
1.528000e+06 3.34400000e+00
1.530000e+06 3.43700000e+00
1.532000e+06 3.58500000e+00
1.538000e+06 4.21300000e+00
1.540000e+06 4.26600000e+00
1.542000e+06 4.12900000e+00
1.544000e+06 3.85600000e+00
1.548000e+06 3.25800000e+00
1.550000e+06 3.02200000e+00
1.552000e+06 2.83300000e+00
1.554000e+06 2.72400000e+00
1.556000e+06 2.70500000e+00
1.558500e+06 2.79800000e+00
1.559000e+06 2.85700000e+00
1.559400e+06 3.05900000e+00
1.559800e+06 3.36700000e+00
1.560000e+06 3.42600000e+00
1.560200e+06 3.34100000e+00
1.560600e+06 3.04800000e+00
1.561000e+06 2.87900000e+00
1.561500e+06 2.79100000e+00
1.562000e+06 2.75800000e+00
1.564000e+06 2.76000000e+00
1.566000e+06 2.81300000e+00
1.575000e+06 3.15700000e+00
1.580000e+06 3.09300000e+00
1.585000e+06 2.91700000e+00
1.591000e+06 2.77600000e+00
1.595000e+06 2.74800000e+00
1.598000e+06 2.82300000e+00
1.599000e+06 2.91600000e+00
1.600000e+06 3.10800000e+00
1.601000e+06 3.32300000e+00
1.602000e+06 3.47000000e+00
1.603000e+06 3.51400000e+00
1.604000e+06 3.49000000e+00
1.605000e+06 3.36100000e+00
1.610000e+06 3.09100000e+00
1.620000e+06 2.64300000e+00
1.624000e+06 2.59500000e+00
1.625000e+06 2.65600000e+00
1.627000e+06 2.96300000e+00
1.628000e+06 3.09200000e+00
1.629000e+06 3.09900000e+00
1.630000e+06 2.98200000e+00
1.631000e+06 2.83300000e+00
1.632000e+06 2.71400000e+00
1.634000e+06 2.61000000e+00
1.636000e+06 2.70600000e+00
1.637000e+06 2.79800000e+00
1.638000e+06 2.75400000e+00
1.640000e+06 2.52000000e+00
1.642000e+06 2.43400000e+00
1.644000e+06 2.39200000e+00
1.648000e+06 2.37300000e+00
1.650000e+06 2.37400000e+00
1.654000e+06 2.44800000e+00
1.658000e+06 2.58400000e+00
1.664000e+06 2.84600000e+00
1.666000e+06 2.97100000e+00
1.670000e+06 3.01100000e+00
1.674000e+06 2.80300000e+00
1.676000e+06 2.73800000e+00
1.678000e+06 2.76000000e+00
1.682000e+06 2.95100000e+00
1.700000e+06 3.18600000e+00
1.708000e+06 3.38300000e+00
1.724000e+06 3.44800000e+00
1.728000e+06 3.39200000e+00
1.730000e+06 3.29300000e+00
1.731500e+06 3.14300000e+00
1.733500e+06 2.83500000e+00
1.734000e+06 2.77600000e+00
1.734500e+06 2.75000000e+00
1.735000e+06 2.76700000e+00
1.735500e+06 2.82700000e+00
1.736500e+06 3.03200000e+00
1.739000e+06 3.58300000e+00
1.743000e+06 4.31700000e+00
1.744000e+06 4.41500000e+00
1.745000e+06 4.41000000e+00
1.748000e+06 4.09800000e+00
1.750000e+06 3.82521000e+00
1.752000e+06 3.56600000e+00
1.754000e+06 3.39300000e+00
1.758000e+06 3.16700000e+00
1.762000e+06 3.02300000e+00
1.776000e+06 2.66800000e+00
1.778000e+06 2.64600000e+00
1.782000e+06 2.65500000e+00
1.784000e+06 2.69000000e+00
1.786000e+06 2.62800000e+00
1.800000e+06 2.50000000e+00
1.828000e+06 2.27400000e+00
1.838500e+06 2.19400000e+00
1.842500e+06 2.10400000e+00
1.846000e+06 1.99200000e+00
1.847000e+06 1.99800000e+00
1.848000e+06 2.04900000e+00
1.849000e+06 2.15000000e+00
1.850500e+06 2.38000000e+00
1.853000e+06 2.88800000e+00
1.854500e+06 3.18000000e+00
1.855500e+06 3.30000000e+00
1.856500e+06 3.32200000e+00
1.857500e+06 3.24800000e+00
1.861000e+06 2.75100000e+00
1.864000e+06 2.43500000e+00
1.866000e+06 2.33800000e+00
1.874000e+06 2.40800000e+00
1.880000e+06 2.53400000e+00
1.886000e+06 2.70600000e+00
1.888000e+06 2.81500000e+00
1.890000e+06 2.85200000e+00
1.892000e+06 2.95000000e+00
1.896000e+06 3.30200000e+00
1.896910e+06 3.36963500e+00
1.900000e+06 3.49600000e+00
1.902000e+06 3.47300000e+00
1.904000e+06 3.35000000e+00
1.908000e+06 3.04500000e+00
1.910000e+06 2.96500000e+00
1.914000e+06 2.91700000e+00
1.920000e+06 2.92100000e+00
1.924000e+06 2.99600000e+00
1.930000e+06 3.04100000e+00
1.932000e+06 3.08500000e+00
1.938000e+06 3.38600000e+00
1.946000e+06 3.46700000e+00
1.950000e+06 3.58600000e+00
1.952000e+06 3.59500000e+00
1.954000e+06 3.54000000e+00
1.956000e+06 3.40300000e+00
1.960000e+06 3.04300000e+00
1.962000e+06 2.90900000e+00
1.968000e+06 2.63700000e+00
1.972000e+06 2.44000000e+00
1.974000e+06 2.36200000e+00
1.976000e+06 2.36300000e+00
1.980000e+06 2.45600000e+00
1.982000e+06 2.52500000e+00
1.984000e+06 2.62900000e+00
1.990000e+06 3.07700000e+00
1.992000e+06 3.20700000e+00
1.994000e+06 3.27100000e+00
1.996000e+06 3.29200000e+00
1.998000e+06 3.23800000e+00
2.000000e+06 3.22500000e+00
2.002000e+06 3.30400000e+00
2.004000e+06 3.44200000e+00
2.006000e+06 3.62200000e+00
2.008000e+06 3.75900000e+00
2.010000e+06 3.82600000e+00
2.012000e+06 3.80400000e+00
2.016000e+06 3.65500000e+00
2.024000e+06 3.53900000e+00
2.030000e+06 3.36300000e+00
2.034000e+06 3.21100000e+00
2.036000e+06 3.06400000e+00
2.038000e+06 2.99300000e+00
2.040000e+06 3.06600000e+00
2.042000e+06 3.17000000e+00
2.045500e+06 3.48300000e+00
2.047500e+06 3.71300000e+00
2.048500e+06 3.75700000e+00
2.049500e+06 3.71800000e+00
2.050000e+06 3.67000000e+00
2.054500e+06 3.07900000e+00
2.060500e+06 2.38400000e+00
2.061500e+06 2.30800000e+00
2.062500e+06 2.28500000e+00
2.063500e+06 2.32100000e+00
2.065000e+06 2.46100000e+00
2.068500e+06 2.84400000e+00
2.071500e+06 3.05700000e+00
2.076000e+06 3.23900000e+00
2.084000e+06 3.42100000e+00
2.086000e+06 3.53200000e+00
2.088000e+06 3.56700000e+00
2.092000e+06 3.53900000e+00
2.098000e+06 3.35900000e+00
2.100000e+06 3.28700000e+00
2.104000e+06 3.15800000e+00
2.106000e+06 3.11500000e+00
2.108000e+06 3.11500000e+00
2.112000e+06 2.89200000e+00
2.116000e+06 2.86500000e+00
2.122000e+06 2.94300000e+00
2.128000e+06 2.99200000e+00
2.136000e+06 2.90800000e+00
2.138000e+06 2.91700000e+00
2.140000e+06 2.83200000e+00
2.142000e+06 2.85800000e+00
2.150000e+06 3.09900000e+00
2.160000e+06 3.46000000e+00
2.164000e+06 3.54000000e+00
2.166000e+06 3.66800000e+00
2.168000e+06 3.57300000e+00
2.172000e+06 3.29200000e+00
2.182000e+06 3.31000000e+00
2.184000e+06 3.25100000e+00
2.188000e+06 3.03600000e+00
2.192000e+06 2.89800000e+00
2.194000e+06 2.88300000e+00
2.196000e+06 2.91300000e+00
2.198000e+06 2.99200000e+00
2.200000e+06 3.12100000e+00
2.204000e+06 3.38600000e+00
2.206000e+06 3.44300000e+00
2.208000e+06 3.43600000e+00
2.210000e+06 3.33800000e+00
2.214000e+06 3.06500000e+00
2.216000e+06 2.96100000e+00
2.218000e+06 2.94300000e+00
2.224000e+06 3.04900000e+00
2.228000e+06 3.01400000e+00
2.232000e+06 2.89100000e+00
2.236000e+06 2.85800000e+00
2.240000e+06 2.91100000e+00
2.246000e+06 3.17500000e+00
2.250000e+06 3.21900000e+00
2.254000e+06 3.14000000e+00
2.258000e+06 3.03400000e+00
2.266000e+06 3.03100000e+00
2.276000e+06 3.17300000e+00
2.280000e+06 3.16500000e+00
2.288000e+06 3.05200000e+00
2.293760e+06 3.10301500e+00
2.300000e+06 3.15900000e+00
2.310000e+06 3.25300000e+00
2.312000e+06 3.21700000e+00
2.316000e+06 3.03800000e+00
2.322000e+06 2.69500000e+00
2.326000e+06 2.58400000e+00
2.328000e+06 2.58500000e+00
2.330000e+06 2.62600000e+00
2.332000e+06 2.70800000e+00
2.336000e+06 2.93200000e+00
2.338000e+06 3.02100000e+00
2.340000e+06 3.06700000e+00
2.344000e+06 3.05600000e+00
2.346000e+06 2.95400000e+00
2.348000e+06 2.95400000e+00
2.350000e+06 3.02200000e+00
2.352000e+06 3.08700000e+00
2.354000e+06 3.07900000e+00
2.356000e+06 2.97100000e+00
2.358000e+06 2.78500000e+00
2.362000e+06 2.48900000e+00
2.364000e+06 2.38100000e+00
2.366000e+06 2.32600000e+00
2.374000e+06 2.25600000e+00
2.380000e+06 2.14700000e+00
2.384000e+06 2.13500000e+00
2.388000e+06 2.19100000e+00
2.392000e+06 2.32700000e+00
2.398000e+06 2.61200000e+00
2.400000e+06 2.68600000e+00
2.402000e+06 2.74500000e+00
2.406000e+06 2.77300000e+00
2.412000e+06 2.75100000e+00
2.416000e+06 2.79700000e+00
2.418000e+06 2.82800000e+00
2.420000e+06 2.90000000e+00
2.422000e+06 2.91700000e+00
2.424000e+06 2.84600000e+00
2.426000e+06 2.71100000e+00
2.432000e+06 2.40300000e+00
2.434000e+06 2.33800000e+00
2.446000e+06 2.13000000e+00
2.450000e+06 2.08600000e+00
2.454000e+06 2.07300000e+00
2.458000e+06 2.13100000e+00
2.464000e+06 2.33000000e+00
2.468000e+06 2.51000000e+00
2.482000e+06 3.30400000e+00
2.490000e+06 3.62700000e+00
2.500000e+06 3.96600000e+00
2.502000e+06 4.04700000e+00
2.506000e+06 4.08800000e+00
2.510000e+06 4.01300000e+00
2.516000e+06 3.83400000e+00
2.520000e+06 3.84700000e+00
2.526000e+06 3.86800000e+00
2.530000e+06 3.74400000e+00
2.534000e+06 3.50400000e+00
2.536000e+06 3.35400000e+00
2.540000e+06 3.19200000e+00
2.546000e+06 3.03800000e+00
2.548000e+06 3.01400000e+00
2.550000e+06 3.03100000e+00
2.552000e+06 3.10300000e+00
2.554000e+06 3.20800000e+00
2.556000e+06 3.36700000e+00
2.562000e+06 3.95800000e+00
2.564000e+06 4.08600000e+00
2.566000e+06 4.15400000e+00
2.570000e+06 4.14500000e+00
2.590000e+06 3.54800000e+00
2.600000e+06 3.15100000e+00
2.605000e+06 2.97900000e+00
2.610000e+06 2.86300000e+00
2.615000e+06 2.82500000e+00
2.620000e+06 2.85700000e+00
2.630000e+06 3.00100000e+00
2.635000e+06 2.99600000e+00
2.640000e+06 2.96100000e+00
2.645000e+06 2.99500000e+00
2.650000e+06 3.09900000e+00
2.655000e+06 3.25100000e+00
2.660000e+06 3.31600000e+00
2.665000e+06 3.21800000e+00
2.670000e+06 2.96500000e+00
2.675000e+06 2.61800000e+00
2.680000e+06 2.44300000e+00
2.685000e+06 2.45500000e+00
2.695000e+06 2.73700000e+00
2.700000e+06 2.77600000e+00
2.705000e+06 2.72900000e+00
2.715000e+06 2.78900000e+00
2.725000e+06 2.85900000e+00
2.735000e+06 2.75600000e+00
2.740000e+06 2.69600000e+00
2.745000e+06 2.72700000e+00
2.750000e+06 2.79300000e+00
2.755000e+06 2.84600000e+00
2.765000e+06 2.81900000e+00
2.770000e+06 2.99600000e+00
2.780000e+06 3.58900000e+00
2.785000e+06 3.63300000e+00
2.790000e+06 3.48600000e+00
2.795000e+06 3.27000000e+00
2.800000e+06 3.02100000e+00
2.805000e+06 2.79400000e+00
2.810000e+06 2.60800000e+00
2.825000e+06 2.42600000e+00
2.837040e+06 2.30311000e+00
2.845000e+06 2.22600000e+00
2.850000e+06 2.20199000e+00
2.855000e+06 2.19799000e+00
2.860000e+06 2.22699000e+00
2.865000e+06 2.36898000e+00
2.870000e+06 2.54998000e+00
2.875000e+06 2.64198000e+00
2.880000e+06 2.61597000e+00
2.885000e+06 2.49697000e+00
2.890000e+06 2.42397000e+00
2.895000e+06 2.52996000e+00
2.900000e+06 2.74596000e+00
2.905000e+06 2.93196000e+00
2.910000e+06 2.95795000e+00
2.915000e+06 2.83095000e+00
2.918380e+06 2.66555500e+00
2.920000e+06 2.59095000e+00
2.925000e+06 2.44695000e+00
2.930000e+06 2.44196000e+00
2.935000e+06 2.49696000e+00
2.940000e+06 2.49296000e+00
2.945000e+06 2.43997000e+00
2.950000e+06 2.35997000e+00
2.955000e+06 2.38397000e+00
2.965000e+06 2.55898000e+00
2.970000e+06 2.58598000e+00
2.980000e+06 2.57299000e+00
2.985000e+06 2.63399000e+00
2.995000e+06 2.81500000e+00
3.000000e+06 2.88500000e+00
3.005000e+06 2.93700000e+00
3.010000e+06 2.94200000e+00
3.015000e+06 2.89600000e+00
3.020000e+06 2.72700000e+00
3.025000e+06 2.51500000e+00
3.030000e+06 2.39000000e+00
3.045000e+06 2.28000000e+00
3.050000e+06 2.21400000e+00
3.055000e+06 2.20100000e+00
3.060000e+06 2.27500000e+00
3.070000e+06 2.47800000e+00
3.085000e+06 2.53600000e+00
3.092540e+06 2.59919000e+00
3.092550e+06 2.59919000e+00
3.095000e+06 2.62000000e+00
3.100000e+06 2.63200000e+00
3.105000e+06 2.61100000e+00
3.110000e+06 2.55500000e+00
3.116300e+06 2.44850000e+00
3.120000e+06 2.38800000e+00
3.125000e+06 2.37100000e+00
3.130000e+06 2.46000000e+00
3.135000e+06 2.62300000e+00
3.140000e+06 2.75000000e+00
3.145000e+06 2.79000000e+00
3.150000e+06 2.66700000e+00
3.155000e+06 2.41000000e+00
3.160000e+06 2.19900000e+00
3.165000e+06 2.07200000e+00
3.170000e+06 2.05400000e+00
3.175000e+06 2.13400000e+00
3.185000e+06 2.42600000e+00
3.190000e+06 2.53500000e+00
3.200000e+06 2.67800000e+00
3.205000e+06 2.73500000e+00
3.210000e+06 2.74400000e+00
3.215000e+06 2.68600000e+00
3.225000e+06 2.42300000e+00
3.230000e+06 2.37100000e+00
3.235000e+06 2.37800000e+00
3.245000e+06 2.51200000e+00
3.247350e+06 2.55222000e+00
3.250000e+06 2.59800000e+00
3.260000e+06 2.75100000e+00
3.265000e+06 2.78400000e+00
3.270000e+06 2.76900000e+00
3.275000e+06 2.66700000e+00
3.280000e+06 2.53100000e+00
3.285000e+06 2.42300000e+00
3.290000e+06 2.38400000e+00
3.300000e+06 2.40100000e+00
3.305000e+06 2.33800000e+00
3.310000e+06 2.30500000e+00
3.320000e+06 2.31600000e+00
3.330000e+06 2.39600000e+00
3.350000e+06 2.55200000e+00
3.355000e+06 2.53900000e+00
3.360000e+06 2.55600000e+00
3.365000e+06 2.58200000e+00
3.370000e+06 2.65700000e+00
3.380000e+06 2.81300000e+00
3.385000e+06 2.85400000e+00
3.390000e+06 2.83400000e+00
3.395000e+06 2.76600000e+00
3.400000e+06 2.65200000e+00
3.410000e+06 2.47000000e+00
3.420000e+06 2.34200000e+00
3.425000e+06 2.29900000e+00
3.435000e+06 2.28500000e+00
3.450000e+06 2.39800000e+00
3.460000e+06 2.47200000e+00
3.465000e+06 2.48000000e+00
3.470000e+06 2.45800000e+00
3.485000e+06 2.46100000e+00
3.490000e+06 2.49600000e+00
3.495000e+06 2.53200000e+00
3.500000e+06 2.53500000e+00
3.510000e+06 2.46202000e+00
3.520000e+06 2.29504000e+00
3.525000e+06 2.24605000e+00
3.530000e+06 2.24306000e+00
3.535000e+06 2.27407000e+00
3.555000e+06 2.48211000e+00
3.560000e+06 2.51812000e+00
3.575000e+06 2.80515000e+00
3.580000e+06 2.87216000e+00
3.590000e+06 2.88418000e+00
3.600000e+06 2.78320000e+00
3.610000e+06 2.78722000e+00
3.620000e+06 2.86224000e+00
3.625000e+06 2.83625000e+00
3.630000e+06 2.77126000e+00
3.640000e+06 2.51728000e+00
3.645000e+06 2.41429000e+00
3.650000e+06 2.33730000e+00
3.658380e+06 2.26324000e+00
3.658390e+06 2.26323000e+00
3.660000e+06 2.25031000e+00
3.670000e+06 2.17528000e+00
3.675000e+06 2.15726000e+00
3.680000e+06 2.17924000e+00
3.685000e+06 2.22422000e+00
3.695000e+06 2.39119000e+00
3.700000e+06 2.48817000e+00
3.705000e+06 2.57816000e+00
3.710000e+06 2.64114000e+00
3.715000e+06 2.66512000e+00
3.720000e+06 2.65010000e+00
3.725000e+06 2.59609000e+00
3.735000e+06 2.42605000e+00
3.737300e+06 2.40075500e+00
3.740000e+06 2.39403000e+00
3.750000e+06 2.45600000e+00
3.765000e+06 2.58700000e+00
3.780000e+06 2.62300000e+00
3.795000e+06 2.56300000e+00
3.800000e+06 2.52800000e+00
3.810000e+06 2.47400000e+00
3.817680e+06 2.46750000e+00
3.825000e+06 2.45099000e+00
3.831700e+06 2.40949500e+00
3.835000e+06 2.38197000e+00
3.845000e+06 2.28395000e+00
3.850000e+06 2.25193000e+00
3.860000e+06 2.23891000e+00
3.875000e+06 2.27288000e+00
3.880000e+06 2.26987000e+00
3.890000e+06 2.27885000e+00
3.895000e+06 2.32084000e+00
3.900000e+06 2.39083000e+00
3.909430e+06 2.50275000e+00
3.910000e+06 2.50782000e+00
3.915000e+06 2.50483000e+00
3.930000e+06 2.39086000e+00
3.945000e+06 2.40089000e+00
3.950000e+06 2.41190000e+00
3.970000e+06 2.29494000e+00
3.980000e+06 2.30296000e+00
3.990000e+06 2.37198000e+00
3.995000e+06 2.41699000e+00
4.000000e+06 2.42800000e+00
4.020000e+06 2.47700000e+00
4.030000e+06 2.51100000e+00
4.050000e+06 2.45400000e+00
4.065000e+06 2.41100000e+00
4.075000e+06 2.43700000e+00
4.090000e+06 2.40100000e+00
4.100000e+06 2.32800000e+00
4.104720e+06 2.32422500e+00
4.110000e+06 2.32000000e+00
4.120000e+06 2.40200000e+00
4.125000e+06 2.42300000e+00
4.130000e+06 2.41400000e+00
4.140000e+06 2.32100000e+00
4.145000e+06 2.27100000e+00
4.150000e+06 2.25600000e+00
4.155000e+06 2.27600000e+00
4.170000e+06 2.47000000e+00
4.175000e+06 2.51300000e+00
4.185000e+06 2.50200000e+00
4.200000e+06 2.30200000e+00
4.205860e+06 2.25423000e+00
4.205870e+06 2.25422000e+00
4.215000e+06 2.18200000e+00
4.240000e+06 2.13500000e+00
4.245000e+06 2.13800000e+00
4.250000e+06 2.16700000e+00
4.260000e+06 2.22300000e+00
4.275000e+06 2.22700000e+00
4.290000e+06 2.15400000e+00
4.295000e+06 2.15900000e+00
4.300000e+06 2.18700000e+00
4.320000e+06 2.36800000e+00
4.330000e+06 2.39500000e+00
4.345000e+06 2.34200000e+00
4.350000e+06 2.35100000e+00
4.375000e+06 2.42900000e+00
4.380000e+06 2.42500000e+00
4.390000e+06 2.33800000e+00
4.400000e+06 2.19800000e+00
4.420000e+06 1.95300000e+00
4.430000e+06 1.88000000e+00
4.440000e+06 1.87900000e+00
4.450000e+06 1.99000000e+00
4.465000e+06 2.22100000e+00
4.470000e+06 2.27600000e+00
4.475000e+06 2.27800000e+00
4.495000e+06 2.18400000e+00
4.500000e+06 2.18500000e+00
4.505000e+06 2.18000000e+00
4.520000e+06 2.25100000e+00
4.530000e+06 2.26800000e+00
4.545000e+06 2.10900000e+00
4.550000e+06 2.07900000e+00
4.560000e+06 2.06300000e+00
4.570000e+06 2.09400000e+00
4.575070e+06 2.09261000e+00
4.600000e+06 2.08600000e+00
4.605000e+06 2.07900000e+00
4.620000e+06 2.13400000e+00
4.635000e+06 2.25000000e+00
4.638900e+06 2.28940500e+00
4.642120e+06 2.32348500e+00
4.644190e+06 2.34492500e+00
4.645000e+06 2.35300000e+00
4.650000e+06 2.39500000e+00
4.660000e+06 2.39900000e+00
4.678910e+06 2.26529500e+00
4.680000e+06 2.25800000e+00
4.700000e+06 2.15600000e+00
4.730000e+06 2.02600000e+00
4.740000e+06 2.06600000e+00
4.750000e+06 2.20000000e+00
4.751220e+06 2.22344000e+00
4.760000e+06 2.39900000e+00
4.770000e+06 2.49000000e+00
4.780000e+06 2.47700000e+00
4.790000e+06 2.42400000e+00
4.800000e+06 2.32900000e+00
4.816440e+06 2.19761500e+00
4.820000e+06 2.16800000e+00
4.830000e+06 2.06700000e+00
4.840000e+06 2.01200000e+00
4.850000e+06 2.00300000e+00
4.870000e+06 1.97700000e+00
4.880000e+06 2.00600000e+00
4.900000e+06 2.15300000e+00
4.910000e+06 2.21500000e+00
4.940000e+06 2.23400000e+00
4.950000e+06 2.16500000e+00
4.960000e+06 2.11200000e+00
4.970000e+06 2.10400000e+00
4.980000e+06 2.18500000e+00
4.990000e+06 2.29400000e+00
4.991580e+06 2.30556000e+00
5.000000e+06 2.36800000e+00
5.010000e+06 2.40297000e+00
5.030000e+06 2.33292000e+00
5.050000e+06 2.32587000e+00
5.070000e+06 2.25581000e+00
5.090000e+06 2.23276000e+00
5.100000e+06 2.25073000e+00
5.122550e+06 2.22087000e+00
5.130000e+06 2.21269000e+00
5.150000e+06 2.20674000e+00
5.162470e+06 2.18674500e+00
5.180000e+06 2.12682000e+00
5.200000e+06 1.98387000e+00
5.203280e+06 1.97033000e+00
5.210000e+06 1.95390000e+00
5.220000e+06 1.95692000e+00
5.230000e+06 2.00795000e+00
5.240000e+06 2.02997000e+00
5.250000e+06 2.03216000e+00
5.260000e+06 2.02500000e+00
5.270000e+06 1.99900000e+00
5.290000e+06 2.04800000e+00
5.300000e+06 2.09500000e+00
5.320000e+06 2.20600000e+00
5.330000e+06 2.27400000e+00
5.349060e+06 2.28727000e+00
5.350000e+06 2.28600000e+00
5.370000e+06 2.23700000e+00
5.390000e+06 2.26000000e+00
5.400000e+06 2.23400000e+00
5.420000e+06 2.07900000e+00
5.430000e+06 2.01800000e+00
5.440000e+06 1.98300000e+00
5.444400e+06 1.99453000e+00
5.451920e+06 2.01466000e+00
5.470000e+06 2.06299000e+00
5.490000e+06 2.03599000e+00
5.500000e+06 1.99600000e+00
5.502130e+06 1.98753000e+00
5.510000e+06 1.95812000e+00
5.518100e+06 1.94172000e+00
5.550000e+06 1.95433000e+00
5.560000e+06 1.96137000e+00
5.570000e+06 2.02141000e+00
5.580000e+06 2.13245000e+00
5.589160e+06 2.12617500e+00
5.600000e+06 2.08532000e+00
5.610000e+06 2.03918000e+00
5.622520e+06 2.02075000e+00
5.635900e+06 2.01590000e+00
5.641710e+06 2.01747000e+00
5.660000e+06 2.03200000e+00
5.690000e+06 2.08000000e+00
5.700000e+06 2.07600000e+00
5.705400e+06 2.06383500e+00
5.740000e+06 1.96300000e+00
5.750000e+06 1.94043000e+00
5.758210e+06 1.92841000e+00
5.760000e+06 1.92700000e+00
5.780000e+06 1.98300000e+00
5.797880e+06 2.08816000e+00
5.797890e+06 2.08817000e+00
5.800000e+06 2.10000000e+00
5.810000e+06 2.14501000e+00
5.824340e+06 2.12088500e+00
5.830000e+06 2.09701000e+00
5.840000e+06 2.04701000e+00
5.850000e+06 2.03101000e+00
5.854710e+06 2.03270500e+00
5.860000e+06 2.05001000e+00
5.878850e+06 2.17013000e+00
5.890000e+06 2.23600000e+00
5.900000e+06 2.26500000e+00
5.905650e+06 2.26965000e+00
5.920000e+06 2.26499000e+00
5.926110e+06 2.25829000e+00
5.950000e+06 2.20499000e+00
5.966300e+06 2.13533000e+00
5.966310e+06 2.13532000e+00
5.970000e+06 2.12000000e+00
6.000000e+06 2.11300000e+00
6.030000e+06 2.13700000e+00
6.044630e+06 2.08936000e+00
6.050000e+06 2.07300000e+00
6.060000e+06 2.06400000e+00
6.100000e+06 2.15000000e+00
6.110000e+06 2.15900000e+00
6.130000e+06 2.04500000e+00
6.140000e+06 1.96400000e+00
6.150000e+06 1.90900000e+00
6.170000e+06 1.85800000e+00
6.180000e+06 1.84700000e+00
6.182390e+06 1.84938000e+00
6.200000e+06 1.89399000e+00
6.201840e+06 1.89701000e+00
6.230000e+06 1.91300000e+00
6.250000e+06 1.99299000e+00
6.259600e+06 2.02519000e+00
6.260000e+06 2.02600000e+00
6.273620e+06 2.05171000e+00
6.290000e+06 2.08300000e+00
6.300000e+06 2.07200000e+00
6.307290e+06 2.06505500e+00
6.336470e+06 2.03619000e+00
6.344020e+06 2.02878000e+00
6.370000e+06 2.02000000e+00
6.389450e+06 2.04472000e+00
6.400000e+06 2.06500000e+00
6.420000e+06 2.10501000e+00
6.450000e+06 2.21101000e+00
6.459530e+06 2.21361000e+00
6.470000e+06 2.19901000e+00
6.480000e+06 2.17401000e+00
6.500000e+06 2.04700000e+00
6.520000e+06 1.96800000e+00
6.522030e+06 1.96591000e+00
6.540000e+06 1.97300000e+00
6.570000e+06 2.01899000e+00
6.584410e+06 2.02097000e+00
6.600000e+06 2.02199000e+00
6.610000e+06 2.02199000e+00
6.619910e+06 2.00180000e+00
6.650000e+06 1.86000000e+00
6.660000e+06 1.83400000e+00
6.680000e+06 1.86600000e+00
6.700000e+06 1.95200000e+00
6.705650e+06 1.97550000e+00
6.719450e+06 2.02819000e+00
6.720000e+06 2.03000000e+00
6.745310e+06 2.06818000e+00
6.750000e+06 2.06913000e+00
6.755240e+06 2.06652000e+00
6.777230e+06 2.03756500e+00
6.788360e+06 2.01724000e+00
6.790000e+06 2.01399000e+00
6.800000e+06 1.99099000e+00
6.830000e+06 1.95400000e+00
6.850000e+06 1.97000000e+00
6.851560e+06 1.97259000e+00
6.852230e+06 1.97383000e+00
6.890000e+06 2.05400000e+00
6.900000e+06 2.06300000e+00
6.900160e+06 2.06312000e+00
6.904670e+06 2.06673000e+00
6.910000e+06 2.06698000e+00
6.940000e+06 1.99299000e+00
6.960000e+06 1.93400000e+00
6.963960e+06 1.92356000e+00
6.970630e+06 1.90818000e+00
6.990000e+06 1.89300000e+00
7.000000e+06 1.90500000e+00
7.011500e+06 1.91724000e+00
7.017900e+06 1.92407000e+00
7.028690e+06 1.93561000e+00
7.030000e+06 1.93700000e+00
7.040000e+06 1.93501000e+00
7.040550e+06 1.93399000e+00
7.066690e+06 1.87197000e+00
7.068940e+06 1.86595500e+00
7.070000e+06 1.86300000e+00
7.074960e+06 1.84490000e+00
7.075840e+06 1.84159000e+00
7.090000e+06 1.78499000e+00
7.100000e+06 1.81300000e+00
7.112870e+06 1.80653000e+00
7.140000e+06 1.79300000e+00
7.200000e+06 1.84300000e+00
7.250000e+06 1.85873000e+00
7.260000e+06 1.85600000e+00
7.262250e+06 1.85484000e+00
7.262260e+06 1.85483000e+00
7.300000e+06 1.83400000e+00
7.320000e+06 1.82500000e+00
7.390000e+06 1.76100000e+00
7.400000e+06 1.76100000e+00
7.460000e+06 1.78400000e+00
7.500000e+06 1.82600000e+00
7.600000e+06 1.93200000e+00
7.660000e+06 1.92400000e+00
7.700000e+06 1.89300000e+00
7.750000e+06 1.82140000e+00
7.760000e+06 1.81100000e+00
7.800000e+06 1.79800000e+00
7.860000e+06 1.81100000e+00
7.880000e+06 1.77500000e+00
7.900000e+06 1.78100000e+00
7.920000e+06 1.84400000e+00
7.940000e+06 1.88800000e+00
7.980000e+06 1.88500000e+00
8.000000e+06 1.84200000e+00
8.080000e+06 1.74400000e+00
8.120000e+06 1.79000000e+00
8.149920e+06 1.75779000e+00
8.180000e+06 1.72800000e+00
8.200000e+06 1.72800000e+00
8.250000e+06 1.75338000e+00
8.300000e+06 1.77700000e+00
8.400000e+06 1.80100000e+00
8.500000e+06 1.80000000e+00
8.581370e+06 1.79269000e+00
8.600000e+06 1.79100000e+00
8.700000e+06 1.76100000e+00
8.800000e+06 1.71400000e+00
8.950000e+06 1.67500000e+00
9.000000e+06 1.67200000e+00
9.200000e+06 1.68597000e+00
9.300000e+06 1.70695000e+00
9.321830e+06 1.71131000e+00
9.400000e+06 1.72597000e+00
9.500000e+06 1.73100000e+00
9.600000e+06 1.72500000e+00
9.700000e+06 1.72700000e+00
9.800000e+06 1.73800000e+00
9.996070e+06 1.72372000e+00
1.000000e+07 1.72300000e+00
1.020000e+07 1.67799000e+00
1.025000e+07 1.66999000e+00
1.035000e+07 1.67699000e+00
1.036140e+07 1.68076000e+00
1.040000e+07 1.69499000e+00
1.046700e+07 1.71392000e+00
1.050000e+07 1.72300000e+00
1.055000e+07 1.73500000e+00
1.060000e+07 1.72500000e+00
1.075350e+07 1.69563000e+00
1.076750e+07 1.69301000e+00
1.078600e+07 1.68956000e+00
1.080000e+07 1.68699000e+00
1.090000e+07 1.68699000e+00
1.100000e+07 1.71600000e+00
1.115000e+07 1.75000000e+00
1.120000e+07 1.74700000e+00
1.125000e+07 1.75700000e+00
1.128870e+07 1.75002000e+00
1.128980e+07 1.74982000e+00
1.135000e+07 1.73900000e+00
1.135710e+07 1.73810500e+00
1.140000e+07 1.73999000e+00
1.143170e+07 1.74137000e+00
1.150000e+07 1.74500000e+00
1.160000e+07 1.75899000e+00
1.176220e+07 1.74191500e+00
1.180000e+07 1.73899000e+00
1.189670e+07 1.73489000e+00
1.189680e+07 1.73489000e+00
1.195220e+07 1.73271000e+00
1.200000e+07 1.73100000e+00
1.217640e+07 1.72621000e+00
1.220000e+07 1.72586000e+00
1.220280e+07 1.72583000e+00
1.230100e+07 1.73246000e+00
1.240000e+07 1.73885000e+00
1.250000e+07 1.73585000e+00
1.260000e+07 1.73485000e+00
1.262780e+07 1.73468000e+00
1.276350e+07 1.73401000e+00
1.280000e+07 1.73391000e+00
1.296180e+07 1.73391000e+00
1.300000e+07 1.73400000e+00
1.314210e+07 1.73451000e+00
1.320000e+07 1.73486000e+00
1.326970e+07 1.73547000e+00
1.332790e+07 1.73613000e+00
1.340000e+07 1.73686000e+00
1.340840e+07 1.73690000e+00
1.350000e+07 1.73695000e+00
1.354500e+07 1.73790000e+00
1.354630e+07 1.73793000e+00
1.354640e+07 1.73793000e+00
1.360000e+07 1.73900000e+00
1.375000e+07 1.74130000e+00
1.378330e+07 1.74177000e+00
1.380000e+07 1.74200000e+00
1.394940e+07 1.74348000e+00
1.400000e+07 1.74400000e+00
1.412980e+07 1.74704000e+00
1.419530e+07 1.74800000e+00
1.419540e+07 1.74800000e+00
1.419560e+07 1.74800000e+00
1.420000e+07 1.74800000e+00
1.425000e+07 1.74800000e+00
1.440000e+07 1.74800000e+00
1.448010e+07 1.74718000e+00
1.450000e+07 1.74700000e+00
1.460000e+07 1.74700000e+00
1.475000e+07 1.74930000e+00
1.480000e+07 1.75000000e+00
1.482230e+07 1.75023000e+00
1.483110e+07 1.75030000e+00
1.500000e+07 1.75100000e+00
1.520000e+07 1.75317000e+00
1.525000e+07 1.75377000e+00
1.534370e+07 1.75475000e+00
1.540000e+07 1.75536000e+00
1.550000e+07 1.75647000e+00
1.560000e+07 1.75757000e+00
1.580000e+07 1.75979000e+00
1.600000e+07 1.76190000e+00
1.620000e+07 1.76400000e+00
1.640000e+07 1.76610000e+00
1.650000e+07 1.76710000e+00
1.680000e+07 1.77010000e+00
1.700000e+07 1.77220000e+00
1.720000e+07 1.77410000e+00
1.728210e+07 1.77494000e+00
1.728220e+07 1.77494000e+00
1.740000e+07 1.77610000e+00
1.742790e+07 1.77638000e+00
1.742800e+07 1.77638000e+00
1.750000e+07 1.77710000e+00
1.760000e+07 1.77810000e+00
1.778100e+07 1.77982000e+00
1.780000e+07 1.78000000e+00
1.800000e+07 1.78190000e+00
1.820000e+07 1.78380000e+00
1.840000e+07 1.78570000e+00
1.850000e+07 1.78660000e+00
1.860000e+07 1.78750000e+00
1.880000e+07 1.78930000e+00
1.889450e+07 1.79026000e+00
1.900000e+07 1.79120000e+00
1.920000e+07 1.79293000e+00
1.940000e+07 1.79463000e+00
1.950000e+07 1.79548000e+00
1.958990e+07 1.79625000e+00
1.960000e+07 1.79634000e+00
2.000000e+07 1.79999500e+00
2.094520e+07 1.81084000e+00
2.100000e+07 1.81148000e+00
2.132820e+07 1.81539000e+00
2.153940e+07 1.81795000e+00
2.200000e+07 1.82370000e+00
2.290820e+07 1.83515000e+00
2.300000e+07 1.83630000e+00
2.334970e+07 1.84068000e+00
2.400000e+07 1.84887000e+00
2.500000e+07 1.86102000e+00
2.533730e+07 1.86489000e+00
2.549200e+07 1.86662000e+00
2.551630e+07 1.86689000e+00
2.600000e+07 1.87213000e+00
2.700000e+07 1.88043000e+00
2.731360e+07 1.88223000e+00
2.800000e+07 1.88515000e+00
2.855320e+07 1.88636000e+00
2.900000e+07 1.88655000e+00
2.916760e+07 1.88647000e+00
3.000000e+07 1.88540000e+00
3.004140e+07 1.88533000e+00
3.100000e+07 1.88339000e+00
3.200000e+07 1.88085000e+00
3.204450e+07 1.88072000e+00
3.215040e+07 1.88041000e+00
3.300000e+07 1.87773000e+00
3.312170e+07 1.87731000e+00
3.339860e+07 1.87632000e+00
3.346590e+07 1.87607000e+00
3.377340e+07 1.87491000e+00
3.400000e+07 1.87401000e+00
3.481750e+07 1.87053000e+00
3.483030e+07 1.87047000e+00
3.500000e+07 1.86969000e+00
3.576430e+07 1.86535000e+00
3.600000e+07 1.86371000e+00
3.604370e+07 1.86339000e+00
3.673030e+07 1.85780000e+00
3.689450e+07 1.85631000e+00
3.700000e+07 1.85532000e+00
3.800000e+07 1.84492000e+00
3.900000e+07 1.83285000e+00
4.000000e+07 1.81943000e+00
4.089550e+07 1.80691000e+00
4.100000e+07 1.80546000e+00
4.164220e+07 1.79648000e+00
4.200000e+07 1.79148000e+00
4.290230e+07 1.77881000e+00
4.300000e+07 1.77744000e+00
4.385180e+07 1.76540000e+00
4.400000e+07 1.76330000e+00
4.467130e+07 1.75373000e+00
4.500000e+07 1.74902000e+00
4.600000e+07 1.73453000e+00
4.605400e+07 1.73374000e+00
4.623450e+07 1.73110000e+00
4.681000e+07 1.72264000e+00
4.700000e+07 1.71983000e+00
4.767840e+07 1.70977000e+00
4.800000e+07 1.70499000e+00
4.801890e+07 1.70470000e+00
4.853760e+07 1.69696000e+00
4.877690e+07 1.69338000e+00
4.900000e+07 1.69004000e+00
4.968330e+07 1.67980000e+00
4.971530e+07 1.67932000e+00
5.000000e+07 1.67505000e+00
5.100000e+07 1.65963000e+00
5.200000e+07 1.64354000e+00
5.256960e+07 1.63414000e+00
5.300000e+07 1.62696000e+00
5.400000e+07 1.61006000e+00
5.500000e+07 1.59300000e+00
5.538370e+07 1.58646000e+00
5.600000e+07 1.57603000e+00
5.700000e+07 1.55930000e+00
5.752860e+07 1.55052000e+00
5.800000e+07 1.54274000e+00
5.812850e+07 1.54062000e+00
5.900000e+07 1.52632000e+00
5.906990e+07 1.52518000e+00
6.000000e+07 1.51000000e+00
6.031720e+07 1.50484000e+00
6.100000e+07 1.49373000e+00
6.200000e+07 1.47752000e+00
6.300000e+07 1.46146000e+00
6.343210e+07 1.45457000e+00
6.400000e+07 1.44559000e+00
6.500000e+07 1.42996000e+00
6.600000e+07 1.41467000e+00
6.700000e+07 1.39968000e+00
6.800000e+07 1.38482000e+00
6.814260e+07 1.38271000e+00
6.849240e+07 1.37752000e+00
6.900000e+07 1.36998000e+00
7.000000e+07 1.35503000e+00
7.100000e+07 1.33994000e+00
7.200000e+07 1.32482000e+00
7.300000e+07 1.30973000e+00
7.392780e+07 1.29584000e+00
7.400000e+07 1.29476000e+00
7.500000e+07 1.27997000e+00
7.600000e+07 1.26549000e+00
7.700000e+07 1.25135000e+00
7.800000e+07 1.23745000e+00
7.900000e+07 1.22370000e+00
8.000000e+07 1.21002000e+00
8.100000e+07 1.19657000e+00
8.200000e+07 1.18355000e+00
8.300000e+07 1.17094000e+00
8.400000e+07 1.15874000e+00
8.500000e+07 1.14695000e+00
8.600000e+07 1.13558000e+00
8.700000e+07 1.12454000e+00
8.800000e+07 1.11368000e+00
8.900000e+07 1.10288000e+00
9.000000e+07 1.09200000e+00
9.100000e+07 1.08103000e+00
9.200000e+07 1.07006000e+00
9.300000e+07 1.05918000e+00
9.400000e+07 1.04846000e+00
9.500000e+07 1.03796000e+00
9.600000e+07 1.02768000e+00
9.700000e+07 1.01756000e+00
9.800000e+07 1.00759000e+00
9.900000e+07 9.97735000e-01
1.000000e+08 9.87990000e-01
1.020000e+08 9.68227000e-01
1.040000e+08 9.48348000e-01
1.060000e+08 9.29136000e-01
1.080000e+08 9.11192000e-01
1.100000e+08 8.94970000e-01
1.120000e+08 8.80203000e-01
1.140000e+08 8.66260000e-01
1.160000e+08 8.52989000e-01
1.180000e+08 8.40265000e-01
1.200000e+08 8.27990000e-01
1.220000e+08 8.16133000e-01
1.240000e+08 8.04714000e-01
1.260000e+08 7.93729000e-01
1.280000e+08 7.83172000e-01
1.300000e+08 7.73040000e-01
1.320000e+08 7.62112000e-01
1.340000e+08 7.50039000e-01
1.360000e+08 7.37942000e-01
1.380000e+08 7.26703000e-01
1.400000e+08 7.17000000e-01
1.420000e+08 7.08704000e-01
1.440000e+08 7.01244000e-01
1.460000e+08 6.94527000e-01
1.480000e+08 6.88470000e-01
