31-Ga_n-g
>  31-Ga-69:0.601080
>  31-Ga-71:0.398920
1.000000e-05 1.47195782e+02
1.250000e-05 1.31655784e+02
1.500000e-05 1.20184802e+02
2.000000e-05 1.04082906e+02
2.750000e-05 8.87623645e+01
3.500000e-05 7.86794061e+01
4.250000e-05 7.14005230e+01
5.000000e-05 6.58278920e+01
6.250000e-05 5.88782449e+01
7.500000e-05 5.37482634e+01
1.000000e-04 4.65473945e+01
1.250000e-04 4.16332142e+01
1.500000e-04 3.80057696e+01
2.000000e-04 3.29139460e+01
2.750000e-04 2.80691289e+01
3.500000e-04 2.48806584e+01
4.250000e-04 2.25787864e+01
5.000000e-04 2.08166571e+01
6.250000e-04 1.86190297e+01
7.500000e-04 1.69967454e+01
1.000000e-03 1.47196301e+01
1.250000e-03 1.31656702e+01
1.500000e-03 1.20185720e+01
2.000000e-03 1.04083824e+01
2.750000e-03 8.87633427e+00
3.500000e-03 7.86807231e+00
4.250000e-03 7.14019602e+00
5.000000e-03 6.58292691e+00
6.250000e-03 5.88799614e+00
7.500000e-03 5.37500597e+00
1.000000e-02 4.65494902e+00
1.250000e-02 4.16355892e+00
1.500000e-02 3.80083642e+00
2.000000e-02 3.29169597e+00
2.530000e-02 2.92674191e+00
3.147500e-02 2.62406693e+00
3.765000e-02 2.39931768e+00
5.000000e-02 2.08213671e+00
6.250000e-02 1.86242987e+00
7.500000e-02 1.70025133e+00
1.000000e-01 1.47263341e+00
1.250000e-01 1.31731267e+00
1.500000e-01 1.20267629e+00
2.000000e-01 1.04178706e+00
2.750000e-01 8.88748700e-01
3.500000e-01 7.88062617e-01
5.000000e-01 6.59798356e-01
7.500000e-01 5.39351348e-01
1.000000e+00 4.67639048e-01
1.500000e+00 3.82726964e-01
2.000000e+00 3.32242646e-01
2.750000e+00 2.84366522e-01
3.500000e+00 2.52994593e-01
5.000000e+00 2.13275570e-01
7.500000e+00 1.76444233e-01
1.000000e+01 1.54945337e-01
1.500000e+01 1.30403000e-01
2.000000e+01 1.16842734e-01
2.750000e+01 1.05760701e-01
3.500000e+01 1.00806793e-01
5.000000e+01 1.03594123e-01
6.138670e+01 1.20618427e-01
6.250000e+01 1.23809682e-01
6.708010e+01 1.40020239e-01
7.277340e+01 1.72495683e-01
7.500000e+01 1.97087239e-01
7.846680e+01 2.39615494e-01
8.125000e+01 3.01210264e-01
8.131340e+01 3.02745793e-01
8.416010e+01 4.17863829e-01
8.558340e+01 5.10379591e-01
8.700680e+01 6.48192753e-01
8.750000e+01 7.24994381e-01
8.843010e+01 8.72915773e-01
8.985350e+01 1.27359162e+00
9.056510e+01 1.60507573e+00
9.062500e+01 1.64716282e+00
9.127680e+01 2.10809962e+00
9.198850e+01 2.92034380e+00
9.270010e+01 4.36560499e+00
9.305600e+01 5.55669055e+00
9.341180e+01 7.33849563e+00
9.375000e+01 1.00391310e+01
9.376760e+01 1.01798315e+01
9.412350e+01 1.51266097e+01
9.447930e+01 2.49002381e+01
9.465720e+01 3.38225469e+01
9.483510e+01 4.85655773e+01
9.501310e+01 7.54465884e+01
9.510200e+01 9.79687052e+01
9.519100e+01 1.31970944e+02
9.527990e+01 1.86354402e+02
9.536890e+01 2.79678438e+02
9.545790e+01 4.53054150e+02
9.554680e+01 7.91946554e+02
9.562340e+01 1.26639570e+03
9.570000e+01 1.58195103e+03
9.577660e+01 1.26482322e+03
9.585320e+01 7.90245677e+02
9.591800e+01 5.22416152e+02
9.598280e+01 3.58517256e+02
9.604760e+01 2.57011442e+02
9.611240e+01 1.91625042e+02
9.624200e+01 1.16937202e+02
9.637160e+01 7.82159888e+01
9.650110e+01 5.58181814e+01
9.663070e+01 4.17785478e+01
9.687500e+01 2.68092087e+01
9.688990e+01 2.58965295e+01
9.714910e+01 1.76279890e+01
9.740830e+01 1.27954661e+01
9.766740e+01 9.73394436e+00
9.792660e+01 7.67606964e+00
9.844500e+01 5.17331333e+00
9.896330e+01 3.77309190e+00
9.948170e+01 2.91631940e+00
1.000000e+02 2.35791891e+00
1.007810e+02 1.85414331e+00
1.013270e+02 1.64893289e+00
1.015630e+02 1.56937066e+00
1.026550e+02 1.41358045e+00
1.031250e+02 1.38024885e+00
1.039820e+02 1.42394600e+00
1.046880e+02 1.56470962e+00
1.053090e+02 1.72278698e+00
1.059730e+02 2.03922979e+00
1.062500e+02 2.25027377e+00
1.066360e+02 2.55856111e+00
1.073000e+02 3.43176049e+00
1.079640e+02 5.00318041e+00
1.082950e+02 6.30117841e+00
1.086270e+02 8.23749374e+00
1.089590e+02 1.13049214e+01
1.092910e+02 1.65785531e+01
1.093750e+02 1.91599663e+01
1.096230e+02 2.67865593e+01
1.097890e+02 3.58843105e+01
1.099540e+02 5.05258428e+01
1.101200e+02 7.61775776e+01
1.102030e+02 9.68223839e+01
1.102860e+02 1.26718412e+02
1.103690e+02 1.72027334e+02
1.104520e+02 2.43947871e+02
1.105350e+02 3.63992075e+02
1.106180e+02 5.67662134e+02
1.107090e+02 9.08931866e+02
1.108000e+02 1.13653496e+03
1.108910e+02 9.08008506e+02
1.109820e+02 5.66587201e+02
1.110690e+02 3.55485532e+02
1.111560e+02 2.34545863e+02
1.112430e+02 1.63410480e+02
1.113300e+02 1.19382603e+02
1.114170e+02 9.05903014e+01
1.115040e+02 7.09235960e+01
1.116780e+02 4.66805989e+01
1.118510e+02 3.29557409e+01
1.120250e+02 2.44797936e+01
1.123730e+02 1.50244485e+01
1.125000e+02 1.32482729e+01
1.127210e+02 1.01594413e+01
1.130690e+02 7.33738840e+00
1.134160e+02 5.55632727e+00
1.137640e+02 4.36094113e+00
1.144590e+02 2.90544266e+00
1.151550e+02 2.08591755e+00
1.156250e+02 1.74248499e+00
1.158500e+02 1.57908110e+00
1.165460e+02 1.24493026e+00
1.179370e+02 8.42318825e-01
1.187500e+02 7.10229822e-01
1.193280e+02 6.18172589e-01
1.207180e+02 4.81467715e-01
1.221090e+02 3.90486324e-01
1.248910e+02 2.78839683e-01
1.250000e+02 2.76274215e-01
1.276730e+02 2.19917346e-01
1.304550e+02 1.83177724e-01
1.332370e+02 1.58148944e-01
1.375000e+02 1.33476294e-01
1.388000e+02 1.27418264e-01
1.443640e+02 1.13129684e-01
1.500000e+02 1.05682784e-01
1.554910e+02 1.02235123e-01
1.666180e+02 1.02592453e-01
1.750000e+02 1.05040892e-01
1.777460e+02 1.08485029e-01
2.000000e+02 1.39935693e-01
2.104480e+02 1.68931978e-01
2.208950e+02 2.12861869e-01
2.313430e+02 2.83543699e-01
2.334040e+02 3.04316396e-01
2.365660e+02 3.36400275e-01
2.417900e+02 4.08366386e-01
2.470140e+02 5.09695003e-01
2.501050e+02 5.98072144e-01
2.522380e+02 6.59206763e-01
2.574610e+02 8.93289077e-01
2.626850e+02 1.29019468e+00
2.652970e+02 1.60165553e+00
2.668070e+02 1.85847426e+00
2.679090e+02 2.04607114e+00
2.705210e+02 2.71070046e+00
2.731330e+02 3.76626740e+00
2.757440e+02 5.58286971e+00
2.783560e+02 9.06770786e+00
2.796620e+02 1.21047819e+01
2.809680e+02 1.67987303e+01
2.822740e+02 2.43382947e+01
2.835090e+02 3.59051769e+01
2.835800e+02 3.65701753e+01
2.851400e+02 5.82896904e+01
2.867000e+02 7.23692094e+01
2.882600e+02 5.74915245e+01
2.898200e+02 3.58036768e+01
2.911320e+02 2.36976352e+01
2.918600e+02 1.95837337e+01
2.924440e+02 1.62838370e+01
2.937550e+02 1.16881009e+01
2.950670e+02 8.72502574e+00
2.976900e+02 5.33999477e+00
3.002110e+02 3.65590082e+00
3.003140e+02 3.58716538e+00
3.029370e+02 2.57792603e+00
3.043860e+02 2.23052674e+00
3.055610e+02 1.94987730e+00
3.085610e+02 1.55067446e+00
3.108080e+02 1.25543802e+00
3.127370e+02 1.12967158e+00
3.160540e+02 9.25089889e-01
3.169120e+02 8.98100678e-01
3.190000e+02 8.43589623e-01
3.210880e+02 8.03603666e-01
3.213010e+02 8.02276733e-01
3.231760e+02 8.20656111e-01
3.252630e+02 8.97481009e-01
3.263070e+02 9.78447637e-01
3.265480e+02 1.00981792e+00
3.273510e+02 1.12219083e+00
3.283950e+02 1.36945978e+00
3.294390e+02 1.82525540e+00
3.299610e+02 2.20859250e+00
3.304830e+02 2.78923411e+00
3.310040e+02 3.72666019e+00
3.315260e+02 5.38041593e+00
3.317870e+02 6.72590262e+00
3.317950e+02 6.78668620e+00
3.320480e+02 8.71154959e+00
3.323090e+02 1.18078336e+01
3.325700e+02 1.70165532e+01
3.327010e+02 2.10658476e+01
3.328310e+02 2.67813390e+01
3.329620e+02 3.52005451e+01
3.330920e+02 4.82763813e+01
3.332230e+02 7.00732239e+01
3.333530e+02 1.09790969e+02
3.334180e+02 1.42620547e+02
3.334840e+02 1.90666462e+02
3.335490e+02 2.62756783e+02
3.336140e+02 3.70908297e+02
3.337070e+02 5.93477703e+02
3.338000e+02 7.41885257e+02
3.338930e+02 5.93197000e+02
3.339860e+02 3.70611367e+02
3.340540e+02 2.59151080e+02
3.341210e+02 1.86132868e+02
3.341890e+02 1.38070293e+02
3.342570e+02 1.05683883e+02
3.343920e+02 6.68759202e+01
3.345270e+02 4.58284286e+01
3.346620e+02 3.32772029e+01
3.347980e+02 2.52507840e+01
3.350680e+02 1.59836049e+01
3.353390e+02 1.10623511e+01
3.356090e+02 8.14732532e+00
3.358800e+02 6.28172787e+00
3.361500e+02 5.01700928e+00
3.366910e+02 3.46233429e+00
3.372320e+02 2.57960062e+00
3.377730e+02 2.03071881e+00
3.383140e+02 1.66617621e+00
3.393960e+02 1.22678753e+00
3.404780e+02 9.81474364e-01
3.415600e+02 8.30103986e-01
3.422890e+02 7.62435364e-01
3.426420e+02 7.33486763e-01
3.448060e+02 6.34787744e-01
3.469700e+02 5.88112800e-01
3.475360e+02 5.82403130e-01
3.491340e+02 5.86008511e-01
3.512980e+02 6.04236672e-01
3.527830e+02 6.23768457e-01
3.556260e+02 7.35664817e-01
3.580290e+02 8.37694698e-01
3.599540e+02 1.00264756e+00
3.606530e+02 1.06357343e+00
3.632760e+02 1.45775940e+00
3.642820e+02 1.74428216e+00
3.659000e+02 2.20638586e+00
3.672120e+02 2.85318678e+00
3.685230e+02 3.85639623e+00
3.686100e+02 3.96666012e+00
3.698350e+02 5.51996710e+00
3.711470e+02 8.52355488e+00
3.718030e+02 1.09801239e+01
3.724580e+02 1.45468083e+01
3.731140e+02 1.98386214e+01
3.737700e+02 2.76734299e+01
3.747350e+02 4.41832180e+01
3.757000e+02 5.50645640e+01
3.766650e+02 4.38944103e+01
3.772660e+02 3.36150370e+01
3.776300e+02 2.73894060e+01
3.785860e+02 1.69313561e+01
3.795420e+02 1.10561391e+01
3.804980e+02 7.65905296e+00
3.814540e+02 5.57788425e+00
3.824100e+02 4.22937201e+00
3.833660e+02 3.31276647e+00
3.852780e+02 2.18956916e+00
3.859220e+02 1.97656882e+00
3.871900e+02 1.55751189e+00
3.891020e+02 1.16832058e+00
3.929260e+02 7.34365472e-01
3.967500e+02 5.10425791e-01
4.005740e+02 3.79549757e-01
4.032350e+02 3.30791002e-01
4.082230e+02 2.40388713e-01
4.158710e+02 1.71285508e-01
4.205470e+02 1.46957979e-01
4.235190e+02 1.32030200e-01
4.292030e+02 1.17321485e-01
4.378590e+02 9.70376870e-02
4.388150e+02 9.53562439e-02
4.465150e+02 9.24269761e-02
4.508430e+02 9.54292821e-02
4.541110e+02 1.03478155e-01
4.551710e+02 1.06709745e-01
4.573350e+02 1.19118758e-01
4.594990e+02 1.39073669e-01
4.616630e+02 1.73028334e-01
4.638270e+02 2.36173849e-01
4.649090e+02 2.89762964e-01
4.659910e+02 3.71718247e-01
4.670730e+02 5.05785363e-01
4.681550e+02 7.46957120e-01
4.686960e+02 9.47040037e-01
4.692370e+02 1.24771970e+00
4.694080e+02 1.39996877e+00
4.697780e+02 1.72953775e+00
4.703190e+02 2.57244170e+00
4.708600e+02 4.25021573e+00
4.711310e+02 5.79298522e+00
4.714010e+02 8.36159437e+00
4.716720e+02 1.30967779e+01
4.718070e+02 1.71113291e+01
4.719420e+02 2.32378951e+01
4.720770e+02 3.32000126e+01
4.722130e+02 5.06789357e+01
4.722800e+02 6.46103163e+01
4.723480e+02 8.43106820e+01
4.724150e+02 1.12655180e+02
4.724830e+02 1.53251490e+02
4.725920e+02 2.45368754e+02
4.727000e+02 3.06830336e+02
4.728090e+02 2.45276087e+02
4.729170e+02 1.53152714e+02
4.730230e+02 9.52902997e+01
4.731290e+02 6.24544527e+01
4.732340e+02 4.33281590e+01
4.733400e+02 3.15497072e+01
4.734460e+02 2.38905167e+01
4.735520e+02 1.86704488e+01
4.737630e+02 1.22589318e+01
4.739750e+02 8.64363860e+00
4.741870e+02 6.41575822e+00
4.746100e+02 3.93544735e+00
4.750330e+02 2.66146196e+00
4.754560e+02 1.92299077e+00
4.758790e+02 1.45743995e+00
4.763020e+02 1.14536890e+00
4.771490e+02 7.65962068e-01
4.779950e+02 5.52977920e-01
4.788420e+02 4.21554457e-01
4.796880e+02 3.34780879e-01
4.813810e+02 2.30802863e-01
4.830730e+02 1.73110871e-01
4.847660e+02 1.37676412e-01
4.864590e+02 1.14258143e-01
4.898440e+02 8.59293789e-02
4.932290e+02 6.97913585e-02
5.000000e+02 5.22774423e-02
5.079680e+02 4.32123072e-02
5.159360e+02 3.85759896e-02
5.199200e+02 3.77166219e-02
5.239040e+02 3.92969779e-02
5.255580e+02 4.24507480e-02
5.258960e+02 4.31271835e-02
5.268920e+02 4.73944728e-02
5.278880e+02 5.53661581e-02
5.288840e+02 7.24597733e-02
5.293820e+02 8.92967964e-02
5.298800e+02 1.19403502e-01
5.303780e+02 1.81265865e-01
5.306270e+02 2.40063116e-01
5.308760e+02 3.41533440e-01
5.311250e+02 5.39169351e-01
5.312500e+02 7.16649368e-01
5.313740e+02 1.00462607e+00
5.314990e+02 1.51521260e+00
5.315610e+02 1.93120468e+00
5.316230e+02 2.54040191e+00
5.316860e+02 3.47841979e+00
5.317480e+02 4.99825322e+00
5.318100e+02 7.60944957e+00
5.318720e+02 1.21969429e+01
5.319360e+02 1.94997546e+01
5.320000e+02 2.43699957e+01
5.320640e+02 1.95018391e+01
5.321280e+02 1.21996090e+01
5.321660e+02 9.06725515e+00
5.322050e+02 6.85184870e+00
5.322820e+02 4.18513361e+00
5.323590e+02 2.77385224e+00
5.324360e+02 1.96080175e+00
5.325120e+02 1.45644206e+00
5.325890e+02 1.12433372e+00
5.327430e+02 7.30254397e-01
5.328970e+02 5.15333583e-01
5.330510e+02 3.85787768e-01
5.333580e+02 2.44428628e-01
5.336660e+02 1.73167886e-01
5.339740e+02 1.32321793e-01
5.345890e+02 8.96969524e-02
5.352040e+02 6.90391212e-02
5.358190e+02 5.74600624e-02
5.370500e+02 4.55567161e-02
5.382800e+02 3.98088808e-02
5.395100e+02 3.65491561e-02
5.419710e+02 3.30742058e-02
5.468930e+02 3.01223889e-02
5.511170e+02 2.89178635e-02
5.518140e+02 2.87759051e-02
5.715010e+02 2.82461158e-02
5.911870e+02 3.09109561e-02
6.010300e+02 3.61773247e-02
6.022340e+02 3.81140754e-02
6.034910e+02 4.02380951e-02
6.059520e+02 5.03858588e-02
6.071820e+02 6.34415665e-02
6.077980e+02 7.60372442e-02
6.084130e+02 9.84260664e-02
6.090280e+02 1.44528096e-01
6.093360e+02 1.88682734e-01
6.096430e+02 2.65727257e-01
6.099510e+02 4.18670163e-01
6.101050e+02 5.58964591e-01
6.102580e+02 7.91970788e-01
6.104120e+02 1.21992948e+00
6.104890e+02 1.58120949e+00
6.105660e+02 2.13081388e+00
6.106430e+02 3.01892248e+00
6.107200e+02 4.56577268e+00
6.107970e+02 7.50346190e+00
6.108350e+02 9.95556819e+00
6.108740e+02 1.34249423e+01
6.109370e+02 2.14687158e+01
6.110000e+02 2.68218148e+01
6.110630e+02 2.14572967e+01
6.111270e+02 1.34277101e+01
6.111650e+02 9.93567620e+00
6.112040e+02 7.48495327e+00
6.112810e+02 4.54668276e+00
6.113580e+02 3.00326047e+00
6.114360e+02 2.11943333e+00
6.115130e+02 1.57221698e+00
6.115900e+02 1.21321081e+00
6.117450e+02 7.87900387e-01
6.118990e+02 5.56510385e-01
6.120540e+02 4.17285794e-01
6.123630e+02 2.65672896e-01
6.126720e+02 1.89454664e-01
6.129810e+02 1.45901524e-01
6.135990e+02 1.00712759e-01
6.142170e+02 7.90731065e-02
6.148350e+02 6.71665020e-02
6.160710e+02 5.54193731e-02
6.185430e+02 4.78411124e-02
6.210150e+02 4.63113996e-02
6.277920e+02 5.04442988e-02
6.309030e+02 5.25941246e-02
6.405710e+02 6.76392006e-02
6.407920e+02 6.80101137e-02
6.506800e+02 9.74106648e-02
6.533500e+02 1.10441397e-01
6.556240e+02 1.22216841e-01
6.605680e+02 1.59952938e-01
6.655120e+02 2.20049811e-01
6.661300e+02 2.33338449e-01
6.704560e+02 3.28738103e-01
6.725190e+02 4.03023871e-01
6.729290e+02 4.18158976e-01
6.754010e+02 5.53486252e-01
6.778730e+02 7.68780009e-01
6.789090e+02 9.26736282e-01
6.803450e+02 1.14765483e+00
6.815810e+02 1.45562848e+00
6.821040e+02 1.64773113e+00
6.828170e+02 1.91089730e+00
6.840530e+02 2.62394871e+00
6.852890e+02 3.83251845e+00
6.852980e+02 3.84632240e+00
6.859070e+02 4.78240606e+00
6.865250e+02 6.13478259e+00
6.871430e+02 8.15181535e+00
6.877610e+02 1.13443202e+01
6.883790e+02 1.68065031e+01
6.884930e+02 1.83895070e+01
6.886880e+02 2.10986230e+01
6.889970e+02 2.71838302e+01
6.893060e+02 3.61272931e+01
6.896150e+02 4.97939224e+01
6.899240e+02 7.14214956e+01
6.902330e+02 1.05916809e+02
6.906170e+02 1.69334839e+02
6.910000e+02 2.11505277e+02
6.913840e+02 1.69129019e+02
6.916880e+02 1.18804198e+02
6.917670e+02 1.05727189e+02
6.920100e+02 7.73468449e+01
6.922540e+02 5.76593456e+01
6.927400e+02 3.45053408e+01
6.932270e+02 2.25637879e+01
6.932850e+02 2.17574157e+01
6.937130e+02 1.58126710e+01
6.942000e+02 1.16805534e+01
6.946860e+02 8.98966629e+00
6.948830e+02 8.35174374e+00
6.956590e+02 5.85802244e+00
6.964800e+02 4.45486839e+00
6.966320e+02 4.20275435e+00
6.976060e+02 3.28006261e+00
6.980780e+02 3.06182581e+00
6.988760e+02 2.75276419e+00
6.995520e+02 2.55470997e+00
6.996750e+02 2.55403929e+00
7.004740e+02 2.68538717e+00
7.012720e+02 3.08705304e+00
7.014980e+02 3.30969918e+00
7.016720e+02 3.50270533e+00
7.020710e+02 4.18165414e+00
7.024700e+02 5.26548680e+00
7.028700e+02 7.10577808e+00
7.030690e+02 8.53367449e+00
7.032690e+02 1.05347338e+01
7.034440e+02 1.30817504e+01
7.034690e+02 1.34471621e+01
7.036680e+02 1.78924389e+01
7.038680e+02 2.50684595e+01
7.040680e+02 3.75170058e+01
7.041680e+02 4.73151633e+01
7.042670e+02 6.10214435e+01
7.043670e+02 8.04728666e+01
7.044670e+02 1.07911067e+02
7.046340e+02 1.72074529e+02
7.048000e+02 2.14751864e+02
7.049670e+02 1.71957295e+02
7.051330e+02 1.07758776e+02
7.052770e+02 7.08422655e+01
7.053900e+02 5.32874876e+01
7.054210e+02 4.84726435e+01
7.055650e+02 3.47388269e+01
7.057090e+02 2.59451159e+01
7.059970e+02 1.59575587e+01
7.062850e+02 1.08023589e+01
7.065730e+02 7.82223040e+00
7.068610e+02 5.95189738e+00
7.073360e+02 4.19619406e+00
7.074370e+02 3.82562381e+00
7.080130e+02 2.71509375e+00
7.085890e+02 2.05624484e+00
7.091640e+02 1.62991973e+00
7.097400e+02 1.33515314e+00
7.108920e+02 9.56947823e-01
7.112290e+02 8.88556628e-01
7.120440e+02 7.38057628e-01
7.131960e+02 5.96469948e-01
7.143480e+02 4.93943318e-01
7.151210e+02 4.45623646e-01
7.166510e+02 3.63575314e-01
7.189550e+02 2.80800660e-01
7.190130e+02 2.79211223e-01
7.212590e+02 2.28503131e-01
7.229050e+02 1.98920951e-01
7.235620e+02 1.89570269e-01
7.281700e+02 1.40384965e-01
7.306900e+02 1.19388629e-01
7.327770e+02 1.07160257e-01
7.373840e+02 8.53133807e-02
7.384750e+02 8.07938051e-02
7.419910e+02 7.03844935e-02
7.462590e+02 5.97104075e-02
7.512060e+02 5.04828450e-02
7.540440e+02 4.60443072e-02
7.604210e+02 3.91787523e-02
7.696130e+02 3.09523076e-02
7.788500e+02 2.56371337e-02
7.851820e+02 2.26117765e-02
7.972790e+02 1.86654069e-02
8.007510e+02 1.76691245e-02
8.157080e+02 1.45894351e-02
8.163200e+02 1.44783934e-02
8.474590e+02 1.07608961e-02
8.525670e+02 1.03619193e-02
8.785970e+02 8.77671485e-03
9.097350e+02 7.65174350e-03
9.253040e+02 7.95558541e-03
9.262830e+02 8.14178576e-03
9.291970e+02 8.71994333e-03
9.330890e+02 1.10730137e-02
9.350350e+02 1.43959906e-02
9.369810e+02 2.37361990e-02
9.379540e+02 3.64368823e-02
9.384410e+02 4.88543419e-02
9.389270e+02 7.09796106e-02
9.394140e+02 1.16330364e-01
9.396570e+02 1.59367929e-01
9.399010e+02 2.33514384e-01
9.401440e+02 3.77759396e-01
9.402650e+02 5.07043111e-01
9.403870e+02 7.16458597e-01
9.405090e+02 1.08725204e+00
9.405700e+02 1.38815230e+00
9.406300e+02 1.82850312e+00
9.406910e+02 2.50329317e+00
9.407520e+02 3.59373604e+00
9.408130e+02 5.45306844e+00
9.408740e+02 8.70077541e+00
9.409370e+02 1.39234389e+01
9.410000e+02 1.73988230e+01
9.410630e+02 1.39155640e+01
9.411270e+02 8.70185573e+00
9.411840e+02 5.58799648e+00
9.412420e+02 3.75065684e+00
9.412990e+02 2.64668890e+00
9.413570e+02 1.95128706e+00
9.414720e+02 1.17427621e+00
9.415870e+02 7.79612353e-01
9.417020e+02 5.54257704e-01
9.418170e+02 4.14199913e-01
9.420460e+02 2.57038859e-01
9.422760e+02 1.75683002e-01
9.425060e+02 1.28294778e-01
9.429660e+02 7.81773705e-02
9.434260e+02 5.36226334e-02
9.438860e+02 3.98057697e-02
9.448060e+02 2.56237919e-02
9.466460e+02 1.51137157e-02
9.484860e+02 1.13112113e-02
9.521650e+02 8.50263519e-03
9.558450e+02 7.46265836e-03
9.632040e+02 6.63229035e-03
9.705630e+02 6.26343757e-03
1.000000e+03 5.60221292e-03
1.045940e+03 5.33248068e-03
1.062970e+03 5.53763962e-03
1.068910e+03 5.63776161e-03
1.074650e+03 6.06189847e-03
1.080400e+03 7.25976432e-03
1.083270e+03 8.91164673e-03
1.086140e+03 1.35414669e-02
1.087570e+03 1.98838536e-02
1.088290e+03 2.61428870e-02
1.089010e+03 3.74014651e-02
1.089730e+03 6.09286682e-02
1.090090e+03 8.37185582e-02
1.090440e+03 1.23922104e-01
1.090620e+03 1.56780741e-01
1.090800e+03 2.05035694e-01
1.090980e+03 2.80988461e-01
1.091160e+03 4.08762532e-01
1.091340e+03 6.51585130e-01
1.091430e+03 8.63068576e-01
1.091520e+03 1.19056993e+00
1.091610e+03 1.74845157e+00
1.091700e+03 2.76967081e+00
1.091750e+03 3.63587771e+00
1.091790e+03 4.92827479e+00
1.091840e+03 6.91046838e+00
1.091880e+03 9.87332700e+00
1.091940e+03 1.58310376e+01
1.092000e+03 1.97100559e+01
1.092060e+03 1.57277971e+01
1.092120e+03 9.87436419e+00
1.092160e+03 7.02124845e+00
1.092210e+03 5.10930468e+00
1.092250e+03 3.82935390e+00
1.092290e+03 2.97024377e+00
1.092370e+03 1.89643889e+00
1.092460e+03 1.31097592e+00
1.092540e+03 9.53790930e-01
1.092620e+03 7.26191111e-01
1.092790e+03 4.59604837e-01
1.092960e+03 3.17031622e-01
1.093120e+03 2.32190110e-01
1.093460e+03 1.40706175e-01
1.093790e+03 9.51052209e-02
1.094130e+03 6.91638421e-02
1.094790e+03 4.23263199e-02
1.095460e+03 2.94117837e-02
1.096130e+03 2.22369881e-02
1.097460e+03 1.49697033e-02
1.100130e+03 9.68529037e-03
1.102800e+03 7.84251984e-03
1.108150e+03 6.63809335e-03
1.113490e+03 6.46701755e-03
1.118830e+03 6.92145628e-03
1.124170e+03 8.72772719e-03
1.125940e+03 1.04688834e-02
1.126840e+03 1.13584702e-02
1.128180e+03 1.39979142e-02
1.129510e+03 1.88006145e-02
1.130850e+03 2.89689554e-02
1.131520e+03 3.89555136e-02
1.132180e+03 5.68065332e-02
1.132520e+03 7.15841266e-02
1.132850e+03 9.37309223e-02
1.133180e+03 1.29088752e-01
1.133520e+03 1.90409139e-01
1.133850e+03 3.11796859e-01
1.134020e+03 4.22482400e-01
1.134190e+03 6.05064893e-01
1.134350e+03 9.36919214e-01
1.134440e+03 1.21600008e+00
1.134520e+03 1.63080545e+00
1.134600e+03 2.29894098e+00
1.134690e+03 3.42281074e+00
1.134770e+03 5.47822647e+00
1.134850e+03 9.41229610e+00
1.134930e+03 1.50654716e+01
1.135000e+03 1.88376993e+01
1.135070e+03 1.50655121e+01
1.135150e+03 9.41277621e+00
1.135210e+03 6.45007744e+00
1.135260e+03 4.58113747e+00
1.135320e+03 3.35328593e+00
1.135370e+03 2.55115777e+00
1.135490e+03 1.59495906e+00
1.135600e+03 1.08363589e+00
1.135710e+03 7.81897310e-01
1.135830e+03 5.90089159e-01
1.136050e+03 3.70145251e-01
1.136280e+03 2.54049442e-01
1.136500e+03 1.85548331e-01
1.136730e+03 1.41827779e-01
1.136960e+03 1.12357847e-01
1.137410e+03 7.60259273e-02
1.137860e+03 5.54525448e-02
1.138760e+03 3.42471523e-02
1.139670e+03 2.40830347e-02
1.140570e+03 1.84509205e-02
1.142380e+03 1.27427372e-02
1.145990e+03 8.58379550e-03
1.149600e+03 7.11094172e-03
1.156830e+03 6.06601126e-03
1.164060e+03 5.72156038e-03
1.188900e+03 5.57172934e-03
1.192970e+03 5.58947983e-03
1.220390e+03 6.14986438e-03
1.228260e+03 6.49954861e-03
1.236130e+03 7.26203055e-03
1.240070e+03 8.19755412e-03
1.244000e+03 1.06980201e-02
1.245970e+03 1.40729805e-02
1.247940e+03 2.33938242e-02
1.248920e+03 3.59914506e-02
1.249410e+03 4.82846544e-02
1.249900e+03 7.01643628e-02
1.250400e+03 1.14954710e-01
1.250640e+03 1.57421093e-01
1.250780e+03 1.98378904e-01
1.250890e+03 2.30561203e-01
1.251130e+03 3.72632081e-01
1.251260e+03 4.99869561e-01
1.251380e+03 7.05738965e-01
1.251500e+03 1.06922597e+00
1.251630e+03 1.79415456e+00
1.251690e+03 2.45856531e+00
1.251750e+03 3.51089505e+00
1.251810e+03 5.28802509e+00
1.251870e+03 8.35605858e+00
1.251940e+03 1.33873397e+01
1.252000e+03 1.67506838e+01
1.252070e+03 1.33879429e+01
1.252130e+03 8.35684412e+00
1.252180e+03 5.72681937e+00
1.252230e+03 4.04471582e+00
1.252280e+03 2.96324146e+00
1.252330e+03 2.25773061e+00
1.252430e+03 1.41420659e+00
1.252530e+03 9.62394374e-01
1.252630e+03 6.95450325e-01
1.252730e+03 5.25610150e-01
1.252920e+03 3.30677518e-01
1.253120e+03 2.27302754e-01
1.253320e+03 1.66650351e-01
1.253720e+03 1.01689582e-01
1.254110e+03 6.94526522e-02
1.254510e+03 5.12456894e-02
1.255300e+03 3.24611007e-02
1.256890e+03 1.84949914e-02
1.258470e+03 1.34896236e-02
1.261640e+03 9.91847727e-03
1.264810e+03 8.73458026e-03
1.271160e+03 8.06917982e-03
1.277500e+03 8.05406703e-03
1.279690e+03 8.15136952e-03
1.290180e+03 8.82010163e-03
1.302870e+03 1.01895269e-02
1.308600e+03 1.12779443e-02
1.315550e+03 1.29117218e-02
1.321890e+03 1.53282471e-02
1.323050e+03 1.60483976e-02
1.328230e+03 1.96053688e-02
1.330280e+03 2.22465084e-02
1.334570e+03 2.82311713e-02
1.337510e+03 3.56069066e-02
1.337750e+03 3.62728825e-02
1.340920e+03 5.09644841e-02
1.342500e+03 6.27684849e-02
1.344090e+03 8.03511694e-02
1.344730e+03 9.18135760e-02
1.345670e+03 1.09110392e-01
1.347260e+03 1.60423003e-01
1.348050e+03 2.02816140e-01
1.348350e+03 2.27067271e-01
1.348840e+03 2.67078118e-01
1.349640e+03 3.70849994e-01
1.350430e+03 5.54376528e-01
1.350830e+03 7.05367335e-01
1.351220e+03 9.29735941e-01
1.351620e+03 1.28527247e+00
1.351960e+03 1.81959092e+00
1.352010e+03 1.89822870e+00
1.352410e+03 3.09643673e+00
1.352610e+03 4.17110021e+00
1.352810e+03 5.91636460e+00
1.353010e+03 9.01568191e+00
1.353100e+03 1.15428374e+01
1.353200e+03 1.52564351e+01
1.353300e+03 2.09789624e+01
1.353400e+03 3.02980519e+01
1.353450e+03 3.72763229e+01
1.353500e+03 4.63586143e+01
1.353550e+03 5.87385508e+01
1.353600e+03 7.47933702e+01
1.353700e+03 1.19883692e+02
1.353770e+03 1.40644007e+02
1.353800e+03 1.49541333e+02
1.353850e+03 1.40494712e+02
1.353900e+03 1.19395233e+02
1.354000e+03 7.47811379e+01
1.354110e+03 4.38795271e+01
1.354220e+03 2.75696141e+01
1.354330e+03 1.85849428e+01
1.354450e+03 1.32662450e+01
1.354560e+03 9.90407606e+00
1.354670e+03 7.65997603e+00
1.354890e+03 4.96123923e+00
1.355110e+03 3.47076338e+00
1.355330e+03 2.56513838e+00
1.355580e+03 2.01334078e+00
1.355780e+03 1.57250711e+00
1.356220e+03 1.06929867e+00
1.356660e+03 7.81288882e-01
1.357110e+03 6.02027613e-01
1.357380e+03 5.29368251e-01
1.357550e+03 4.84667258e-01
1.358440e+03 3.49205880e-01
1.359190e+03 2.90060971e-01
1.359330e+03 2.80353671e-01
1.360090e+03 2.54295605e-01
1.360210e+03 2.51587783e-01
1.361000e+03 2.49663653e-01
1.361100e+03 2.51695295e-01
1.361900e+03 2.80061343e-01
1.362800e+03 3.53148473e-01
1.362880e+03 3.65099035e-01
1.363250e+03 4.24071510e-01
1.363710e+03 5.34439205e-01
1.364160e+03 7.14671918e-01
1.364610e+03 1.03299877e+00
1.364650e+03 1.08984794e+00
1.365060e+03 1.67454115e+00
1.365290e+03 2.26538472e+00
1.365510e+03 3.24339561e+00
1.365740e+03 5.04909818e+00
1.365850e+03 6.57573444e+00
1.365960e+03 8.90092875e+00
1.366080e+03 1.26635560e+01
1.366190e+03 1.92288311e+01
1.366250e+03 2.44734592e+01
1.366300e+03 3.17231345e+01
1.366360e+03 4.20397112e+01
1.366420e+03 5.66333486e+01
1.366510e+03 9.06292707e+01
1.366600e+03 1.12903726e+02
1.366690e+03 9.02294721e+01
1.366790e+03 5.63171938e+01
1.366840e+03 4.18098250e+01
1.366900e+03 3.15587243e+01
1.367010e+03 1.92956260e+01
1.367120e+03 1.27384798e+01
1.367230e+03 8.99264265e+00
1.367340e+03 6.64609713e+00
1.367460e+03 5.11417724e+00
1.367680e+03 3.28559510e+00
1.367900e+03 2.28771599e+00
1.368120e+03 1.68579291e+00
1.368200e+03 1.56903908e+00
1.368570e+03 1.02979055e+00
1.369020e+03 6.97739139e-01
1.369460e+03 5.07077885e-01
1.369910e+03 3.87397522e-01
1.370350e+03 3.07403457e-01
1.371240e+03 2.09540195e-01
1.371750e+03 1.77995199e-01
1.372140e+03 1.54388810e-01
1.373030e+03 1.20426258e-01
1.373920e+03 9.76294776e-02
1.375300e+03 7.57165690e-02
1.375700e+03 6.96848267e-02
1.377480e+03 5.43495829e-02
1.379270e+03 4.45235327e-02
1.381050e+03 3.76805776e-02
1.382400e+03 3.42241356e-02
1.384610e+03 2.95146634e-02
1.388180e+03 2.49438541e-02
1.389490e+03 2.39404280e-02
1.395310e+03 2.04909756e-02
1.396590e+03 2.01762052e-02
1.409570e+03 1.83923364e-02
1.410790e+03 1.84224889e-02
1.423830e+03 1.98569419e-02
1.438090e+03 2.29978234e-02
1.439180e+03 2.34104984e-02
1.452350e+03 2.93614882e-02
1.466620e+03 4.07966399e-02
1.467580e+03 4.24739651e-02
1.473750e+03 5.40174008e-02
1.475530e+03 6.11187907e-02
1.477310e+03 7.61487155e-02
1.478200e+03 9.39959054e-02
1.478650e+03 1.10652719e-01
1.479090e+03 1.39534925e-01
1.479540e+03 1.97730879e-01
1.479760e+03 2.52367361e-01
1.479990e+03 3.45304061e-01
1.480210e+03 5.25021909e-01
1.480320e+03 6.85752162e-01
1.480430e+03 9.41732544e-01
1.480540e+03 1.39365046e+00
1.480650e+03 2.27344598e+00
1.480710e+03 3.06581066e+00
1.480770e+03 4.29504061e+00
1.480820e+03 6.36572617e+00
1.480880e+03 9.78356687e+00
1.480940e+03 1.56204983e+01
1.481000e+03 1.95130937e+01
1.481060e+03 1.56200473e+01
1.481120e+03 9.78326311e+00
1.481170e+03 7.02446358e+00
1.481210e+03 5.19538470e+00
1.481290e+03 3.06650670e+00
1.481370e+03 1.99654589e+00
1.481460e+03 1.40620491e+00
1.481540e+03 1.04306651e+00
1.481620e+03 8.10394895e-01
1.481790e+03 5.36419885e-01
1.481950e+03 3.89251261e-01
1.482120e+03 3.01516840e-01
1.482450e+03 2.06967015e-01
1.482780e+03 1.60004357e-01
1.483110e+03 1.33704558e-01
1.483770e+03 1.07267730e-01
1.485090e+03 8.98401098e-02
1.486410e+03 8.62007606e-02
1.491690e+03 9.92881212e-02
1.495970e+03 1.24450269e-01
1.496970e+03 1.30536302e-01
1.502260e+03 1.87279121e-01
1.504900e+03 2.32882086e-01
1.507540e+03 2.99544038e-01
1.510170e+03 4.02405421e-01
1.510180e+03 4.02799755e-01
1.512820e+03 5.76352060e-01
1.514150e+03 7.10546257e-01
1.515470e+03 8.99285164e-01
1.516790e+03 1.17635294e+00
1.518110e+03 1.60511403e+00
1.519430e+03 2.31676924e+00
1.520750e+03 3.60616034e+00
1.521410e+03 4.66605781e+00
1.522070e+03 6.20918304e+00
1.522730e+03 8.50945842e+00
1.523390e+03 1.19336909e+01
1.524350e+03 1.90383081e+01
1.524360e+03 1.90878926e+01
1.525300e+03 2.37495616e+01
1.526260e+03 1.90113807e+01
1.527210e+03 1.19098229e+01
1.527880e+03 8.45001655e+00
1.528550e+03 6.14452514e+00
1.529220e+03 4.60456121e+00
1.529890e+03 3.55490586e+00
1.531230e+03 2.28248850e+00
1.532570e+03 1.58507443e+00
1.533900e+03 1.16672951e+00
1.535240e+03 8.98501497e-01
1.537920e+03 5.88943196e-01
1.538560e+03 5.49956787e-01
1.540600e+03 4.28492998e-01
1.543270e+03 3.36829162e-01
1.545660e+03 2.86920816e-01
1.545950e+03 2.81500393e-01
1.548630e+03 2.51884769e-01
1.552760e+03 2.31817513e-01
1.553980e+03 2.29844199e-01
1.556310e+03 2.36120075e-01
1.559340e+03 2.56693764e-01
1.559860e+03 2.61331413e-01
1.563410e+03 3.19262485e-01
1.564690e+03 3.52562784e-01
1.565180e+03 3.65890024e-01
1.566950e+03 4.32716455e-01
1.568730e+03 5.28546926e-01
1.570040e+03 6.34489034e-01
1.570500e+03 6.72118460e-01
1.571390e+03 7.72376577e-01
1.572280e+03 8.99989845e-01
1.573170e+03 1.06595803e+00
1.574050e+03 1.28713138e+00
1.574940e+03 1.59099934e+00
1.575830e+03 2.02281919e+00
1.576710e+03 2.66524143e+00
1.577600e+03 3.67728982e+00
1.578490e+03 5.39814377e+00
1.578930e+03 6.73988354e+00
1.579380e+03 8.62303812e+00
1.579820e+03 1.13695379e+01
1.580260e+03 1.55018878e+01
1.580710e+03 2.19449554e+01
1.580750e+03 2.28584317e+01
1.581150e+03 3.19934440e+01
1.581730e+03 5.11384732e+01
1.582300e+03 6.38790629e+01
1.582880e+03 5.10941815e+01
1.583450e+03 3.19508433e+01
1.583850e+03 2.27606203e+01
1.584240e+03 1.65939577e+01
1.584640e+03 1.24599596e+01
1.585040e+03 9.62573685e+00
1.585830e+03 6.17600566e+00
1.586630e+03 4.27541815e+00
1.587420e+03 3.12933207e+00
1.588210e+03 2.39154761e+00
1.589800e+03 1.53407951e+00
1.591390e+03 1.07655201e+00
1.591460e+03 1.06455746e+00
1.592970e+03 8.06273533e-01
1.596150e+03 5.19060658e-01
1.599320e+03 3.81972266e-01
1.602170e+03 3.18802227e-01
1.602500e+03 3.11541821e-01
1.608850e+03 2.68303231e-01
1.612880e+03 2.98206809e-01
1.615190e+03 3.15639924e-01
1.618370e+03 3.85982847e-01
1.621540e+03 5.16588897e-01
1.624720e+03 7.72735265e-01
1.626310e+03 9.97124607e-01
1.627890e+03 1.34819341e+00
1.629480e+03 1.93535256e+00
1.631070e+03 3.00759530e+00
1.631860e+03 3.89437264e+00
1.632650e+03 5.19265536e+00
1.633450e+03 7.14324026e+00
1.634240e+03 1.00642827e+01
1.634290e+03 1.03293444e+01
1.635370e+03 1.60547677e+01
1.636500e+03 2.00280325e+01
1.637630e+03 1.60244848e+01
1.638760e+03 1.00322639e+01
1.639650e+03 6.83076157e+00
1.640540e+03 4.80113682e+00
1.641430e+03 3.50648864e+00
1.642320e+03 2.65309930e+00
1.644100e+03 1.65556497e+00
1.645880e+03 1.12647032e+00
1.647660e+03 8.15699946e-01
1.649440e+03 6.18635875e-01
1.653000e+03 3.92855814e-01
1.655710e+03 3.01955303e-01
1.656560e+03 2.73478161e-01
1.660120e+03 2.02822738e-01
1.667240e+03 1.26548147e-01
1.674360e+03 8.81620327e-02
1.677130e+03 7.95347324e-02
1.681480e+03 6.60806566e-02
1.695720e+03 4.28152409e-02
1.698540e+03 4.05483410e-02
1.709960e+03 3.15621991e-02
1.724200e+03 2.54333032e-02
1.741380e+03 2.23270895e-02
1.752680e+03 2.04218756e-02
1.781160e+03 2.17890062e-02
1.784210e+03 2.25957687e-02
1.795400e+03 2.56700783e-02
1.809640e+03 3.38845064e-02
1.816760e+03 4.11206124e-02
1.823880e+03 5.23356876e-02
1.827040e+03 6.05413662e-02
1.831000e+03 7.08822936e-02
1.837750e+03 1.02647447e-01
1.838120e+03 1.04397523e-01
1.841680e+03 1.32298363e-01
1.845240e+03 1.74197756e-01
1.848460e+03 2.34887945e-01
1.848800e+03 2.41316111e-01
1.852360e+03 3.58927174e-01
1.853810e+03 4.36295364e-01
1.854140e+03 4.53955260e-01
1.855920e+03 5.93381431e-01
1.857700e+03 8.09138151e-01
1.859170e+03 1.10605011e+00
1.859480e+03 1.16879617e+00
1.860370e+03 1.44597043e+00
1.861260e+03 1.83364724e+00
1.861840e+03 2.20151354e+00
1.862150e+03 2.39849948e+00
1.863040e+03 3.26364807e+00
1.863930e+03 4.67350737e+00
1.864520e+03 6.32247613e+00
1.864820e+03 7.16189578e+00
1.865270e+03 9.15248964e+00
1.865710e+03 1.19829820e+01
1.865860e+03 1.33473926e+01
1.866160e+03 1.60788673e+01
1.866600e+03 2.19747323e+01
1.867200e+03 3.31955759e+01
1.867300e+03 3.50680461e+01
1.867870e+03 4.21518853e+01
1.868000e+03 4.37721379e+01
1.868200e+03 4.13063580e+01
1.868540e+03 3.71318425e+01
1.868710e+03 3.50670869e+01
1.868870e+03 3.21054926e+01
1.869040e+03 2.89932529e+01
1.869210e+03 2.59336650e+01
1.869370e+03 2.31761978e+01
1.869410e+03 2.25191226e+01
1.869460e+03 2.20103248e+01
1.869540e+03 2.13301777e+01
1.869630e+03 2.07399919e+01
1.869710e+03 2.06895559e+01
1.869750e+03 2.09711812e+01
1.869790e+03 2.16035171e+01
1.869830e+03 2.27779333e+01
1.869880e+03 2.45519551e+01
1.869940e+03 2.90663868e+01
1.869980e+03 3.08612699e+01
1.870000e+03 3.18526972e+01
1.870060e+03 2.78516234e+01
1.870130e+03 2.21285208e+01
1.870180e+03 1.85382658e+01
1.870240e+03 1.62212448e+01
1.870300e+03 1.46605162e+01
1.870360e+03 1.35122790e+01
1.870480e+03 1.18242891e+01
1.870550e+03 1.10587255e+01
1.870600e+03 1.06564541e+01
1.870710e+03 9.90009342e+00
1.870830e+03 9.17642507e+00
1.871070e+03 7.84671513e+00
1.871120e+03 7.58384621e+00
1.871300e+03 6.94594995e+00
1.871540e+03 6.13099346e+00
1.871690e+03 5.63436302e+00
1.872010e+03 5.00641547e+00
1.872480e+03 4.10806985e+00
1.872830e+03 3.44655856e+00
1.872950e+03 3.32594590e+00
1.873890e+03 2.39370026e+00
1.873970e+03 2.31507022e+00
1.875110e+03 1.65836747e+00
1.875780e+03 1.41391847e+00
1.876250e+03 1.24398867e+00
1.877660e+03 9.52770942e-01
1.878530e+03 7.74123159e-01
1.880800e+03 5.28024492e-01
1.881430e+03 4.87948206e-01
1.883080e+03 3.83731320e-01
1.885190e+03 2.98901605e-01
1.885360e+03 2.92099838e-01
1.887640e+03 2.30684305e-01
1.892200e+03 1.56048433e-01
1.892730e+03 1.51345535e-01
1.896760e+03 1.16221358e-01
1.900260e+03 1.04790523e-01
1.901310e+03 1.01646353e-01
1.902450e+03 1.07879191e-01
1.903590e+03 1.33189106e-01
1.904160e+03 1.70180591e-01
1.904450e+03 2.06437255e-01
1.904730e+03 2.69845485e-01
1.905020e+03 3.95963008e-01
1.905160e+03 5.11503658e-01
1.905300e+03 7.00468634e-01
1.905440e+03 1.04530688e+00
1.905520e+03 1.33021974e+00
1.905590e+03 1.75640582e+00
1.905660e+03 2.42911886e+00
1.905730e+03 3.56192257e+00
1.905800e+03 5.60896895e+00
1.905870e+03 9.46483938e+00
1.905940e+03 1.51150238e+01
1.906000e+03 1.88879105e+01
1.906070e+03 1.51150839e+01
1.906130e+03 9.46471922e+00
1.906170e+03 6.84817638e+00
1.906220e+03 5.06298590e+00
1.906300e+03 3.00466052e+00
1.906390e+03 1.96440097e+00
1.906470e+03 1.38806838e+00
1.906560e+03 1.03273349e+00
1.906650e+03 8.02260946e-01
1.906820e+03 5.33829943e-01
1.906990e+03 3.88301166e-01
1.907160e+03 3.01707080e-01
1.907500e+03 2.07475577e-01
1.907800e+03 1.65399984e-01
1.907840e+03 1.59809233e-01
1.908190e+03 1.32491789e-01
1.908870e+03 1.03667595e-01
1.910240e+03 8.09069334e-02
1.911560e+03 7.20140358e-02
1.911610e+03 7.17163523e-02
1.915330e+03 6.66116841e-02
1.917100e+03 6.62732739e-02
1.917220e+03 6.64716957e-02
1.919100e+03 7.25004598e-02
1.920980e+03 8.38758289e-02
1.922870e+03 1.06273596e-01
1.923810e+03 1.25740795e-01
1.924750e+03 1.55739083e-01
1.925690e+03 2.04853219e-01
1.926630e+03 2.92453561e-01
1.927100e+03 3.64382179e-01
1.927570e+03 4.71099015e-01
1.928050e+03 6.38879931e-01
1.928070e+03 6.51024233e-01
1.928520e+03 9.24542244e-01
1.928990e+03 1.46781122e+00
1.929220e+03 1.94459758e+00
1.929460e+03 2.69423070e+00
1.929690e+03 3.97699902e+00
1.929810e+03 4.98098622e+00
1.929930e+03 6.38466732e+00
1.930050e+03 8.45127368e+00
1.930160e+03 1.15535228e+01
1.930280e+03 1.64470358e+01
1.930400e+03 2.40776188e+01
1.930550e+03 3.85826907e+01
1.930700e+03 4.81752224e+01
1.930850e+03 3.84739484e+01
1.931000e+03 2.40710830e+01
1.931140e+03 1.55417627e+01
1.931270e+03 1.04765905e+01
1.931410e+03 7.41682238e+00
1.931540e+03 5.48169611e+00
1.931810e+03 3.31095192e+00
1.932080e+03 2.20727884e+00
1.932350e+03 1.57263595e+00
1.932620e+03 1.17881309e+00
1.933160e+03 7.34761146e-01
1.933700e+03 5.04450538e-01
1.934240e+03 3.70009582e-01
1.934780e+03 2.84776604e-01
1.935310e+03 2.27352497e-01
1.936390e+03 1.57071310e-01
1.937470e+03 1.17202587e-01
1.938550e+03 9.23021403e-02
1.939030e+03 8.48847726e-02
1.939630e+03 7.57666352e-02
1.941780e+03 5.57702006e-02
1.943940e+03 4.43334010e-02
1.946100e+03 3.70178837e-02
1.948250e+03 3.19345547e-02
1.950000e+03 2.92005657e-02
1.952560e+03 2.56928057e-02
1.956880e+03 2.20526837e-02
1.965500e+03 1.75189754e-02
1.971940e+03 1.52323915e-02
1.974130e+03 1.49754172e-02
1.982750e+03 1.45475570e-02
1.982910e+03 1.45461875e-02
1.985650e+03 1.60065359e-02
1.988390e+03 2.08828219e-02
1.989760e+03 2.79073556e-02
1.991130e+03 4.76119123e-02
1.991820e+03 7.41376781e-02
1.992160e+03 9.97870976e-02
1.992500e+03 1.44713153e-01
1.992850e+03 2.34973461e-01
1.993020e+03 3.18277506e-01
1.993190e+03 4.57809579e-01
1.993360e+03 7.19496135e-01
1.993450e+03 9.44188237e-01
1.993530e+03 1.28684269e+00
1.993620e+03 1.85859838e+00
1.993700e+03 2.87180566e+00
1.993740e+03 3.70426980e+00
1.993790e+03 4.90847146e+00
1.993830e+03 6.68556287e+00
1.993870e+03 9.22674717e+00
1.993940e+03 1.47274679e+01
1.994000e+03 1.83826930e+01
1.994060e+03 1.47278838e+01
1.994130e+03 9.22727768e+00
1.994170e+03 6.48965721e+00
1.994220e+03 4.68012789e+00
1.994270e+03 3.48365210e+00
1.994310e+03 2.67247500e+00
1.994400e+03 1.69675624e+00
1.994500e+03 1.16926244e+00
1.994590e+03 8.49790804e-01
1.994680e+03 6.45071353e-01
1.994860e+03 4.09439543e-01
1.995050e+03 2.83293451e-01
1.995230e+03 2.08871296e-01
1.995600e+03 1.28559923e-01
1.995960e+03 8.86138793e-02
1.996330e+03 6.59076091e-02
1.997060e+03 4.23845811e-02
1.998530e+03 2.47216176e-02
2.000000e+03 1.82169229e-02
2.002610e+03 1.36550290e-02
2.005220e+03 1.17512913e-02
2.010430e+03 1.00495572e-02
2.020860e+03 8.62360428e-03
2.024810e+03 8.35508162e-03
2.041720e+03 7.37640569e-03
2.049620e+03 7.15811829e-03
2.083430e+03 6.41968183e-03
2.099230e+03 6.37627845e-03
2.125150e+03 6.43320351e-03
2.146010e+03 7.16436429e-03
2.148850e+03 7.82814434e-03
2.156440e+03 9.65262538e-03
2.159040e+03 1.20808019e-02
2.161650e+03 1.87949158e-02
2.162960e+03 2.79190331e-02
2.164260e+03 5.28997644e-02
2.164910e+03 8.61150379e-02
2.165240e+03 1.18007386e-01
2.165560e+03 1.73718614e-01
2.165890e+03 2.84387305e-01
2.166050e+03 3.85925410e-01
2.166210e+03 5.54559670e-01
2.166380e+03 8.64222442e-01
2.166460e+03 1.12750243e+00
2.166540e+03 1.52293586e+00
2.166620e+03 2.16967483e+00
2.166700e+03 3.28086832e+00
2.166780e+03 5.37798327e+00
2.166830e+03 7.14080123e+00
2.166870e+03 9.56808295e+00
2.166930e+03 1.53510743e+01
2.167000e+03 1.91313274e+01
2.167070e+03 1.52607336e+01
2.167140e+03 9.56850686e+00
2.167210e+03 5.79134500e+00
2.167270e+03 3.74220988e+00
2.167340e+03 2.57181177e+00
2.167410e+03 1.86093330e+00
2.167480e+03 1.39783203e+00
2.167550e+03 1.08975530e+00
2.167690e+03 7.13829485e-01
2.167830e+03 5.02009926e-01
2.167970e+03 3.73149625e-01
2.168240e+03 2.30116173e-01
2.168520e+03 1.56682493e-01
2.168800e+03 1.14261535e-01
2.169350e+03 6.97808215e-02
2.170460e+03 3.59776181e-02
2.171560e+03 2.35866309e-02
2.173780e+03 1.44930781e-02
2.175990e+03 1.12677526e-02
2.180420e+03 8.99634718e-03
2.184850e+03 8.26639941e-03
2.198470e+03 8.02848605e-03
2.202560e+03 8.01796301e-03
2.237970e+03 9.72960190e-03
2.248080e+03 1.04879553e-02
2.272890e+03 1.30138958e-02
2.273390e+03 1.30864949e-02
2.297700e+03 1.76893676e-02
2.308810e+03 2.05139518e-02
2.310100e+03 2.09245457e-02
2.322510e+03 2.58994072e-02
2.326520e+03 2.81115560e-02
2.334910e+03 3.34184026e-02
2.344230e+03 4.21584026e-02
2.347310e+03 4.54962216e-02
2.353520e+03 5.49872480e-02
2.359720e+03 6.79200716e-02
2.361940e+03 7.47299815e-02
2.365920e+03 8.81053593e-02
2.372120e+03 1.20763369e-01
2.378320e+03 1.79673905e-01
2.379650e+03 2.01303241e-01
2.381430e+03 2.31473331e-01
2.384530e+03 3.13237520e-01
2.387630e+03 4.52109100e-01
2.389180e+03 5.61587683e-01
2.390730e+03 7.17931386e-01
2.392280e+03 9.50999374e-01
2.393830e+03 1.31430676e+00
2.395380e+03 1.90654237e+00
2.396930e+03 2.88498839e+00
2.397360e+03 3.29258071e+00
2.398720e+03 4.58330826e+00
2.400500e+03 5.71393832e+00
2.402290e+03 4.58383435e+00
2.404070e+03 2.89437526e+00
2.405570e+03 1.95007007e+00
2.406220e+03 1.69752984e+00
2.407060e+03 1.37264290e+00
2.408560e+03 1.01698109e+00
2.410050e+03 7.89561050e-01
2.413050e+03 5.34426382e-01
2.415070e+03 4.48990745e-01
2.416040e+03 4.11640066e-01
2.419030e+03 3.55060640e-01
2.422020e+03 3.28561378e-01
2.423930e+03 3.25665249e-01
2.428000e+03 3.43806463e-01
2.428350e+03 3.46972895e-01
2.432780e+03 4.21971930e-01
2.433980e+03 4.60248291e-01
2.437210e+03 5.69998889e-01
2.439420e+03 6.89768769e-01
2.439970e+03 7.31756161e-01
2.441640e+03 8.61024950e-01
2.443850e+03 1.11026292e+00
2.445950e+03 1.46409792e+00
2.446060e+03 1.48269897e+00
2.448280e+03 2.05533201e+00
2.450490e+03 2.93293551e+00
2.451930e+03 3.76207045e+00
2.453500e+03 4.66682551e+00
2.456500e+03 5.81470103e+00
2.459510e+03 4.64771366e+00
2.462510e+03 2.90904073e+00
2.463900e+03 2.35006314e+00
2.464570e+03 2.08085133e+00
2.466620e+03 1.52317099e+00
2.468680e+03 1.14779390e+00
2.470730e+03 8.89481451e-01
2.474850e+03 5.73478228e-01
2.475860e+03 5.30337769e-01
2.478960e+03 3.98438236e-01
2.483070e+03 2.92508260e-01
2.487180e+03 2.23747868e-01
2.487830e+03 2.17357451e-01
2.495410e+03 1.43520881e-01
2.499790e+03 1.20311635e-01
2.503630e+03 1.00236917e-01
2.511850e+03 7.43219232e-02
2.520080e+03 5.73825424e-02
2.523720e+03 5.21671341e-02
2.528300e+03 4.58236703e-02
2.544750e+03 3.14551411e-02
2.547650e+03 2.99462754e-02
2.561200e+03 2.33078310e-02
2.577650e+03 1.81429931e-02
2.594090e+03 1.45796864e-02
2.595510e+03 1.43809093e-02
2.626990e+03 1.06041624e-02
2.643370e+03 9.48248575e-03
2.659890e+03 8.57052043e-03
2.667300e+03 8.39810059e-03
2.691230e+03 8.20516341e-03
2.715160e+03 8.83241373e-03
2.725680e+03 9.75625447e-03
2.727130e+03 9.90945143e-03
2.739090e+03 1.23777536e-02
2.745080e+03 1.45209302e-02
2.751060e+03 1.78400167e-02
2.757040e+03 2.33348129e-02
2.763020e+03 3.33447054e-02
2.766020e+03 4.17446268e-02
2.769010e+03 5.44931488e-02
2.772000e+03 7.51943803e-02
2.774990e+03 1.12119688e-01
2.776480e+03 1.42541831e-01
2.777980e+03 1.87957249e-01
2.779480e+03 2.60080360e-01
2.780970e+03 3.84599354e-01
2.782470e+03 6.27839997e-01
2.783220e+03 8.46904906e-01
2.783960e+03 1.20286334e+00
2.784710e+03 1.83761086e+00
2.785080e+03 2.35677638e+00
2.785460e+03 3.12196371e+00
2.785830e+03 4.30586159e+00
2.786210e+03 6.24440827e+00
2.786580e+03 9.61084933e+00
2.786950e+03 1.56074896e+01
2.787330e+03 2.49884474e+01
2.787700e+03 3.12194532e+01
2.788070e+03 2.49538113e+01
2.788450e+03 1.55997705e+01
2.788770e+03 1.02871092e+01
2.789080e+03 7.04615936e+00
2.789400e+03 5.04473357e+00
2.789720e+03 3.76108852e+00
2.790350e+03 2.29395609e+00
2.790990e+03 1.53405284e+00
2.791470e+03 1.19894149e+00
2.791620e+03 1.09422041e+00
2.792260e+03 8.19093950e-01
2.793530e+03 5.07810114e-01
2.794800e+03 3.45478220e-01
2.796070e+03 2.50576172e-01
2.797340e+03 1.90317134e-01
2.798610e+03 1.49764346e-01
2.801150e+03 1.00240467e-01
2.803690e+03 7.23404467e-02
2.806230e+03 5.51087435e-02
2.808770e+03 4.37459514e-02
2.813860e+03 3.02060867e-02
2.818940e+03 2.28403187e-02
2.824020e+03 1.85061431e-02
2.829100e+03 1.58949031e-02
2.839260e+03 1.38882767e-02
2.844350e+03 1.43867658e-02
2.849430e+03 1.65118232e-02
2.854510e+03 2.22456704e-02
2.857050e+03 2.83447635e-02
2.857260e+03 2.92831986e-02
2.859590e+03 3.97133437e-02
2.860860e+03 4.93608368e-02
2.862130e+03 6.40945998e-02
2.863400e+03 8.82097644e-02
2.864670e+03 1.31564442e-01
2.865310e+03 1.67614482e-01
2.865940e+03 2.21750332e-01
2.866580e+03 3.08553368e-01
2.867210e+03 4.60625276e-01
2.867850e+03 7.64033495e-01
2.868170e+03 1.04427162e+00
2.868480e+03 1.51059394e+00
2.868800e+03 2.37657827e+00
2.868960e+03 3.11417777e+00
2.869120e+03 4.23754089e+00
2.869280e+03 6.08410208e+00
2.869360e+03 7.48139937e+00
2.869440e+03 9.35764001e+00
2.869520e+03 1.20067483e+01
2.869590e+03 1.57423151e+01
2.869670e+03 2.11592899e+01
2.869750e+03 2.89846644e+01
2.869880e+03 4.64213382e+01
2.870000e+03 5.80650155e+01
2.870120e+03 4.64173496e+01
2.870250e+03 2.89807961e+01
2.870370e+03 1.82964822e+01
2.870480e+03 1.21227965e+01
2.870600e+03 8.47455377e+00
2.870720e+03 6.20430036e+00
2.870950e+03 3.69697705e+00
2.871180e+03 2.43718029e+00
2.871420e+03 1.72268726e+00
2.871650e+03 1.28066454e+00
2.872120e+03 7.86647206e-01
2.872590e+03 5.32085586e-01
2.873060e+03 3.84188393e-01
2.873520e+03 2.90798806e-01
2.873990e+03 2.28109728e-01
2.874930e+03 1.51822667e-01
2.875860e+03 1.08945131e-01
2.876800e+03 8.24740039e-02
2.877740e+03 6.49909428e-02
2.879610e+03 4.40508224e-02
2.881480e+03 3.24540466e-02
2.883350e+03 2.53569688e-02
2.885220e+03 2.06927046e-02
2.888970e+03 1.51200734e-02
2.892710e+03 1.20278214e-02
2.900200e+03 8.86025529e-03
2.907690e+03 7.32746333e-03
2.915180e+03 6.45720569e-03
2.923050e+03 5.97674626e-03
2.930150e+03 5.64368615e-03
2.939500e+03 5.56175016e-03
2.955950e+03 5.88806070e-03
2.960100e+03 6.28507591e-03
2.964170e+03 6.74140620e-03
2.972400e+03 9.42115350e-03
2.976510e+03 1.31595376e-02
2.980620e+03 2.36983005e-02
2.982680e+03 3.81805102e-02
2.983700e+03 5.25015560e-02
2.984730e+03 7.83621057e-02
2.985760e+03 1.32526972e-01
2.986270e+03 1.85178792e-01
2.986790e+03 2.78429268e-01
2.987050e+03 3.54691357e-01
2.987300e+03 4.67755260e-01
2.987560e+03 6.45630524e-01
2.987820e+03 9.48842989e-01
2.988070e+03 1.52845617e+00
2.988200e+03 2.04117624e+00
2.988330e+03 2.84938123e+00
2.988460e+03 4.24999263e+00
2.988590e+03 6.90582738e+00
2.988650e+03 9.20417643e+00
2.988720e+03 1.27303515e+01
2.988780e+03 1.83389082e+01
2.988840e+03 2.73377966e+01
2.988920e+03 4.38535508e+01
2.989000e+03 5.46799626e+01
2.989080e+03 4.36306689e+01
2.989160e+03 2.73383347e+01
2.989240e+03 1.60102000e+01
2.989330e+03 1.00441796e+01
2.989420e+03 6.76282297e+00
2.989500e+03 4.83981706e+00
2.989590e+03 3.60798694e+00
2.989680e+03 2.79443036e+00
2.989850e+03 1.80805655e+00
2.990020e+03 1.26253886e+00
2.990050e+03 1.20722821e+00
2.990200e+03 9.30676001e-01
2.990540e+03 5.65519804e-01
2.990890e+03 3.79671160e-01
2.991240e+03 2.73070106e-01
2.991930e+03 1.61472176e-01
2.992620e+03 1.07277988e-01
2.993310e+03 7.70224120e-02
2.994700e+03 4.61431007e-02
2.996080e+03 3.15236851e-02
2.997470e+03 2.34754959e-02
3.000240e+03 1.53944799e-02
3.005780e+03 9.60546563e-03
3.011320e+03 7.64723641e-03
3.020010e+03 6.76188521e-03
3.022390e+03 6.53358751e-03
3.033470e+03 6.74580965e-03
3.044550e+03 7.99585653e-03
3.049960e+03 9.91775668e-03
3.055630e+03 1.19789075e-02
3.061170e+03 1.75358971e-02
3.063940e+03 2.30551964e-02
3.064930e+03 2.66420682e-02
3.066710e+03 3.31233805e-02
3.069480e+03 5.44939633e-02
3.070860e+03 7.55846998e-02
3.072250e+03 1.13596381e-01
3.072940e+03 1.45323027e-01
3.073630e+03 1.93187469e-01
3.074330e+03 2.70586279e-01
3.075020e+03 4.07407556e-01
3.075370e+03 5.19610329e-01
3.075710e+03 6.85476622e-01
3.076060e+03 9.46235716e-01
3.076400e+03 1.39032992e+00
3.076750e+03 2.23801358e+00
3.076920e+03 2.98317159e+00
3.077100e+03 4.16520085e+00
3.077270e+03 6.19252261e+00
3.077440e+03 1.00548875e+01
3.077530e+03 1.34171514e+01
3.077610e+03 1.85100446e+01
3.077700e+03 2.66954946e+01
3.077790e+03 3.96532194e+01
3.077890e+03 6.35768075e+01
3.078000e+03 7.93323197e+01
3.078110e+03 6.33363821e+01
3.078210e+03 3.96525709e+01
3.078290e+03 2.82925219e+01
3.078360e+03 2.06476280e+01
3.078430e+03 1.55091775e+01
3.078510e+03 1.19786764e+01
3.078650e+03 7.67134138e+00
3.078800e+03 5.29008335e+00
3.078940e+03 3.85369272e+00
3.079090e+03 2.92651333e+00
3.079380e+03 1.85017416e+00
3.079670e+03 1.27154726e+00
3.079910e+03 9.86528190e-01
3.079960e+03 9.27151525e-01
3.080260e+03 7.06013070e-01
3.080550e+03 5.56172760e-01
3.081130e+03 3.70832581e-01
3.081710e+03 2.65560466e-01
3.082300e+03 2.00021706e-01
3.082880e+03 1.56487720e-01
3.084050e+03 1.04065561e-01
3.085210e+03 7.49807713e-02
3.087400e+03 4.74243751e-02
3.087550e+03 4.55562916e-02
3.089880e+03 3.20648589e-02
3.092210e+03 2.48755697e-02
3.094880e+03 2.10281714e-02
3.096880e+03 1.88444526e-02
3.098630e+03 1.87814748e-02
3.102370e+03 2.23676487e-02
3.104240e+03 2.91938096e-02
3.106120e+03 5.00568079e-02
3.106210e+03 5.28691747e-02
3.107050e+03 7.94440778e-02
3.107520e+03 1.08134325e-01
3.107990e+03 1.59029657e-01
3.108460e+03 2.62497857e-01
3.108690e+03 3.59790630e-01
3.108920e+03 5.25758278e-01
3.109160e+03 8.43285979e-01
3.109270e+03 1.12305825e+00
3.109390e+03 1.56790558e+00
3.109510e+03 2.33340880e+00
3.109630e+03 3.79898870e+00
3.109680e+03 5.08538788e+00
3.109740e+03 7.03198567e+00
3.109800e+03 1.01280316e+01
3.109860e+03 1.50936559e+01
3.109930e+03 2.41105901e+01
3.110000e+03 3.01077398e+01
3.110070e+03 2.41106815e+01
3.110140e+03 1.50939184e+01
3.110190e+03 1.11252527e+01
3.110230e+03 8.34405416e+00
3.110320e+03 5.03268083e+00
3.110410e+03 3.30346411e+00
3.110490e+03 2.32486527e+00
3.110580e+03 1.71314314e+00
3.110670e+03 1.31614769e+00
3.110840e+03 8.43185679e-01
3.111020e+03 5.85981520e-01
3.111190e+03 4.31241986e-01
3.111540e+03 2.62690155e-01
3.111890e+03 1.77686933e-01
3.112240e+03 1.29192071e-01
3.112940e+03 7.86318482e-02
3.113650e+03 5.41270582e-02
3.114350e+03 4.04292375e-02
3.115550e+03 2.83646573e-02
3.115750e+03 2.63813035e-02
3.118550e+03 1.61211933e-02
3.121350e+03 1.23709789e-02
3.126950e+03 9.49215786e-03
3.132560e+03 8.31810447e-03
3.134210e+03 8.15615483e-03
3.143770e+03 7.71401098e-03
3.152880e+03 7.75504267e-03
3.154970e+03 7.81034465e-03
3.166180e+03 8.52823006e-03
3.177390e+03 1.01959041e-02
3.182990e+03 1.22098026e-02
3.188600e+03 1.74865151e-02
3.190210e+03 2.15327810e-02
3.191400e+03 2.45416076e-02
3.192800e+03 3.14613730e-02
3.194200e+03 4.38978430e-02
3.195600e+03 6.98977526e-02
3.196300e+03 9.52100341e-02
3.197000e+03 1.40064210e-01
3.197700e+03 2.31635906e-01
3.198050e+03 3.17963396e-01
3.198400e+03 4.65873762e-01
3.198750e+03 7.50886549e-01
3.198930e+03 1.00397768e+00
3.199100e+03 1.40977913e+00
3.199280e+03 2.11678536e+00
3.199450e+03 3.49724811e+00
3.199540e+03 4.73044363e+00
3.199630e+03 6.64797444e+00
3.199720e+03 9.83726221e+00
3.199800e+03 1.50971440e+01
3.199900e+03 2.41295329e+01
3.200000e+03 3.01420576e+01
3.200100e+03 2.41288197e+01
3.200200e+03 1.50969541e+01
3.200310e+03 8.71798660e+00
3.200420e+03 5.41672678e+00
3.200540e+03 3.62481292e+00
3.200650e+03 2.58200278e+00
3.200760e+03 1.92038462e+00
3.200870e+03 1.48444349e+00
3.201100e+03 9.59402464e-01
3.201330e+03 6.69472916e-01
3.201550e+03 4.94627560e-01
3.202000e+03 3.02762604e-01
3.202450e+03 2.05418950e-01
3.202900e+03 1.49639169e-01
3.203800e+03 9.13218644e-02
3.204700e+03 6.31262112e-02
3.205600e+03 4.74111692e-02
3.207410e+03 3.14796458e-02
3.211010e+03 2.00142560e-02
3.214610e+03 1.61723072e-02
3.221820e+03 1.39874022e-02
3.227540e+03 1.39654541e-02
3.229030e+03 1.39843375e-02
3.243440e+03 1.63755031e-02
3.257860e+03 2.13020105e-02
3.264870e+03 2.52083452e-02
3.265070e+03 2.53252440e-02
3.272280e+03 3.14288099e-02
3.279480e+03 4.08710580e-02
3.286690e+03 5.68553537e-02
3.293900e+03 8.76195157e-02
3.297500e+03 1.15135008e-01
3.301110e+03 1.59765245e-01
3.302200e+03 1.83797051e-01
3.304710e+03 2.39276348e-01
3.306510e+03 3.04259680e-01
3.308310e+03 3.99998149e-01
3.310120e+03 5.48151951e-01
3.311920e+03 7.90953475e-01
3.313720e+03 1.21332884e+00
3.315520e+03 1.96973587e+00
3.317310e+03 3.14397447e+00
3.319100e+03 3.92496970e+00
3.320890e+03 3.14014808e+00
3.322680e+03 1.96653105e+00
3.324120e+03 1.32863232e+00
3.325570e+03 9.29249107e-01
3.327010e+03 6.77189799e-01
3.328460e+03 5.12447337e-01
3.331340e+03 3.21642484e-01
3.334230e+03 2.21490645e-01
3.337120e+03 1.63201470e-01
3.339530e+03 1.32665480e-01
3.340010e+03 1.26633881e-01
3.345780e+03 8.59306512e-02
3.351560e+03 6.53248989e-02
3.357340e+03 5.38910753e-02
3.358200e+03 5.29019442e-02
3.363110e+03 4.87030951e-02
3.367530e+03 4.70779359e-02
3.368890e+03 4.77380964e-02
3.369860e+03 4.86310081e-02
3.372200e+03 5.53368430e-02
3.373360e+03 6.47784797e-02
3.374530e+03 9.07964710e-02
3.375110e+03 1.25332871e-01
3.375700e+03 2.15365435e-01
3.375990e+03 3.27729600e-01
3.376280e+03 5.95108090e-01
3.376430e+03 8.94374564e-01
3.376570e+03 1.50941396e+00
3.376640e+03 2.08595001e+00
3.376720e+03 3.04692627e+00
3.376790e+03 4.75726751e+00
3.376860e+03 7.85205227e+00
3.376930e+03 1.25205486e+01
3.377000e+03 1.56256359e+01
3.377070e+03 1.25206651e+01
3.377140e+03 7.85222520e+00
3.377200e+03 5.25863383e+00
3.377250e+03 3.65021713e+00
3.377310e+03 2.64351303e+00
3.377370e+03 1.99900169e+00
3.377480e+03 1.24608083e+00
3.377590e+03 8.51223323e-01
3.377820e+03 4.75061817e-01
3.378040e+03 3.10649124e-01
3.378500e+03 1.73666134e-01
3.378950e+03 1.19715483e-01
3.379860e+03 7.80786939e-02
3.380440e+03 6.80982248e-02
3.380760e+03 6.27031511e-02
3.382570e+03 5.17637183e-02
3.384380e+03 4.81876958e-02
3.386220e+03 4.78094168e-02
3.391630e+03 4.83617439e-02
3.391990e+03 4.86343849e-02
3.397770e+03 5.65813177e-02
3.400660e+03 6.36421856e-02
3.403540e+03 7.56561359e-02
3.404990e+03 8.53839058e-02
3.406120e+03 9.67569169e-02
3.406430e+03 1.00005448e-01
3.407880e+03 1.23853433e-01
3.409320e+03 1.65635919e-01
3.410040e+03 1.99822568e-01
3.410760e+03 2.50800158e-01
3.411490e+03 3.31933053e-01
3.412210e+03 4.72997151e-01
3.412930e+03 7.51987440e-01
3.413290e+03 1.00709159e+00
3.413650e+03 1.42946291e+00
3.414010e+03 2.20178679e+00
3.414190e+03 2.85300713e+00
3.414370e+03 3.83371944e+00
3.414550e+03 5.41756289e+00
3.414730e+03 8.13561967e+00
3.414820e+03 1.02594774e+01
3.414910e+03 1.32173572e+01
3.415000e+03 1.73900681e+01
3.415090e+03 2.32397589e+01
3.415250e+03 3.71543637e+01
3.415400e+03 4.64305563e+01
3.415550e+03 3.71513043e+01
3.415710e+03 2.32369307e+01
3.415800e+03 1.72785895e+01
3.415890e+03 1.30616936e+01
3.416070e+03 7.97675552e+00
3.416260e+03 5.28534714e+00
3.416440e+03 3.73478041e+00
3.416630e+03 2.77298942e+00
3.416810e+03 2.13973922e+00
3.417180e+03 1.38850559e+00
3.417550e+03 9.79018743e-01
3.417910e+03 7.32361322e-01
3.418650e+03 4.63853348e-01
3.419390e+03 3.28667230e-01
3.420120e+03 2.51526221e-01
3.420610e+03 2.19761352e-01
3.420860e+03 2.03727684e-01
3.421590e+03 1.72514566e-01
3.423060e+03 1.35689696e-01
3.424540e+03 1.16211743e-01
3.426010e+03 1.05142744e-01
3.427480e+03 9.86639983e-02
3.430420e+03 9.28378800e-02
3.433360e+03 9.17524472e-02
3.435100e+03 9.28259470e-02
3.439250e+03 9.92919980e-02
3.442350e+03 1.05775087e-01
3.445130e+03 1.14633866e-01
3.449600e+03 1.29851759e-01
3.451020e+03 1.37245094e-01
3.456840e+03 1.68339635e-01
3.462790e+03 2.18767811e-01
3.464090e+03 2.29891715e-01
3.471330e+03 3.35298176e-01
3.474560e+03 4.08305947e-01
3.474960e+03 4.17368123e-01
3.478580e+03 5.32776415e-01
3.482200e+03 7.00151079e-01
3.485830e+03 9.51466912e-01
3.486330e+03 1.00515876e+00
3.489450e+03 1.34040785e+00
3.492220e+03 1.80225751e+00
3.493070e+03 1.94411713e+00
3.497840e+03 3.10585776e+00
3.498100e+03 3.14787570e+00
3.501040e+03 3.62425582e+00
3.502600e+03 3.87888857e+00
3.503990e+03 3.65437537e+00
3.505460e+03 3.42170767e+00
3.506930e+03 3.20221646e+00
3.507370e+03 3.14703382e+00
3.507660e+03 3.08733779e+00
3.508030e+03 3.02392821e+00
3.508400e+03 2.98073710e+00
3.508770e+03 2.98526599e+00
3.508950e+03 3.02946349e+00
3.509140e+03 3.13157345e+00
3.509320e+03 3.36640724e+00
3.509410e+03 3.58523957e+00
3.509500e+03 3.93833241e+00
3.509600e+03 4.54043875e+00
3.509690e+03 5.66456018e+00
3.509730e+03 6.60479324e+00
3.509780e+03 7.98974197e+00
3.509830e+03 1.00826141e+01
3.509870e+03 1.31603443e+01
3.509940e+03 1.95678068e+01
3.510000e+03 2.38436846e+01
3.510070e+03 1.95362755e+01
3.510130e+03 1.30972419e+01
3.510200e+03 8.78560429e+00
3.510270e+03 6.47343354e+00
3.510340e+03 5.14528674e+00
3.510400e+03 4.35456532e+00
3.510470e+03 3.83417168e+00
3.510540e+03 3.48347462e+00
3.510680e+03 3.04354863e+00
3.510810e+03 2.78389494e+00
3.510950e+03 2.61137978e+00
3.511220e+03 2.39184286e+00
3.511500e+03 2.24494853e+00
3.511770e+03 2.13393381e+00
3.512130e+03 2.01511899e+00
3.512320e+03 1.96701630e+00
3.513410e+03 1.74905522e+00
3.514500e+03 1.55391109e+00
3.515670e+03 1.35341315e+00
3.516690e+03 1.23852732e+00
3.518870e+03 9.99183439e-01
3.519220e+03 9.61113681e-01
3.522760e+03 7.08681758e-01
3.523240e+03 6.85644465e-01
3.526300e+03 5.39928055e-01
3.527610e+03 5.02763074e-01
3.533390e+03 3.39552498e-01
3.536360e+03 2.94173762e-01
3.540470e+03 2.31581897e-01
3.545100e+03 1.89744687e-01
3.547560e+03 1.67573799e-01
3.554640e+03 1.26786460e-01
3.568810e+03 7.97833423e-02
3.580070e+03 5.99528551e-02
3.582990e+03 5.48412294e-02
3.597160e+03 4.01505494e-02
3.611330e+03 3.07464883e-02
3.625500e+03 2.43642366e-02
3.650000e+03 1.75652536e-02
3.653840e+03 1.65193974e-02
3.682180e+03 1.22034749e-02
3.710520e+03 9.80199215e-03
3.719940e+03 9.93838099e-03
3.724700e+03 1.00338652e-02
3.731780e+03 1.42700766e-02
3.733550e+03 1.88639456e-02
3.735320e+03 3.17635381e-02
3.736210e+03 4.92386132e-02
3.737090e+03 9.63182027e-02
3.737420e+03 1.41183928e-01
3.737540e+03 1.57499725e-01
3.737980e+03 3.13063003e-01
3.738200e+03 5.01198722e-01
3.738420e+03 9.28339477e-01
3.738530e+03 1.38135699e+00
3.738640e+03 2.23881718e+00
3.738700e+03 2.99691214e+00
3.738760e+03 4.14358729e+00
3.738810e+03 5.96873135e+00
3.738870e+03 8.90084852e+00
3.738930e+03 1.43048591e+01
3.739000e+03 1.78476857e+01
3.739070e+03 1.42201088e+01
3.739140e+03 8.90109274e+00
3.739200e+03 5.53083201e+00
3.739270e+03 3.64440352e+00
3.739330e+03 2.52604694e+00
3.739400e+03 1.84698981e+00
3.739530e+03 1.09633889e+00
3.739660e+03 7.24254163e-01
3.739920e+03 3.82388755e-01
3.740180e+03 2.36863123e-01
3.740700e+03 1.18450451e-01
3.741230e+03 7.27265240e-02
3.742270e+03 3.78123072e-02
3.743320e+03 2.49403153e-02
3.745410e+03 1.54001657e-02
3.747490e+03 1.19343302e-02
3.754900e+03 8.75269061e-03
3.755850e+03 8.36239861e-03
3.763650e+03 7.92897040e-03
3.772390e+03 7.85825980e-03
3.772570e+03 7.91056693e-03
3.781130e+03 1.08683958e-02
3.783320e+03 1.40652361e-02
3.785500e+03 2.30412035e-02
3.786590e+03 3.52697311e-02
3.787690e+03 6.86179881e-02
3.788230e+03 1.12717421e-01
3.788510e+03 1.54712007e-01
3.788780e+03 2.27484402e-01
3.789050e+03 3.70213801e-01
3.789190e+03 4.99970249e-01
3.789320e+03 7.10715369e-01
3.789460e+03 1.09207425e+00
3.789530e+03 1.40443826e+00
3.789600e+03 1.86793310e+00
3.789670e+03 2.60516685e+00
3.789730e+03 3.81554798e+00
3.789800e+03 5.95996006e+00
3.789870e+03 9.89538332e+00
3.789940e+03 1.58452329e+01
3.790000e+03 1.98187534e+01
3.790070e+03 1.58453882e+01
3.790130e+03 9.89561404e+00
3.790190e+03 6.17540380e+00
3.790260e+03 4.08242781e+00
3.790320e+03 2.85050102e+00
3.790380e+03 2.08581327e+00
3.790440e+03 1.57902730e+00
3.790500e+03 1.23853512e+00
3.790630e+03 8.18025238e-01
3.790750e+03 5.78110766e-01
3.790880e+03 4.31136344e-01
3.791130e+03 2.66773403e-01
3.791370e+03 1.81769944e-01
3.791620e+03 1.32605924e-01
3.792120e+03 8.06124412e-02
3.793110e+03 4.09457941e-02
3.794110e+03 2.63355786e-02
3.796100e+03 1.55598250e-02
3.798080e+03 1.17068223e-02
3.806000e+03 8.11171020e-03
3.806040e+03 8.09444512e-03
3.813990e+03 8.05412821e-03
3.821940e+03 9.11499006e-03
3.825920e+03 1.01866351e-02
3.829890e+03 1.19048390e-02
3.833870e+03 1.47984714e-02
3.837850e+03 2.01223643e-02
3.839430e+03 2.37036435e-02
3.839830e+03 2.46250724e-02
3.841820e+03 3.15323747e-02
3.843810e+03 4.27378006e-02
3.845800e+03 6.27433618e-02
3.846790e+03 7.92513203e-02
3.847790e+03 1.03952159e-01
3.848780e+03 1.43393328e-01
3.849770e+03 2.11851539e-01
3.850770e+03 3.46604532e-01
3.851260e+03 4.69079796e-01
3.851760e+03 6.70471671e-01
3.852260e+03 1.03481838e+00
3.852510e+03 1.33834718e+00
3.852760e+03 1.79104415e+00
3.853000e+03 2.50976384e+00
3.853250e+03 3.71807512e+00
3.853380e+03 4.65137021e+00
3.853500e+03 5.91871187e+00
3.853630e+03 7.66842865e+00
3.853750e+03 1.00658708e+01
3.853980e+03 1.61199848e+01
3.854200e+03 2.01330636e+01
3.854430e+03 1.60894353e+01
3.854650e+03 1.00638917e+01
3.854810e+03 7.19032834e+00
3.854960e+03 5.25366741e+00
3.855110e+03 3.95028401e+00
3.855270e+03 3.05379607e+00
3.855580e+03 1.95885734e+00
3.855880e+03 1.35286980e+00
3.856150e+03 1.03427958e+00
3.856190e+03 9.87101937e-01
3.856500e+03 7.51044455e-01
3.857110e+03 4.76683805e-01
3.857730e+03 3.29646754e-01
3.858350e+03 2.42361935e-01
3.858960e+03 1.86320627e-01
3.859580e+03 1.48412530e-01
3.860810e+03 1.01931413e-01
3.862040e+03 7.58083809e-02
3.863270e+03 5.98374636e-02
3.864500e+03 4.94876881e-02
3.864510e+03 4.94395196e-02
3.866600e+03 4.34969708e-02
3.866960e+03 4.41539487e-02
3.868690e+03 5.15173491e-02
3.869430e+03 6.39644608e-02
3.869730e+03 6.93585495e-02
3.870780e+03 1.23487545e-01
3.871300e+03 1.96227106e-01
3.871560e+03 2.65573036e-01
3.871820e+03 3.85409687e-01
3.871890e+03 4.48247797e-01
3.872080e+03 6.18929342e-01
3.872210e+03 8.29401491e-01
3.872340e+03 1.16768729e+00
3.872470e+03 1.77073080e+00
3.872600e+03 2.96666159e+00
3.872670e+03 4.07275589e+00
3.872730e+03 5.83432208e+00
3.872800e+03 8.82726060e+00
3.872860e+03 1.40289339e+01
3.872930e+03 2.23952811e+01
3.873000e+03 2.79556067e+01
3.873070e+03 2.23953511e+01
3.873140e+03 1.40289535e+01
3.873180e+03 9.92641362e+00
3.873230e+03 7.24042675e+00
3.873280e+03 5.43788924e+00
3.873330e+03 4.20079970e+00
3.873420e+03 2.68159264e+00
3.873510e+03 1.85365163e+00
3.873610e+03 1.34987290e+00
3.873700e+03 1.02867238e+00
3.873890e+03 6.53024477e-01
3.874080e+03 4.52187467e-01
3.874270e+03 3.32651937e-01
3.874350e+03 3.05533758e-01
3.874650e+03 2.03988502e-01
3.875400e+03 1.02794747e-01
3.876160e+03 6.45092696e-02
3.877670e+03 3.51805316e-02
3.879180e+03 2.38414568e-02
3.879270e+03 2.35525830e-02
3.882200e+03 1.51069306e-02
3.884200e+03 1.25287390e-02
3.885220e+03 1.13723232e-02
3.889120e+03 9.55320117e-03
3.894050e+03 7.66961362e-03
3.897310e+03 6.63401482e-03
3.903900e+03 5.70605317e-03
3.909400e+03 5.16489359e-03
3.913740e+03 4.86300664e-03
3.921490e+03 4.52353723e-03
3.933440e+03 4.24899957e-03
3.945660e+03 4.17231028e-03
3.957750e+03 5.25145231e-03
3.963790e+03 1.00540541e-02
3.965300e+03 1.49380627e-02
3.966810e+03 2.83520577e-02
3.967570e+03 4.61731925e-02
3.968330e+03 9.29301984e-02
3.968700e+03 1.51754173e-01
3.969080e+03 2.93676772e-01
3.969270e+03 4.54967772e-01
3.969460e+03 7.93454152e-01
3.969550e+03 1.12042889e+00
3.969650e+03 1.67371016e+00
3.969740e+03 2.69272634e+00
3.969840e+03 4.66153899e+00
3.969920e+03 7.47512768e+00
3.970000e+03 9.32092347e+00
3.970080e+03 7.43894131e+00
3.970170e+03 4.66158429e+00
3.970220e+03 3.29927813e+00
3.970280e+03 2.39191730e+00
3.970400e+03 1.37557416e+00
3.970510e+03 8.76779017e-01
3.970630e+03 6.03178410e-01
3.970860e+03 3.33410562e-01
3.971090e+03 2.11346102e-01
3.971560e+03 1.07119069e-01
3.972020e+03 6.52571758e-02
3.972840e+03 3.61041050e-02
3.972940e+03 3.25495036e-02
3.973870e+03 2.02755164e-02
3.977580e+03 7.76822808e-03
3.984990e+03 4.44588462e-03
3.999800e+03 3.55770008e-03
4.012230e+03 3.46973441e-03
4.029440e+03 3.39414136e-03
4.051630e+03 3.55400154e-03
4.059080e+03 3.63121414e-03
4.088720e+03 4.27676023e-03
4.091020e+03 4.38459150e-03
4.110720e+03 5.43160013e-03
4.118360e+03 5.96319373e-03
4.130420e+03 7.34656925e-03
4.133180e+03 7.78533108e-03
4.140270e+03 9.43295108e-03
4.145190e+03 1.09153100e-02
4.147990e+03 1.20784839e-02
4.150110e+03 1.31925683e-02
4.155040e+03 1.71939751e-02
4.155400e+03 1.76790713e-02
4.157500e+03 2.08063093e-02
4.159960e+03 2.66408871e-02
4.161190e+03 3.12028433e-02
4.162420e+03 3.78935165e-02
4.162810e+03 4.12354905e-02
4.163660e+03 4.87405538e-02
4.164890e+03 6.78200296e-02
4.166120e+03 1.06845944e-01
4.166730e+03 1.44398685e-01
4.167350e+03 2.10442247e-01
4.167960e+03 3.44184573e-01
4.168270e+03 4.69594430e-01
4.168580e+03 6.82188254e-01
4.168890e+03 1.08882075e+00
4.169040e+03 1.44621050e+00
4.169200e+03 2.01309584e+00
4.169350e+03 2.98527715e+00
4.169500e+03 4.83694942e+00
4.169580e+03 6.43691186e+00
4.169660e+03 8.88725206e+00
4.169730e+03 1.27741762e+01
4.169810e+03 1.88852856e+01
4.169910e+03 3.01713981e+01
4.170000e+03 3.76811677e+01
4.170100e+03 3.01704490e+01
4.170190e+03 1.88843448e+01
4.170220e+03 1.67299033e+01
4.170300e+03 1.09847686e+01
4.170400e+03 6.88881879e+00
4.170510e+03 4.64023969e+00
4.170620e+03 3.31204083e+00
4.170720e+03 2.47368768e+00
4.170830e+03 1.91470631e+00
4.171040e+03 1.24317084e+00
4.171250e+03 8.72636456e-01
4.171460e+03 6.47632082e-01
4.171890e+03 4.00605117e-01
4.172310e+03 2.75544234e-01
4.172740e+03 2.03837423e-01
4.173160e+03 1.59054404e-01
4.173580e+03 1.29316652e-01
4.174430e+03 9.37345783e-02
4.175280e+03 7.42995899e-02
4.176130e+03 6.27463432e-02
4.176980e+03 5.54928956e-02
4.177630e+03 5.24784538e-02
4.178670e+03 4.84794391e-02
4.180370e+03 4.64446987e-02
4.181340e+03 4.64875198e-02
4.182060e+03 4.72493054e-02
4.183760e+03 5.02156251e-02
4.185040e+03 5.31114563e-02
4.187150e+03 6.16922291e-02
4.188750e+03 6.87501355e-02
4.190550e+03 8.32472921e-02
4.192450e+03 9.89412278e-02
4.196160e+03 1.60695933e-01
4.197330e+03 1.96935094e-01
4.198010e+03 2.18072878e-01
4.199860e+03 3.14215702e-01
4.201710e+03 4.92654793e-01
4.202640e+03 6.44705680e-01
4.203570e+03 8.78273233e-01
4.204120e+03 1.10697289e+00
4.204490e+03 1.26084176e+00
4.205420e+03 1.94036769e+00
4.205880e+03 2.48724503e+00
4.206340e+03 3.26957742e+00
4.206810e+03 4.40910715e+00
4.207270e+03 6.06256074e+00
4.207990e+03 9.68445513e+00
4.208700e+03 1.20919881e+01
4.209420e+03 9.68036163e+00
4.210130e+03 6.05852119e+00
4.210720e+03 4.05965040e+00
4.210900e+03 3.67355594e+00
4.211300e+03 2.81557919e+00
4.211890e+03 2.03451862e+00
4.212470e+03 1.52671523e+00
4.213640e+03 9.39834564e-01
4.214820e+03 6.32395804e-01
4.215990e+03 4.53371965e-01
4.217160e+03 3.40618398e-01
4.219500e+03 2.12460378e-01
4.221840e+03 1.45350448e-01
4.224180e+03 1.05983364e-01
4.224470e+03 1.02893998e-01
4.226530e+03 8.09894062e-02
4.228870e+03 6.41427800e-02
4.233550e+03 4.35650329e-02
4.238240e+03 3.19840780e-02
4.242920e+03 2.48500863e-02
4.247610e+03 2.01677265e-02
4.251610e+03 1.78163361e-02
4.256970e+03 1.47363538e-02
4.266340e+03 1.19837143e-02
4.278750e+03 1.06548822e-02
4.285080e+03 1.00986763e-02
4.303820e+03 1.12441026e-02
4.305890e+03 1.16576160e-02
4.313190e+03 1.33535860e-02
4.319460e+03 1.60012387e-02
4.322550e+03 1.74681084e-02
4.327240e+03 2.09784698e-02
4.331920e+03 2.61212050e-02
4.333030e+03 2.80448558e-02
4.336610e+03 3.47119383e-02
4.341290e+03 4.95541735e-02
4.343630e+03 6.15069834e-02
4.345980e+03 7.91768555e-02
4.346600e+03 8.65794842e-02
4.348320e+03 1.07521477e-01
4.350660e+03 1.56456861e-01
4.353000e+03 2.52512108e-01
4.353390e+03 2.81712117e-01
4.354170e+03 3.40410149e-01
4.355340e+03 4.85851921e-01
4.356510e+03 7.51757940e-01
4.357100e+03 9.75768076e-01
4.357690e+03 1.31514951e+00
4.358270e+03 1.86296481e+00
4.358860e+03 2.81196759e+00
4.359150e+03 3.55981179e+00
4.359440e+03 4.60813589e+00
4.359740e+03 6.09849686e+00
4.360030e+03 8.19657712e+00
4.360170e+03 9.62893416e+00
4.360510e+03 1.31077080e+01
4.361000e+03 1.63713721e+01
4.361490e+03 1.30948650e+01
4.361970e+03 8.19584839e+00
4.362510e+03 4.80553228e+00
4.363050e+03 3.02434940e+00
4.363560e+03 2.09917104e+00
4.363590e+03 2.04477003e+00
4.364130e+03 1.46603948e+00
4.364670e+03 1.10027759e+00
4.365210e+03 8.57142021e-01
4.366290e+03 5.65724198e-01
4.366960e+03 4.66442132e-01
4.367370e+03 4.06217459e-01
4.368440e+03 3.11327940e-01
4.370350e+03 2.22054961e-01
4.370600e+03 2.11009918e-01
4.372760e+03 1.68929601e-01
4.373740e+03 1.60371121e-01
4.374910e+03 1.57072333e-01
4.377070e+03 1.62928112e-01
4.377130e+03 1.63273994e-01
4.378830e+03 1.89862227e-01
4.379230e+03 2.01879907e-01
4.380530e+03 2.44070640e-01
4.382220e+03 3.50892713e-01
4.383070e+03 4.43232653e-01
4.383540e+03 5.21869355e-01
4.383920e+03 5.86071966e-01
4.384770e+03 8.19416133e-01
4.385610e+03 1.22769165e+00
4.386040e+03 1.55090409e+00
4.386460e+03 2.00615202e+00
4.386890e+03 2.65678603e+00
4.387310e+03 3.58169843e+00
4.387850e+03 5.22936770e+00
4.388010e+03 5.71769469e+00
4.388700e+03 7.14226937e+00
4.389400e+03 5.71371547e+00
4.390090e+03 3.57555158e+00
4.390670e+03 2.37575688e+00
4.391260e+03 1.63902367e+00
4.391840e+03 1.18140767e+00
4.392170e+03 1.01602103e+00
4.392430e+03 8.85829346e-01
4.393590e+03 5.47297279e-01
4.394760e+03 3.70927666e-01
4.395930e+03 2.68352668e-01
4.396480e+03 2.37918852e-01
4.397100e+03 2.03822977e-01
4.399430e+03 1.30434744e-01
4.401770e+03 9.15771226e-02
4.404110e+03 6.83328306e-02
4.405110e+03 6.18168589e-02
4.406440e+03 5.34507882e-02
4.408780e+03 4.33631487e-02
4.413450e+03 3.05320280e-02
4.413730e+03 3.00642459e-02
4.418120e+03 2.33382036e-02
4.422790e+03 1.86651260e-02
4.427460e+03 1.53569531e-02
4.430990e+03 1.36648423e-02
4.436810e+03 1.13113188e-02
4.446150e+03 8.96038344e-03
4.448240e+03 8.63159919e-03
4.464840e+03 6.52315390e-03
4.465490e+03 6.47440556e-03
4.483530e+03 5.57439980e-02
4.500000e+03 1.01088707e-01
4.502210e+03 1.01106896e-01
4.539590e+03 1.02018611e-01
4.576960e+03 1.03517041e-01
4.614330e+03 1.05954051e-01
4.633020e+03 1.08092752e-01
4.642370e+03 1.09778942e-01
4.651710e+03 1.12413786e-01
4.661050e+03 1.17317647e-01
4.665720e+03 1.21808837e-01
4.670400e+03 1.29563368e-01
4.675070e+03 1.45202138e-01
4.677400e+03 1.60038857e-01
4.679740e+03 1.85833326e-01
4.682080e+03 2.37007484e-01
4.683240e+03 2.84037694e-01
4.683830e+03 3.17847344e-01
4.684410e+03 3.62403684e-01
4.685000e+03 4.22743509e-01
4.685580e+03 5.07185865e-01
4.686160e+03 6.30209370e-01
4.686750e+03 8.18651981e-01
4.687330e+03 1.12612014e+00
4.687620e+03 1.35658648e+00
4.687920e+03 1.66936220e+00
4.688210e+03 2.10430695e+00
4.688500e+03 2.72360061e+00
4.688790e+03 3.62057451e+00
4.689080e+03 4.90894877e+00
4.689540e+03 7.78569050e+00
4.690000e+03 9.70187277e+00
4.690460e+03 7.78399503e+00
4.690920e+03 4.90743274e+00
4.691300e+03 3.29668576e+00
4.691690e+03 2.30703351e+00
4.692070e+03 1.69054676e+00
4.692450e+03 1.29154721e+00
4.693220e+03 8.33747304e-01
4.693980e+03 5.95357168e-01
4.694750e+03 4.56966518e-01
4.695520e+03 3.70205292e-01
4.697050e+03 2.71928510e-01
4.698580e+03 2.20697560e-01
4.700110e+03 1.90814015e-01
4.703180e+03 1.59310226e-01
4.706240e+03 1.44128830e-01
4.709310e+03 1.35872822e-01
4.715440e+03 1.28186615e-01
4.721570e+03 1.25568726e-01
4.727700e+03 1.25278376e-01
4.739950e+03 1.28863621e-01
4.752210e+03 1.38428733e-01
4.758340e+03 1.47271616e-01
4.764470e+03 1.61818258e-01
4.766010e+03 1.66959308e-01
4.767540e+03 1.72989733e-01
4.769070e+03 1.80148704e-01
4.770600e+03 1.88739797e-01
4.772140e+03 1.99206828e-01
4.773670e+03 2.12146547e-01
4.775200e+03 2.28447168e-01
4.776730e+03 2.49423531e-01
4.778260e+03 2.77117706e-01
4.779800e+03 3.14724461e-01
4.781330e+03 3.67688224e-01
4.782860e+03 4.45394600e-01
4.784390e+03 5.65493008e-01
4.785930e+03 7.62197836e-01
4.786690e+03 9.08909111e-01
4.787460e+03 1.10518242e+00
4.788220e+03 1.36959105e+00
4.788990e+03 1.72278354e+00
4.790500e+03 2.67284016e+00
4.792000e+03 3.30623387e+00
4.793510e+03 2.67523091e+00
4.795010e+03 1.72968729e+00
4.796380e+03 1.16775031e+00
4.797740e+03 8.37067039e-01
4.799110e+03 6.39495611e-01
4.800470e+03 5.16354460e-01
4.803200e+03 3.82207990e-01
4.805930e+03 3.19008643e-01
4.811390e+03 2.75766818e-01
4.816850e+03 2.83533299e-01
4.822300e+03 3.29976452e-01
4.827760e+03 4.34903090e-01
4.830490e+03 5.27403017e-01
4.833220e+03 6.67427082e-01
4.835950e+03 8.84091657e-01
4.838680e+03 1.21901208e+00
4.842340e+03 1.87523478e+00
4.846000e+03 2.31087069e+00
4.849660e+03 1.86947698e+00
4.853320e+03 1.21088729e+00
4.855610e+03 9.19302320e-01
4.857900e+03 7.15970422e-01
4.862490e+03 4.75182964e-01
4.867070e+03 3.50075307e-01
4.871660e+03 2.78879113e-01
4.876240e+03 2.35080528e-01
4.880820e+03 2.06442499e-01
4.889990e+03 1.72797879e-01
4.899160e+03 1.54787732e-01
4.908330e+03 1.44270779e-01
4.926660e+03 1.33839790e-01
4.945000e+03 1.30344840e-01
4.963330e+03 1.31055288e-01
4.981670e+03 1.36298801e-01
5.000000e+03 1.50073480e-01
5.012370e+03 1.71160821e-01
5.018550e+03 1.89958637e-01
5.024730e+03 2.19941371e-01
5.027820e+03 2.42012172e-01
5.030910e+03 2.71590648e-01
5.034000e+03 3.12351250e-01
5.037100e+03 3.70358576e-01
5.040190e+03 4.56045150e-01
5.043280e+03 5.87714434e-01
5.046370e+03 7.97613127e-01
5.049460e+03 1.13525398e+00
5.053230e+03 1.74756595e+00
5.057000e+03 2.15425860e+00
5.060770e+03 1.74440588e+00
5.064540e+03 1.13217706e+00
5.067800e+03 7.80998450e-01
5.071060e+03 5.68408633e-01
5.074320e+03 4.37955248e-01
5.077580e+03 3.54505011e-01
5.084090e+03 2.59808840e-01
5.090610e+03 2.11050518e-01
5.097130e+03 1.82982980e-01
5.103650e+03 1.65466078e-01
5.116680e+03 1.45772487e-01
5.129720e+03 1.35634203e-01
5.142750e+03 1.29811100e-01
5.168820e+03 1.23897989e-01
5.194890e+03 1.21323838e-01
5.220960e+03 1.20202435e-01
5.273100e+03 1.19973017e-01
5.325240e+03 1.21317737e-01
5.351310e+03 1.22603138e-01
5.377380e+03 1.24556809e-01
5.403450e+03 1.27791971e-01
5.416490e+03 1.30383782e-01
5.429520e+03 1.34338647e-01
5.442560e+03 1.41256707e-01
5.449070e+03 1.47176418e-01
5.455590e+03 1.56777180e-01
5.462110e+03 1.74720476e-01
5.465370e+03 1.90685890e-01
5.468630e+03 2.16883602e-01
5.471880e+03 2.65002948e-01
5.473510e+03 3.06026004e-01
5.475140e+03 3.69322360e-01
5.476770e+03 4.74195754e-01
5.478400e+03 6.64083787e-01
5.479220e+03 8.20318579e-01
5.480030e+03 1.04825105e+00
5.480850e+03 1.38944111e+00
5.481660e+03 1.89865605e+00
5.482830e+03 2.95168653e+00
5.484000e+03 3.65310492e+00
5.485170e+03 2.95172512e+00
5.486340e+03 1.90029702e+00
5.487480e+03 1.23825806e+00
5.488630e+03 8.62990946e-01
5.489770e+03 6.44858200e-01
5.490910e+03 5.11050360e-01
5.493200e+03 3.65648029e-01
5.495480e+03 2.94570660e-01
5.497770e+03 2.55724648e-01
5.500050e+03 2.33055024e-01
5.504620e+03 2.11336046e-01
5.509190e+03 2.05199282e-01
5.513760e+03 2.07664829e-01
5.522910e+03 2.33015657e-01
5.527480e+03 2.58551945e-01
5.532050e+03 2.98394700e-01
5.536620e+03 3.62823693e-01
5.541190e+03 4.74587336e-01
5.545760e+03 6.91628759e-01
5.548040e+03 8.85158218e-01
5.550330e+03 1.19650891e+00
5.552620e+03 1.74168657e+00
5.554900e+03 2.81303550e+00
5.556040e+03 3.77070749e+00
5.557190e+03 5.28693550e+00
5.558330e+03 7.80669843e+00
5.559470e+03 1.20613644e+01
5.560100e+03 1.54115082e+01
5.560740e+03 1.92367659e+01
5.562000e+03 2.40240725e+01
5.563270e+03 1.92303581e+01
5.564530e+03 1.20541336e+01
5.565640e+03 7.89465868e+00
5.566750e+03 5.39732379e+00
5.567860e+03 3.87258379e+00
5.568960e+03 2.90209504e+00
5.571180e+03 1.80510104e+00
5.573400e+03 1.24210535e+00
5.575620e+03 9.18525481e-01
5.577830e+03 7.16528236e-01
5.582270e+03 4.88879158e-01
5.586700e+03 3.70608143e-01
5.591130e+03 3.01561462e-01
5.595570e+03 2.57804531e-01
5.600000e+03 2.30634477e-01
7.250000e+03 2.51148782e-01
7.500000e+03 2.46966467e-01
9.000000e+03 2.24387657e-01
1.000000e+04 2.12462651e-01
1.750000e+04 1.65677313e-01
2.500000e+04 1.38711386e-01
3.750000e+04 1.07915795e-01
5.000000e+04 8.42694486e-02
7.000000e+04 7.10242613e-02
1.000000e+05 5.75028031e-02
1.261320e+05 5.33361340e-02
2.000000e+05 4.53674799e-02
3.000000e+05 3.90313164e-02
3.233590e+05 3.78747581e-02
3.233600e+05 3.78746695e-02
3.233640e+05 3.78744353e-02
3.616820e+05 3.56078746e-02
3.955500e+05 3.37547287e-02
4.000000e+05 3.35478119e-02
4.942300e+05 3.05606308e-02
5.000000e+05 3.02651966e-02
5.187700e+05 2.94248146e-02
5.187750e+05 2.94247099e-02
5.824920e+05 2.78567861e-02
5.825000e+05 2.78549461e-02
5.825010e+05 2.78547762e-02
6.000000e+05 2.41591471e-02
7.000000e+05 2.12288828e-02
7.500000e+05 2.01231054e-02
8.000000e+05 1.90710044e-02
8.847470e+05 1.80471493e-02
8.847600e+05 1.80468286e-02
9.000000e+05 1.77035421e-02
9.230400e+05 1.74208852e-02
9.230430e+05 1.74208669e-02
9.784200e+05 1.67179361e-02
1.000000e+06 1.65061988e-02
1.043530e+06 1.62175794e-02
1.043550e+06 1.62174450e-02
1.043700e+06 1.62163465e-02
1.122900e+06 1.56481252e-02
1.122980e+06 1.56475874e-02
1.123100e+06 1.56464977e-02
1.123150e+06 1.56459902e-02
1.125100e+06 1.56265946e-02
1.150580e+06 1.53635767e-02
1.150600e+06 1.53633573e-02
1.200000e+06 1.48747348e-02
1.250000e+06 1.44448008e-02
1.300000e+06 1.40446858e-02
1.356140e+06 1.36714038e-02
1.356160e+06 1.36711772e-02
1.356300e+06 1.36694709e-02
1.414800e+06 1.30204461e-02
1.414840e+06 1.30199871e-02
1.496900e+06 1.20747700e-02
1.500000e+06 1.20192072e-02
1.509300e+06 1.19020897e-02
1.509750e+06 1.18964131e-02
1.514900e+06 1.17930727e-02
1.514940e+06 1.17925599e-02
1.548200e+06 1.13705607e-02
1.548210e+06 1.13704229e-02
1.548230e+06 1.13702975e-02
1.748900e+06 1.02476828e-02
1.748930e+06 1.02475698e-02
1.750000e+06 1.02425570e-02
1.790600e+06 1.00563245e-02
1.790630e+06 1.00561514e-02
1.800000e+06 1.00062671e-02
1.919250e+06 9.38069126e-03
1.919280e+06 9.38058058e-03
1.952330e+06 9.24017279e-03
1.952360e+06 9.24000200e-03
2.000000e+06 8.99030624e-03
2.001230e+06 8.98402515e-03
2.001270e+06 8.98155340e-03
2.001940e+06 8.93474183e-03
2.001980e+06 8.93443397e-03
2.036950e+06 8.64190193e-03
2.036980e+06 8.64173114e-03
2.053380e+06 8.54748439e-03
2.053420e+06 8.54729674e-03
2.062500e+06 8.49549942e-03
2.075100e+06 8.43266079e-03
2.075130e+06 8.43257163e-03
2.230130e+06 7.99133018e-03
2.230170e+06 7.99122532e-03
2.251740e+06 7.93251610e-03
2.251780e+06 7.93239321e-03
2.252450e+06 7.93020559e-03
2.283910e+06 7.83421470e-03
2.283940e+06 7.83411953e-03
2.353410e+06 7.62788426e-03
2.353450e+06 7.62777940e-03
2.387700e+06 7.52883412e-03
2.387740e+06 7.52872325e-03
2.458720e+06 7.32906808e-03
2.458760e+06 7.32895120e-03
2.464200e+06 7.31394539e-03
2.464240e+06 7.31382851e-03
2.465520e+06 7.31030480e-03
2.465560e+06 7.31019394e-03
2.500000e+06 7.22551082e-03
3.000000e+06 6.13818784e-03
3.500000e+06 5.13116638e-03
4.000000e+06 4.11125980e-03
4.446840e+06 3.29928623e-03
4.447450e+06 3.29830203e-03
4.500000e+06 3.21522852e-03
4.548110e+06 3.14496613e-03
5.000000e+06 2.56466932e-03
5.336000e+06 2.21330978e-03
5.500000e+06 2.04809110e-03
5.723000e+06 1.83309832e-03
6.000000e+06 1.57286493e-03
6.500000e+06 1.23718819e-03
6.703690e+06 1.10867306e-03
7.000000e+06 9.65163910e-04
7.500000e+06 7.81964769e-04
7.979200e+06 6.18762238e-04
8.000000e+06 6.11678668e-04
8.445660e+06 5.16206810e-04
8.485280e+06 5.08700574e-04
8.723000e+06 4.74470724e-04
9.000000e+06 4.39146879e-04
9.009720e+06 4.38318619e-04
9.240210e+06 4.19527090e-04
9.437700e+06 4.09009028e-04
9.437740e+06 4.09007442e-04
9.486830e+06 4.06814060e-04
9.740040e+06 4.02591929e-04
9.800000e+06 4.03298595e-04
1.000000e+07 4.06667858e-04
1.024110e+07 4.26384242e-04
1.045910e+07 4.50230860e-04
1.046060e+07 4.50394574e-04
1.048810e+07 4.53422447e-04
1.056070e+07 4.63410441e-04
1.074100e+07 4.88581910e-04
1.100000e+07 5.32929376e-04
1.141800e+07 6.17612673e-04
1.148910e+07 6.32539569e-04
1.200000e+07 7.63409395e-04
1.300000e+07 8.60611500e-04
1.344500e+07 8.65533773e-04
1.400000e+07 8.75410982e-04
1.450000e+07 8.43312553e-04
1.479390e+07 8.24532418e-04
1.500000e+07 8.11654715e-04
1.600000e+07 7.51576590e-04
1.700000e+07 7.03178965e-04
1.720000e+07 6.95298473e-04
1.720020e+07 6.95291170e-04
1.800000e+07 6.66450596e-04
1.900000e+07 6.54649814e-04
